l.gameId,l.timestamp,w.WinnerTotal,l.LoserTotal,GoldDifference
2756265176,159,2500,2500,0
2756265176,60187,500,0,500
2756265176,120216,322,1115,-793
2756265176,180245,2984,1762,1222
2756265176,240275,2186,2981,-795
2756265176,300304,3997,4715,-718
2756265176,360326,3166,4642,-1476
2756265176,420354,1920,2988,-1068
2756265176,480384,4032,3547,485
2756265176,540412,5315,4251,1064
2756265176,600424,2874,2043,831
2756265176,660439,2532,4870,-2338
2756265176,720443,5808,2797,3011
2756265176,780476,2606,2903,-297
2756265176,840493,3112,9757,-6645
2756265176,900513,4983,10607,-5624
2756265176,960522,9483,2035,7448
2756265176,1020529,4174,4657,-483
2756265176,1080555,7314,7259,55
2756265176,1140560,2717,9166,-6449
2756265176,1200581,5150,8372,-3222
2756265176,1260610,4156,6944,-2788
2756265176,1320641,7593,5510,2083
2756265176,1380669,3004,4427,-1423
2756265176,1440680,3882,7471,-3589
2756265176,1500682,6217,7185,-968
2756265176,1560687,9693,1016,8677
2756265176,1620696,10147,3806,6341
2756265176,1680716,6525,7451,-926
2756265176,1740741,10647,5136,5511
2756265176,1800753,9516,9111,405
2756265176,1860754,10770,8462,2308
2756265176,1920755,13707,6783,6924
2756265176,1980755,13266,3272,9994
2757139247,154,2500,2500,0
2757139247,60183,821,583,238
2757139247,120213,396,1594,-1198
2757139247,180243,1864,3750,-1886
2757139247,240273,1592,4904,-3312
2757139247,300303,4361,3613,748
2757139247,360334,3309,4406,-1097
2757139247,420365,2292,6174,-3882
2757139247,480395,3211,1898,1313
2757139247,540401,3385,4379,-994
2757139247,600404,3858,2512,1346
2757139247,660437,2175,2798,-623
2757139247,720469,9273,2217,7056
2757139247,780500,5552,1990,3562
2757139247,840502,5450,3007,2443
2757139247,900532,5208,2765,2443
2757139247,960533,5578,2364,3214
2757139247,1020533,6247,3959,2288
2757164302,160,2500,2500,0
2757164302,60189,0,0,0
2757164302,120193,529,112,417
2757164302,180223,1359,1065,294
2757164302,240253,3019,3565,-546
2757164302,300283,6266,6577,-311
2757164302,360313,4300,5025,-725
2757164302,420342,4129,6439,-2310
2757164302,480344,2670,2535,135
2757164302,540348,5405,4959,446
2757164302,600352,4740,3625,1115
2757164302,660355,4785,4378,407
2757164302,720385,8807,2333,6474
2757164302,780391,6653,3776,2877
2757164302,840395,2230,3249,-1019
2757164302,900398,5398,6305,-907
2757164302,960406,5933,9637,-3704
2757164302,1020422,6783,2103,4680
2757164302,1080447,3454,5396,-1942
2757164302,1140476,4264,8054,-3790
2757164302,1200476,4150,3626,524
2757164302,1260491,5354,5486,-132
2757164302,1320521,3656,6542,-2886
2757164302,1380542,7849,4976,2873
2757164302,1440564,4963,7250,-2287
2757164302,1500574,10450,6025,4425
2757164302,1560585,8239,7855,384
2757164302,1620596,11215,6085,5130
2757164302,1680617,18108,7036,11072
2757164302,1740617,15866,-374,16240
2757334493,157,2500,2500,0
2757334493,60186,0,500,-500
2757334493,120216,1154,805,349
2757334493,180246,2868,1837,1031
2757334493,240276,6338,2798,3540
2757334493,300306,3064,3790,-726
2757334493,360337,1838,4836,-2998
2757334493,420365,2631,6193,-3562
2757334493,480395,5967,2405,3562
2757334493,540425,6932,2842,4090
2757334493,600455,1686,4198,-2512
2757334493,660485,5337,6624,-1287
2757334493,720515,4228,2810,1418
2757334493,780545,8455,3519,4936
2757334493,840577,3991,5293,-1302
2757334493,900579,3883,7324,-3441
2757334493,960591,6140,1868,4272
2757334493,1020621,7091,3812,3279
2757334493,1080651,3063,5334,-2271
2757334493,1140677,7587,4991,2596
2757334493,1200677,7591,1572,6019
2757344038,150,2500,2500,0
2757344038,60179,15,0,15
2757344038,120185,253,1197,-944
2757344038,180214,2496,2434,62
2757344038,240244,2470,2353,117
2757344038,300273,2966,1889,1077
2757344038,360305,4891,2600,2291
2757344038,420334,4557,2519,2038
2757344038,480364,2782,2161,621
2757344038,540393,7341,2250,5091
2757344038,600423,3773,2038,1735
2757344038,660454,2223,4507,-2284
2757344038,720486,6570,3383,3187
2757344038,780498,8114,2162,5952
2757344038,840527,3862,5953,-2091
2757344038,900557,5077,3095,1982
2757344038,960567,8398,5356,3042
2757344038,1020573,3046,4469,-1423
2757344038,1080590,6269,3245,3024
2757344038,1140600,4526,1987,2539
2757344038,1200630,4741,2963,1778
2757344038,1260661,5957,5867,90
2757344038,1320661,4139,6790,-2651
2757344038,1380682,8953,4611,4342
2757344038,1440691,3938,4748,-810
2757344038,1500712,6335,8337,-2002
2757344038,1560745,5513,3294,2219
2757344038,1620758,7612,6097,1515
2757344038,1680783,6944,7112,-168
2757344038,1740813,8500,5257,3243
2757344038,1800813,11247,6592,4655
2757414373,162,2500,2500,0
2757414373,60192,460,1,459
2757414373,120225,1859,441,1418
2757414373,180257,4589,2138,2451
2757414373,240289,2944,3709,-765
2757414373,300290,3010,4127,-1117
2757414373,360291,2501,2258,243
2757414373,420304,8133,3290,4843
2757414373,480335,1986,1621,365
2757414373,540354,6525,2971,3554
2757414373,600387,7420,4353,3067
2757414373,660398,1861,3534,-1673
2757414373,720423,7744,4260,3484
2757417224,159,2500,2500,0
2757417224,60168,0,0,0
2757417224,120198,270,108,162
2757417224,180200,1493,2538,-1045
2757417224,240232,1565,2626,-1061
2757417224,300256,4596,2439,2157
2757417224,360269,1001,3227,-2226
2757417224,420299,2961,3622,-661
2757417224,480315,9039,2740,6299
2757417224,540324,1466,4938,-3472
2757417224,600357,8585,1546,7039
2757417224,660377,4661,3789,872
2757417224,720393,7680,1929,5751
2757417224,780417,8191,2531,5660
2757417224,840444,11999,2291,9708
2757417224,900464,7481,2092,5389
2757417224,960468,3128,2383,745
2757417224,1020481,4405,2820,1585
2757417224,1080502,4762,1189,3573
2757417224,1140533,4224,3812,412
2757417224,1200547,7407,3402,4005
2757417224,1260547,9388,1356,8032
2757609008,168,2500,2500,0
2757609008,60196,330,1,329
2757609008,120205,1121,394,727
2757609008,180206,2309,2140,169
2757609008,240213,3527,4164,-637
2757609008,300217,4787,3974,813
2757609008,360233,5499,2707,2792
2757609008,420262,5863,3351,2512
2757609008,480269,1671,1701,-30
2757609008,540289,3672,1860,1812
2757609008,600330,6091,5353,738
2757609008,660351,5794,4880,914
2757609008,720383,3902,2552,1350
2757609008,780397,6188,6121,67
2757609008,840401,2969,2768,201
2757609008,900405,3688,2643,1045
2757609008,960406,7657,4636,3021
2757609008,1020430,11551,3726,7825
2757609008,1080432,13111,4505,8606
2757609008,1140433,2405,2520,-115
2757609008,1200465,5168,3697,1471
2757609008,1260465,7896,3078,4818
2757642400,670,2500,2500,0
2757642400,60702,50,0,50
2757642400,120721,1452,895,557
2757642400,180753,4133,2211,1922
2757642400,240782,1588,1437,151
2757642400,300812,4202,2370,1832
2757642400,360839,6439,2176,4263
2757642400,420845,1934,2927,-993
2757642400,480845,5430,1702,3728
2757642400,540852,4609,3311,1298
2757642400,600859,3059,3103,-44
2757642400,660879,1823,2525,-702
2757642400,720900,6809,847,5962
2757642400,780922,6780,3100,3680
2757642400,840928,6030,4425,1605
2757642400,900942,9791,562,9229
2757642400,960969,6343,2261,4082
2757642400,1021000,7676,2430,5246
2757642400,1081009,8532,3998,4534
2757642400,1141021,6418,3791,2627
2757642400,1201047,10632,2525,8107
2757642400,1261066,9183,2924,6259
2757642400,1321090,12751,5927,6824
2757642400,1381112,10927,2820,8107
2757642400,1441125,9272,5568,3704
2757642400,1501126,9375,8199,1176
2757642400,1561127,7549,8898,-1349
2757642400,1621137,6364,7365,-1001
2757642400,1681138,11800,7666,4134
2757642400,1741138,-1971,6371,-8342
2758041096,153,2500,2500,0
2758041096,60182,0,515,-515
2758041096,120210,449,950,-501
2758041096,180239,3268,2288,980
2758041096,240268,3169,1121,2048
2758041096,300298,3175,4637,-1462
2758041096,360327,3668,3760,-92
2758041096,420356,3580,5448,-1868
2758041096,480361,3441,5758,-2317
2758041096,540391,4202,8066,-3864
2758041096,600393,2409,2488,-79
2758041096,660425,3243,6036,-2793
2758041096,720453,3825,6735,-2910
2758041096,780456,4994,3645,1349
2758041096,840487,3479,6166,-2687
2758041096,900519,5442,10064,-4622
2758041096,960528,4459,10453,-5994
2758041096,1020555,5297,2828,2469
2758041096,1080571,5995,3104,2891
2758041096,1140572,11356,3159,8197
2758041096,1200576,8983,5574,3409
2758041096,1260591,2061,6289,-4228
2758041096,1320609,5313,1313,4000
2758041096,1380609,6596,4781,1815
2758041096,1440621,9448,4257,5191
2758738837,153,2500,2500,0
2758738837,60183,0,0,0
2758738837,120213,453,174,279
2758738837,180243,1252,3790,-2538
2758738837,240275,2138,3504,-1366
2758738837,300305,1817,2334,-517
2758738837,360308,2041,4364,-2323
2758738837,420314,1885,3639,-1754
2758738837,480314,2993,4703,-1710
2758738837,540316,2718,8885,-6167
2758738837,600323,2754,3634,-880
2758738837,660325,3916,2617,1299
2758738837,720330,2576,4242,-1666
2758738837,780359,3516,4826,-1310
2758738837,840386,2908,5367,-2459
2758738837,900406,6180,2602,3578
2758738837,960432,4695,3022,1673
2758738837,1020453,3784,4521,-737
2758738837,1080469,8515,3814,4701
2758738837,1140490,4286,3664,622
2758738837,1200512,5484,7027,-1543
2758738837,1260512,4724,3945,779
2759000499,157,2500,2500,0
2759000499,60188,26,620,-594
2759000499,120218,239,985,-746
2759000499,180247,3469,2372,1097
2759000499,240250,4404,3819,585
2759000499,300279,4612,2069,2543
2759000499,360311,4865,3328,1537
2759000499,420340,5377,1265,4112
2759000499,480370,6626,2857,3769
2759000499,540401,7052,2905,4147
2759000499,600404,5188,2315,2873
2759000499,660405,4920,2787,2133
2759000499,720422,5178,3312,1866
2759000499,780454,2702,3967,-1265
2759000499,840482,9962,1541,8421
2759000499,900507,8428,1809,6619
2759000499,960529,4429,3990,439
2759000499,1020555,9110,1611,7499
2759024018,152,2500,2500,0
2759024018,60181,0,0,0
2759024018,120210,2388,304,2084
2759024018,180239,1688,2695,-1007
2759024018,240269,3394,4147,-753
2759024018,300298,8133,2591,5542
2759024018,360328,3301,3064,237
2759024018,420331,4452,2038,2414
2759024018,480361,7902,1414,6488
2759024018,540390,3553,3184,369
2759024018,600394,3089,4341,-1252
2759024018,660402,6406,3987,2419
2759024018,720411,7483,1290,6193
2759024018,780444,13818,3758,10060
2759024018,840455,6150,2537,3613
2759024018,900456,5804,1730,4074
2759024018,960488,4472,2499,1973
2759024018,1020517,3992,2874,1118
2759024018,1080549,6090,3333,2757
2759024018,1140564,3770,4404,-634
2759024018,1200564,5611,2759,2852
2759024018,1260597,7535,5059,2476
2759024018,1320599,5512,3298,2214
2759024018,1380628,8208,3526,4682
2759024018,1440633,3543,4348,-805
2759024018,1500641,8945,3282,5663
2759024018,1560656,11238,7249,3989
2759024018,1620656,7874,3942,3932
2759132098,154,2500,2500,0
2759132098,60184,583,801,-218
2759132098,120215,1441,2201,-760
2759132098,180246,4549,2594,1955
2759132098,240276,3027,3672,-645
2759132098,300307,5097,3077,2020
2759132098,360340,4160,2682,1478
2759132098,420369,8140,1916,6224
2759132098,480399,3172,3290,-118
2759132098,540426,6965,3252,3713
2759132098,600456,7212,4347,2865
2759132098,660485,2787,2878,-91
2759132098,720516,5814,6130,-316
2759132098,780519,4542,4335,207
2759132098,840547,2896,4535,-1639
2759132098,900553,4911,5757,-846
2759132098,960569,4198,6896,-2698
2759132098,1020596,7605,2817,4788
2759132098,1080615,10474,5290,5184
2759132098,1140615,11559,3876,7683
2759257697,55,7000,7000,0
2759257697,60084,60,425,-365
2759257697,120114,2463,2029,434
2759257697,180144,5183,3489,1694
2759257697,240174,3077,6020,-2943
2759257697,300190,5687,2011,3676
2759257697,360191,5730,3736,1994
2759257697,420204,5869,5807,62
2759257697,480227,2037,5663,-3626
2759257697,540256,4540,4671,-131
2759257697,600260,4183,5029,-846
2759257697,660262,7662,6898,764
2759257697,720276,4285,5975,-1690
2759257697,780280,7423,2874,4549
2759257697,840299,4761,4879,-118
2759257697,900318,8118,3549,4569
2759257697,960318,9537,2236,7301
2760780298,60,7000,7000,0
2760780298,60090,260,110,150
2760780298,120119,2679,2139,540
2760780298,180153,5417,3443,1974
2760780298,240157,6831,4521,2310
2760780298,300184,6160,6708,-548
2760780298,360213,3862,2780,1082
2760780298,420215,6298,3074,3224
2760780298,480244,6233,1886,4347
2760780298,540259,2053,1582,471
2760780298,600273,1766,3998,-2232
2760780298,660300,5404,5194,210
2760780298,720319,5487,3335,2152
2760780298,780332,4006,4186,-180
2760780298,840346,3210,5730,-2520
2760780298,900351,5611,4174,1437
2760780298,960380,4080,3132,948
2760780298,1020388,5084,5772,-688
2760780298,1080400,2361,3941,-1580
2760780298,1140423,2319,5725,-3406
2760780298,1200444,6006,2754,3252
2760780298,1260452,2217,3692,-1475
2760780298,1320463,2801,5687,-2886
2760780298,1380465,4975,5056,-81
2760780298,1440465,4824,3193,1631
2760805828,48,7000,7000,0
2760805828,60077,550,430,120
2760805828,120106,3035,2516,519
2760805828,180134,3564,4336,-772
2760805828,240164,3188,7262,-4074
2760805828,300194,5526,5808,-282
2760805828,360224,2548,5209,-2661
2760805828,420252,2976,7815,-4839
2760805828,480280,2330,12205,-9875
2760805828,540310,7368,2742,4626
2760805828,600314,9869,5285,4584
2760805828,660343,6635,3796,2839
2760805828,720345,1970,7567,-5597
2760805828,780358,4513,6699,-2186
2760805828,840380,6214,2921,3293
2760805828,900399,4021,6275,-2254
2760805828,960404,4435,3469,966
2760805828,1020408,2849,6696,-3847
2760805828,1080408,6295,6900,-605
2760983874,46,7000,7000,0
2760983874,60077,250,250,0
2760983874,120107,2407,2447,-40
2760983874,180136,4858,3441,1417
2760983874,240140,4744,5469,-725
2760983874,300169,5810,3844,1966
2760983874,360199,7366,3362,4004
2760983874,420227,3516,3341,175
2760983874,480260,4293,3482,811
2760983874,540289,2588,5563,-2975
2760983874,600322,6491,2542,3949
2760983874,660351,3819,3937,-118
2760983874,720381,3651,4320,-669
2760983874,780411,2033,5858,-3825
2760983874,840441,3860,4458,-598
2760983874,900464,6558,6839,-281
2760983874,960465,6068,4333,1735
2760983874,1020467,2821,4045,-1224
2760983874,1080492,6387,4001,2386
2760983874,1140492,8150,4461,3689
2761203040,48,7000,7000,0
2761203040,60077,496,651,-155
2761203040,120109,1247,3288,-2041
2761203040,180119,3830,1617,2213
2761203040,240133,5110,4236,874
2761203040,300151,5713,2306,3407
2761203040,360181,8616,2517,6099
2761203040,420185,6402,4030,2372
2761203040,480191,3251,4076,-825
2761203040,540200,4768,4912,-144
2761203040,600228,2792,3774,-982
2761203040,660253,3599,5159,-1560
2761203040,720267,5991,5534,457
2761203040,780284,3045,3337,-292
2761203040,840294,3049,3741,-692
2761203040,900310,4902,5034,-132
2761203040,960311,3618,6904,-3286
2761203040,1020316,2980,8870,-5890
2761203040,1080320,3583,9227,-5644
2761203040,1140327,7026,3520,3506
2761203040,1200347,8434,4804,3630
2761203040,1260358,6667,3697,2970
2761203040,1320386,11156,3191,7965
2761203040,1380386,13068,5550,7518
2761508815,39,7000,7000,0
2761508815,60069,375,180,195
2761508815,120099,2891,2375,516
2761508815,180129,5762,3649,2113
2761508815,240158,5403,6389,-986
2761508815,300191,8277,7367,910
2761508815,360221,10446,7808,2638
2761508815,420250,8597,1837,6760
2761508815,480279,1993,5174,-3181
2761508815,540309,2725,4480,-1755
2761508815,600339,4956,5417,-461
2761508815,660369,8663,4829,3834
2761508815,720399,2047,6555,-4508
2761508815,780430,4496,4443,53
2761508815,840431,6544,3560,2984
2761508815,900459,7130,5969,1161
2761508815,960489,4720,3015,1705
2761508815,1020520,882,5925,-5043
2761508815,1080550,3170,5413,-2243
2761508815,1140580,5859,5317,542
2761508815,1200580,9510,4338,5172
2761535163,41,7000,7000,0
2761535163,60070,10,210,-200
2761535163,120100,2348,2695,-347
2761535163,180129,3262,2085,1177
2761535163,240158,5411,3466,1945
2761535163,300187,7019,5072,1947
2761535163,360215,6438,3766,2672
2761535163,420244,8787,5920,2867
2761535163,480272,3952,7306,-3354
2761535163,540278,5560,2961,2599
2761535163,600307,7259,5724,1535
2761535163,660338,6967,4058,2909
2761535163,720367,9349,6263,3086
2761535163,780370,12919,3419,9500
2761535163,840376,3602,5080,-1478
2761535163,900407,2460,7569,-5109
2761535163,960437,4810,2975,1835
2761535163,1020451,6787,3350,3437
2761535163,1080475,1875,6254,-4379
2761535163,1140507,4146,8526,-4380
2761535163,1200531,6483,9619,-3136
2761535163,1260531,8709,7612,1097
2761551580,44,7000,7000,0
2761551580,60074,211,475,-264
2761551580,120103,2344,2745,-401
2761551580,180132,4896,4221,675
2761551580,240161,6224,6875,-651
2761551580,300191,9223,3637,5586
2761551580,360219,4234,7207,-2973
2761551580,420223,4827,5280,-453
2761551580,480253,5000,6361,-1361
2761551580,540283,1676,3451,-1775
2761551580,600312,5041,4461,580
2761551580,660340,4569,3090,1479
2761551580,720344,5804,720,5084
2761551580,780348,6701,3503,3198
2761551580,840378,1918,3740,-1822
2761551580,900409,4372,3075,1297
2761551580,960415,3208,1367,1841
2761551580,1020430,3027,4006,-979
2761551580,1080448,3287,5364,-2077
2761551580,1140477,4728,7146,-2418
2761551580,1200477,6183,5476,707
2761551580,1260503,2905,3938,-1033
2761551580,1320522,8213,4852,3361
2761551580,1380522,8606,5512,3094
2761581064,52,7000,7000,0
2761581064,60082,1140,164,976
2761581064,120112,2438,2279,159
2761581064,180129,2587,4325,-1738
2761581064,240159,4587,5823,-1236
2761581064,300190,7573,4727,2846
2761581064,360220,3407,1593,1814
2761581064,420249,5060,4075,985
2761581064,480278,4671,5172,-501
2761581064,540281,2988,1353,1635
2761581064,600286,5060,3716,1344
2761581064,660295,8182,2230,5952
2761581064,720303,1823,2205,-382
2761581064,780334,2887,4118,-1231
2761581064,840365,5497,4460,1037
2761581064,900398,2105,2529,-424
2761581064,960411,3782,2560,1222
2761581064,1020441,6894,5228,1666
2761581064,1080468,6881,2664,4217
2761581064,1140483,8490,3909,4581
2761581064,1200484,3302,5377,-2075
2761581064,1260499,3503,4582,-1079
2761581064,1320532,7223,3093,4130
2761581064,1380540,5473,4280,1193
2761581064,1440561,7971,6474,1497
2761581064,1500579,10325,3776,6549
2761581064,1560603,7331,5023,2308
2761581064,1620618,5444,7542,-2098
2761581064,1680634,5464,6233,-769
2761581064,1740634,2149,2480,-331
2762065106,161,2500,2500,0
2762065106,60191,66,570,-504
2762065106,120219,500,688,-188
2762065106,180248,1602,2593,-991
2762065106,240277,2971,3749,-778
2762065106,300278,3586,2659,927
2762065106,360284,3406,4083,-677
2762065106,420317,3886,3868,18
2762065106,480320,2407,1938,469
2762065106,540327,1934,2576,-642
2762065106,600335,3630,2915,715
2762065106,660355,5455,4014,1441
2762065106,720357,3526,4702,-1176
2762065106,780386,3996,3004,992
2762065106,840417,6194,3587,2607
2762065106,900445,3426,4405,-979
2762065106,960461,4676,4367,309
2762065106,1020479,3462,6066,-2604
2762065106,1080487,2643,3289,-646
2762065106,1140489,3840,3711,129
2762065106,1200489,5769,3829,1940
2762065106,1260503,5018,3606,1412
2762065106,1320504,1989,4010,-2021
2762065106,1380515,2820,4458,-1638
2762065106,1440525,5141,5064,77
2762065106,1500525,6792,4717,2075
2762076235,164,2500,2500,0
2762076235,60192,25,0,25
2762076235,120222,501,433,68
2762076235,180250,2056,1841,215
2762076235,240275,2590,3097,-507
2762076235,300296,4765,3345,1420
2762076235,360324,811,1337,-526
2762076235,420339,2518,2592,-74
2762076235,480348,3536,2877,659
2762076235,540350,4384,2122,2262
2762076235,600352,6484,2985,3499
2762076235,660382,3731,1240,2491
2762076235,720397,2053,3310,-1257
2762076235,780413,2983,1531,1452
2762076235,840431,4604,1938,2666
2762076235,900449,2436,2763,-327
2762076235,960452,4191,3495,696
2762076235,1020453,1618,2534,-916
2762076235,1080475,1970,3108,-1138
2762076235,1140500,4830,1519,3311
2762076235,1200513,4000,2404,1596
2762076235,1260517,4766,2407,2359
2762076235,1320529,4606,2152,2454
2762076235,1380551,5871,3984,1887
2762076235,1440551,8438,4067,4371
2762130228,245,2500,2500,0
2762130228,60273,0,10,-10
2762130228,120301,411,395,16
2762130228,180331,1804,1701,103
2762130228,240363,2053,2485,-432
2762130228,300397,2563,2840,-277
2762130228,360428,2639,1889,750
2762130228,420436,1205,3969,-2764
2762130228,480466,2708,3185,-477
2762130228,540471,3706,2517,1189
2762130228,600501,4983,3811,1172
2762130228,660503,2781,2647,134
2762130228,720511,6726,4241,2485
2762130228,780535,2895,3521,-626
2762130228,840549,3210,4843,-1633
2762130228,900556,2420,3303,-883
2762130228,960578,3617,2181,1436
2762130228,1020592,5000,3691,1309
2762130228,1080605,1031,3861,-2830
2762130228,1140623,2208,5310,-3102
2762130228,1200627,6054,2947,3107
2762130228,1260651,8357,2628,5729
2762130228,1320673,2200,2775,-575
2762130228,1380682,4386,3455,931
2762130228,1440706,5902,2754,3148
2762130228,1500733,5875,4783,1092
2762130228,1560755,4338,4292,46
2762130228,1620787,2075,2819,-744
2762130228,1680815,2198,4581,-2383
2762130228,1740824,3614,3121,493
2762130228,1800841,6518,3972,2546
2762130228,1860862,2906,5111,-2205
2762130228,1920883,3131,4736,-1605
2762130228,1980892,6012,5088,924
2762130228,2040892,6008,3513,2495
2762152089,165,2500,2500,0
2762152089,60195,10,0,10
2762152089,120203,485,399,86
2762152089,180214,2063,2102,-39
2762152089,240224,3912,1936,1976
2762152089,300246,2621,2887,-266
2762152089,360254,2027,2559,-532
2762152089,420275,2765,3922,-1157
2762152089,480301,3630,1696,1934
2762152089,540332,4622,1821,2801
2762152089,600361,6430,3016,3414
2762152089,660378,1643,3277,-1634
2762152089,720381,4800,2140,2660
2762152089,780387,6011,2857,3154
2762152089,840399,5367,2581,2786
2762152089,900419,6988,4185,2803
2762152089,960431,3357,4354,-997
2762152089,1020450,2811,2100,711
2762152089,1080478,3939,2489,1450
2762152089,1140504,3069,3411,-342
2762152089,1200531,1854,5562,-3708
2762152089,1260562,2367,7461,-5094
2762152089,1320592,2716,7484,-4768
2762152089,1380592,5030,2575,2455
2762152089,1440611,7561,1677,5884
2762152089,1500612,3549,2654,895
2762152089,1560633,2915,4071,-1156
2762152089,1620660,5248,4000,1248
2762152089,1680661,5378,2466,2912
2762152089,1740687,3666,3570,96
2762152089,1800690,3534,4596,-1062
2762152089,1860723,5096,4977,119
2762152089,1920749,6378,6130,248
2762152089,1980780,2154,8713,-6559
2762152089,2040795,3748,6837,-3089
2762152089,2100803,4862,5802,-940
2762152089,2160836,7872,8367,-495
2762152089,2220838,5856,9611,-3755
2762152089,2280856,6991,9675,-2684
2762152089,2340886,9026,12460,-3434
2762152089,2400907,6256,12915,-6659
2762152089,2460939,5961,13441,-7480
2762152089,2520972,7171,14258,-7087
2762152089,2580972,6986,14203,-7217
2762156399,164,2500,2500,0
2762156399,60193,500,0,500
2762156399,120225,362,401,-39
2762156399,180237,1996,1502,494
2762156399,240266,2714,2339,375
2762156399,300279,3212,2060,1152
2762156399,360285,2141,3330,-1189
2762156399,420289,1979,4530,-2551
2762156399,480306,2565,6036,-3471
2762156399,540309,5053,4172,881
2762156399,600327,4776,3333,1443
2762156399,660359,2769,3295,-526
2762156399,720380,3708,2645,1063
2762156399,780395,4838,3929,909
2762156399,840402,3123,6879,-3756
2762156399,900403,2294,4736,-2442
2762156399,960406,3473,1849,1624
2762156399,1020408,4093,3991,102
2762156399,1080425,3955,4494,-539
2762156399,1140452,3718,1575,2143
2762156399,1200476,7750,3056,4694
2762156399,1260507,10269,1582,8687
2762156399,1320538,5605,4477,1128
2762156399,1380568,2356,2388,-32
2762156399,1440604,4394,2318,2076
2762156399,1500607,4583,3498,1085
2762156399,1560635,4183,2938,1245
2762156399,1620655,7065,4279,2786
2762156399,1680662,875,1762,-887
2762156399,1740688,2526,2412,114
2762156399,1800695,6075,4303,1772
2762156399,1860719,4618,1186,3432
2762156399,1920729,5585,2505,3080
2762156399,1980729,8885,1476,7409
2762266260,168,2500,2500,0
2762266260,60197,150,0,150
2762266260,120211,379,389,-10
2762266260,180242,2958,1463,1495
2762266260,240252,4894,1983,2911
2762266260,300254,1757,2967,-1210
2762266260,360287,3198,4184,-986
2762266260,420312,5238,4069,1169
2762266260,480316,1350,3335,-1985
2762266260,540325,2162,3214,-1052
2762266260,600342,2331,5106,-2775
2762266260,660371,2063,2959,-896
2762266260,720378,2761,2727,34
2762266260,780410,3548,3386,162
2762266260,840435,4815,2655,2160
2762266260,900451,4671,4409,262
2762266260,960456,6848,1429,5419
2762266260,1020465,2501,2328,173
2762266260,1080494,4110,2846,1264
2762266260,1140513,3086,4640,-1554
2762266260,1200521,2562,2229,333
2762266260,1260530,6380,2994,3386
2762266260,1320535,4350,2959,1391
2762266260,1380538,3336,2069,1267
2762266260,1440562,3973,2856,1117
2762266260,1500572,5198,3347,1851
2762266260,1560575,2978,2972,6
2762266260,1620597,4622,1886,2736
2762266260,1680598,2026,4876,-2850
2762266260,1740622,4202,1832,2370
2762266260,1800641,5865,2415,3450
2762266260,1860657,6731,5052,1679
2762266260,1920664,2401,1986,415
2762266260,1980686,3845,4161,-316
2762266260,2040698,1683,3997,-2314
2762266260,2100717,3970,5623,-1653
2762266260,2160740,3359,4870,-1511
2762266260,2220740,5307,5724,-417
2762372735,248,2500,2500,0
2762372735,60279,0,0,0
2762372735,120280,310,326,-16
2762372735,180311,1847,1672,175
2762372735,240323,2745,2085,660
2762372735,300324,3136,915,2221
2762372735,360326,3206,2084,1122
2762372735,420326,2734,1939,795
2762372735,480337,3133,2595,538
2762372735,540340,2405,2435,-30
2762372735,600343,1589,4385,-2796
2762372735,660372,3709,5614,-1905
2762372735,720391,1049,1664,-615
2762372735,780397,2042,2877,-835
2762372735,840406,1526,3915,-2389
2762372735,900414,2415,4590,-2175
2762372735,960431,1747,6226,-4479
2762372735,1020444,4051,2287,1764
2762372735,1080456,4453,2296,2157
2762372735,1140459,3790,3880,-90
2762372735,1200472,3915,3760,155
2762372735,1260486,4474,4029,445
2762372735,1320500,1871,5127,-3256
2762372735,1380520,4080,3128,952
2762372735,1440528,2361,3021,-660
2762372735,1500533,2897,4344,-1447
2762372735,1560563,4426,1822,2604
2762372735,1620587,2893,3177,-284
2762372735,1680599,5823,4114,1709
2762372735,1740609,3455,3088,367
2762372735,1800640,3691,3430,261
2762372735,1860663,6950,2377,4573
2762372735,1920675,10584,3592,6992
2762425666,159,2500,2500,0
2762425666,60190,0,0,0
2762425666,120219,451,407,44
2762425666,180251,1973,1846,127
2762425666,240252,2766,2484,282
2762425666,300282,3478,3001,477
2762425666,360295,3390,3103,287
2762425666,420315,4148,3180,968
2762425666,480324,2012,2289,-277
2762425666,540357,3483,2348,1135
2762425666,600388,4039,2218,1821
2762425666,660393,1538,2183,-645
2762425666,720409,2421,4164,-1743
2762425666,780412,4299,4166,133
2762425666,840442,1748,1632,116
2762425666,900449,2786,2503,283
2762425666,960472,4645,2952,1693
2762425666,1020481,5372,3694,1678
2762425666,1080509,3687,3643,44
2762425666,1140510,1842,5122,-3280
2762425666,1200536,2977,2982,-5
2762425666,1260547,7188,3751,3437
2762425666,1320553,2994,3788,-794
2762425666,1380555,2079,2979,-900
2762425666,1440558,2180,5422,-3242
2762425666,1500567,2734,5161,-2427
2762425666,1560598,3083,4033,-950
2762425666,1620618,5767,2093,3674
2762425666,1680626,3209,4074,-865
2762425666,1740639,3243,4889,-1646
2762425666,1800664,3912,2321,1591
2762425666,1860689,5627,3376,2251
2762425666,1920697,5821,2092,3729
2762425666,1980716,2620,4691,-2071
2762425666,2040726,7120,3724,3396
2762425666,2100735,5156,4736,420
2762425666,2160741,5979,3790,2189
2762425666,2220741,6220,3219,3001
2762464661,160,2500,2500,0
2762464661,60189,0,0,0
2762464661,120195,356,489,-133
2762464661,180225,2022,2305,-283
2762464661,240228,2993,2860,133
2762464661,300260,4695,2093,2602
2762464661,360287,1037,2392,-1355
2762464661,420293,2020,1930,90
2762464661,480304,2148,3583,-1435
2762464661,540308,3448,3904,-456
2762464661,600321,2796,2980,-184
2762464661,660330,2205,4927,-2722
2762464661,720343,2284,1973,311
2762464661,780373,1764,2001,-237
2762464661,840395,3197,4169,-972
2762464661,900405,3671,3271,400
2762464661,960407,1857,4610,-2753
2762464661,1020411,1571,3059,-1488
2762464661,1080436,3097,4037,-940
2762464661,1140456,4443,2022,2421
2762464661,1200482,1166,4676,-3510
2762464661,1260485,3052,3328,-276
2762464661,1320507,3047,4465,-1418
2762464661,1380514,3858,3934,-76
2762464661,1440523,3160,4606,-1446
2762464661,1500551,5472,2678,2794
2762464661,1560583,5277,3268,2009
2762464661,1620612,5243,6178,-935
2762464661,1680641,1003,1651,-648
2762464661,1740642,3892,2558,1334
2762464661,1800642,4629,2049,2580
2762513636,257,2500,2500,0
2762513636,60285,0,0,0
2762513636,120314,397,469,-72
2762513636,180321,2286,1241,1045
2762513636,240323,2050,2162,-112
2762513636,300355,2557,4241,-1684
2762513636,360385,3147,3678,-531
2762513636,420387,2541,1453,1088
2762513636,480389,2161,1948,213
2762513636,540412,4109,2997,1112
2762513636,600415,5827,2793,3034
2762513636,660415,3147,3323,-176
2762513636,720432,3775,2824,951
2762513636,780443,4335,3974,361
2762513636,840475,3946,2086,1860
2762513636,900483,1489,2171,-682
2762513636,960501,2119,3880,-1761
2762513636,1020518,2351,2614,-263
2762513636,1080535,2965,4171,-1206
2762513636,1140541,6101,3581,2520
2762513636,1200567,6549,3970,2579
2762513636,1260596,5583,4000,1583
2762513636,1320598,6965,1730,5235
2762513636,1380627,4954,4898,56
2762513636,1440648,1870,2100,-230
2762513636,1500650,3436,2474,962
2762513636,1560680,4981,2980,2001
2762513636,1620692,5776,5065,711
2762513636,1680710,4060,2481,1579
2762513636,1740736,3401,3975,-574
2762513636,1800764,1927,6385,-4458
2762513636,1860781,3116,3480,-364
2762513636,1920802,7044,3462,3582
2762513636,1980820,10448,2961,7487
2762513636,2040836,4181,3401,780
2762513636,2100843,3195,5096,-1901
2762513636,2160847,2325,7452,-5127
2762513636,2220867,3600,3475,125
2762513636,2280888,4379,6891,-2512
2762513636,2340921,4375,6321,-1946
2762513636,2400951,9498,4671,4827
2762513636,2460951,9396,3862,5534
2762583443,161,2500,2500,0
2762583443,60192,0,0,0
2762583443,120224,360,505,-145
2762583443,180253,1638,1673,-35
2762583443,240258,3635,2895,740
2762583443,300288,3114,1959,1155
2762583443,360309,3925,1485,2440
2762583443,420310,1587,2906,-1319
2762583443,480322,3120,3708,-588
2762583443,540332,3811,3494,317
2762583443,600348,3807,3356,451
2762583443,660362,1168,4191,-3023
2762583443,720402,1945,1760,185
2762583443,780447,3192,4396,-1204
2762583443,840457,2050,6613,-4563
2762583443,900478,1722,1216,506
2762583443,960500,4080,2670,1410
2762583443,1020530,681,1250,-569
2762583443,1080550,2192,1769,423
2762583443,1140552,2922,2926,-4
2762583443,1200576,5977,992,4985
2762583443,1260609,2393,2739,-346
2762583443,1320610,1967,4506,-2539
2762583443,1380639,2480,2495,-15
2762583443,1440639,3563,3165,398
2762583443,1500672,1374,3550,-2176
2762583443,1560705,3344,3009,335
2762583443,1620715,2400,2606,-206
2762583443,1680747,2062,4379,-2317
2762583443,1740748,7982,4533,3449
2762583443,1800777,4357,3369,988
2762583443,1860788,5040,2981,2059
2762583443,1920800,10704,2337,8367
2762583443,1980800,10700,1389,9311
2762616906,163,2500,2500,0
2762616906,60192,25,0,25
2762616906,120223,532,374,158
2762616906,180255,2097,1429,668
2762616906,240287,2533,2719,-186
2762616906,300307,3392,2512,880
2762616906,360314,2205,1807,398
2762616906,420317,1712,3189,-1477
2762616906,480332,2433,3030,-597
2762616906,540334,3576,3425,151
2762616906,600347,4737,4083,654
2762616906,660351,2890,3766,-876
2762616906,720357,3762,5839,-2077
2762616906,780377,3403,1078,2325
2762616906,840387,3274,3049,225
2762616906,900411,4899,2974,1925
2762616906,960412,6898,1330,5568
2762616906,1020443,4073,2727,1346
2762616906,1080473,2599,5498,-2899
2762616906,1140501,3153,6500,-3347
2762616906,1200513,1037,1963,-926
2762616906,1260531,3871,4328,-457
2762616906,1320536,4118,2242,1876
2762616906,1380556,3085,3604,-519
2762616906,1440584,5633,2146,3487
2762616906,1500587,5943,1444,4499
2762616906,1560588,1902,2644,-742
2762616906,1620611,5939,2736,3203
2762616906,1680625,1631,2665,-1034
2762616906,1740640,4364,2206,2158
2762616906,1800640,4174,2017,2157
2762647830,159,2500,2500,0
2762647830,60188,0,0,0
2762647830,120195,456,456,0
2762647830,180197,1751,1985,-234
2762647830,240205,2854,3788,-934
2762647830,300242,3264,1511,1753
2762647830,360272,3364,2382,982
2762647830,420304,2682,1123,1559
2762647830,480328,2683,2814,-131
2762647830,540334,4016,3098,918
2762647830,600355,4798,1313,3485
2762647830,660365,6559,2904,3655
2762647830,720377,5253,3733,1520
2762647830,780385,2176,4175,-1999
2762647830,840407,1637,6626,-4989
2762647830,900428,3509,3248,261
2762647830,960454,6034,2901,3133
2762647830,1020484,6505,3318,3187
2762647830,1080485,4104,3938,166
2762647830,1140494,6109,3176,2933
2762647830,1200518,3033,3973,-940
2762647830,1260526,2992,1893,1099
2762647830,1320526,5236,2802,2434
2762677429,186,2500,2500,0
2762677429,60214,0,500,-500
2762677429,120243,448,470,-22
2762677429,180271,1990,1864,126
2762677429,240300,3302,2401,901
2762677429,300330,3771,4007,-236
2762677429,360337,2168,4227,-2059
2762677429,420365,2921,2160,761
2762677429,480395,2922,3983,-1061
2762677429,540424,2155,4708,-2553
2762677429,600426,3823,1274,2549
2762677429,660431,3632,2575,1057
2762677429,720432,4186,2694,1492
2762677429,780439,5002,2365,2637
2762677429,840456,4318,2374,1944
2762677429,900480,4476,2439,2037
2762677429,960481,4665,3627,1038
2762677429,1020487,3514,1369,2145
2762677429,1080496,3061,2685,376
2762677429,1140528,6658,3023,3635
2762677429,1200558,6755,3506,3249
2762677429,1260579,6298,4611,1687
2762677429,1320579,7388,4418,2970
2762685802,166,2500,2500,0
2762685802,60196,11,124,-113
2762685802,120224,819,474,345
2762685802,180254,2471,1792,679
2762685802,240280,1689,2214,-525
2762685802,300304,2589,3407,-818
2762685802,360330,2857,4528,-1671
2762685802,420334,2313,3521,-1208
2762685802,480360,2960,2267,693
2762685802,540392,5694,2047,3647
2762685802,600404,2293,2683,-390
2762685802,660419,3416,4832,-1416
2762685802,720441,4405,3377,1028
2762685802,780454,1850,2605,-755
2762685802,840459,3777,4538,-761
2762685802,900479,8282,2111,6171
2762685802,960514,1883,3823,-1940
2762685802,1020538,5195,4481,714
2762685802,1080555,4001,3085,916
2762685802,1140582,3079,3411,-332
2762685802,1200592,4844,2094,2750
2762685802,1260612,4066,2419,1647
2762685802,1320621,3194,3235,-41
2762685802,1380642,5119,2900,2219
2762685802,1440658,4505,2428,2077
2762685802,1500683,2739,2464,275
2762685802,1560707,5546,3526,2020
2762685802,1620707,5864,3640,2224
2762716493,177,2500,2500,0
2762716493,60206,0,20,-20
2762716493,120208,451,363,88
2762716493,180237,2000,1634,366
2762716493,240248,2383,2341,42
2762716493,300278,4035,1277,2758
2762716493,360296,1218,2239,-1021
2762716493,420304,2763,1980,783
2762716493,480317,1822,2201,-379
2762716493,540319,3534,3941,-407
2762716493,600324,1477,1861,-384
2762716493,660350,2170,3045,-875
2762716493,720364,3769,4912,-1143
2762716493,780372,2075,4576,-2501
2762716493,840400,3277,1484,1793
2762716493,900440,1255,4283,-3028
2762716493,960472,2428,7244,-4816
2762716493,1020492,3694,3197,497
2762716493,1080521,3150,2649,501
2762716493,1140533,3976,3367,609
2762716493,1200558,4504,4048,456
2762716493,1260575,5371,2133,3238
2762716493,1320607,4559,2405,2154
2762716493,1380625,3598,3479,119
2762716493,1440630,4852,3502,1350
2762716493,1500634,4344,2811,1533
2762716493,1560636,2124,3988,-1864
2762716493,1620667,2398,5158,-2760
2762716493,1680677,3091,1726,1365
2762716493,1740705,2548,3472,-924
2762716493,1800720,2479,7245,-4766
2762716493,1860727,6180,3155,3025
2762716493,1920752,6218,3733,2485
2762716493,1980774,3013,4004,-991
2762716493,2040794,4430,3978,452
2762716493,2100794,6494,4463,2031
2763199113,187,2500,2500,0
2763199113,60192,0,0,0
2763199113,120220,364,389,-25
2763199113,180259,1449,1751,-302
2763199113,240289,3446,2582,864
2763199113,300310,2931,3343,-412
2763199113,360331,2252,3761,-1509
2763199113,420337,2653,3845,-1192
2763199113,480352,3220,3849,-629
2763199113,540369,4925,3204,1721
2763199113,600385,3973,2306,1667
2763199113,660413,1307,2569,-1262
2763199113,720429,2681,3220,-539
2763199113,780450,6777,2458,4319
2763199113,840466,1303,2143,-840
2763199113,900488,4277,3257,1020
2763199113,960514,6530,3420,3110
2763199113,1020521,3260,4308,-1048
2763199113,1080534,2937,2717,220
2763199113,1140566,4338,3965,373
2763199113,1200570,7331,5227,2104
2763199113,1260587,4098,2735,1363
2763199113,1320594,3388,2704,684
2763199113,1380621,4707,2212,2495
2763199113,1440634,7864,3372,4492
2763216100,165,2500,2500,0
2763216100,60195,0,0,0
2763216100,120196,398,408,-10
2763216100,180225,1796,1833,-37
2763216100,240254,3345,1986,1359
2763216100,300284,4630,3250,1380
2763216100,360285,5016,4070,946
2763216100,420314,4858,3612,1246
2763216100,480317,3976,1882,2094
2763216100,540320,3390,2117,1273
2763216100,600322,2760,4219,-1459
2763216100,660324,2965,4530,-1565
2763216100,720326,4120,4807,-687
2763216100,780344,3702,2968,734
2763216100,840348,3903,4003,-100
2763216100,900368,4292,5207,-915
2763216100,960393,4446,3985,461
2763216100,1020397,6171,5635,536
2763216100,1080405,4347,1321,3026
2763216100,1140415,4167,4183,-16
2763216100,1200427,2613,3043,-430
2763216100,1260442,4243,3311,932
2763216100,1320455,5672,4676,996
2763216100,1380493,4779,1985,2794
2763216100,1440496,5006,3807,1199
2763216100,1500507,3507,4553,-1046
2763216100,1560515,5908,2693,3215
2763216100,1620542,2876,2018,858
2763216100,1680570,3588,2347,1241
2763216100,1740583,5634,3780,1854
2763216100,1800596,6932,3480,3452
2763216100,1860618,2781,3418,-637
2763216100,1920618,5348,1079,4269
2763625812,165,2500,2500,0
2763625812,60194,0,0,0
2763625812,120223,467,360,107
2763625812,180251,1905,1866,39
2763625812,240281,4167,2340,1827
2763625812,300313,2093,2614,-521
2763625812,360346,1110,1927,-817
2763625812,420375,2397,3616,-1219
2763625812,480404,4503,2896,1607
2763625812,540435,4646,4030,616
2763625812,600448,2701,2588,113
2763625812,660462,4001,3410,591
2763625812,720476,6719,2556,4163
2763625812,780495,6953,3538,3415
2763625812,840512,1909,3145,-1236
2763625812,900514,2884,4186,-1302
2763625812,960537,2941,3476,-535
2763625812,1020565,4452,1743,2709
2763625812,1080597,2902,3412,-510
2763625812,1140599,4759,3029,1730
2763625812,1200599,5545,1870,3675
2763625812,1260626,3716,2362,1354
2763625812,1320652,3642,2344,1298
2763625812,1380680,10139,2571,7568
2763625812,1440691,7806,1937,5869
2763625812,1500718,3106,2080,1026
2763625812,1560737,7946,2693,5253
2763625812,1620737,8980,3159,5821
2764094149,165,2500,2500,0
2764094149,60195,0,0,0
2764094149,120200,396,372,24
2764094149,180214,1826,1706,120
2764094149,240238,2773,3631,-858
2764094149,300239,3256,2213,1043
2764094149,360264,1995,3136,-1141
2764094149,420293,3447,4625,-1178
2764094149,480298,4118,2895,1223
2764094149,540336,3532,4334,-802
2764094149,600345,5775,5033,742
2764094149,660375,2821,1704,1117
2764094149,720377,4582,3288,1294
2764094149,780403,1432,2931,-1499
2764094149,840404,2849,3966,-1117
2764094149,900427,4955,2882,2073
2764094149,960428,7306,3544,3762
2764094149,1020455,9005,2937,6068
2764094149,1080472,2331,3954,-1623
2764094149,1140474,3471,3942,-471
2764094149,1200496,3215,3356,-141
2764094149,1260496,4761,4190,571
2764094149,1320499,4775,3129,1646
2764094149,1380523,4533,1425,3108
2764094149,1440564,3455,2563,892
2764094149,1500586,3793,2846,947
2764094149,1560619,3190,3544,-354
2764094149,1620632,5971,1686,4285
2764094149,1680665,5131,2406,2725
2764094149,1740693,6843,2446,4397
2764094149,1800716,5717,3496,2221
2764094149,1860746,4316,2601,1715
2764094149,1920774,4532,1655,2877
2764094149,1980778,4865,3579,1286
2764094149,2040778,4005,1820,2185
2764118415,171,2500,2500,0
2764118415,60200,1,199,-198
2764118415,120201,454,583,-129
2764118415,180214,1875,2093,-218
2764118415,240230,2711,3222,-511
2764118415,300237,1700,2482,-782
2764118415,360262,2786,2351,435
2764118415,420279,2029,3639,-1610
2764118415,480280,2882,5510,-2628
2764118415,540291,3228,1689,1539
2764118415,600294,4194,1581,2613
2764118415,660308,4129,3051,1078
2764118415,720317,3751,3912,-161
2764118415,780338,4678,4062,616
2764118415,840339,4696,3803,893
2764118415,900363,3525,5078,-1553
2764118415,960378,1352,4047,-2695
2764118415,1020405,2882,4783,-1901
2764118415,1080427,2190,4680,-2490
2764118415,1140441,2712,2658,54
2764118415,1200465,5703,1425,4278
2764118415,1260480,4815,2665,2150
2764118415,1320487,2680,4774,-2094
2764118415,1380491,4134,6022,-1888
2764118415,1440497,3366,8506,-5140
2764118415,1500502,3475,3909,-434
2764118415,1560529,5106,2788,2318
2764118415,1620531,2560,3635,-1075
2764118415,1680558,3244,5893,-2649
2764118415,1740571,6506,3986,2520
2764118415,1800589,5545,3095,2450
2764118415,1860613,4272,4745,-473
2764118415,1920629,3891,6245,-2354
2764118415,1980635,5726,4660,1066
2764118415,2040666,9055,3088,5967
2764118415,2100684,5921,3703,2218
2764118415,2160684,9763,1564,8199
2764257293,187,2500,2500,0
2764257293,60218,0,0,0
2764257293,120224,481,369,112
2764257293,180239,1663,1780,-117
2764257293,240257,3067,3070,-3
2764257293,300285,3871,3364,507
2764257293,360315,4400,3022,1378
2764257293,420322,3833,3973,-140
2764257293,480337,4209,5814,-1605
2764257293,540354,4221,3628,593
2764257293,600365,3128,4996,-1868
2764257293,660369,2016,5521,-3505
2764257293,720397,2745,2931,-186
2764257293,780428,4979,1865,3114
2764257293,840438,2888,1645,1243
2764257293,900470,3219,3458,-239
2764257293,960473,2418,3865,-1447
2764257293,1020487,3430,4073,-643
2764257293,1080505,4238,5430,-1192
2764257293,1140509,4012,3852,160
2764257293,1200532,5550,5247,303
2764257293,1260560,3284,2818,466
2764257293,1320561,4324,2906,1418
2764257293,1380581,2576,5671,-3095
2764257293,1440612,4110,5873,-1763
2764257293,1500615,2409,2485,-76
2764257293,1560623,3717,2148,1569
2764257293,1620644,2474,3681,-1207
2764257293,1680655,3515,5200,-1685
2764257293,1740673,4022,4773,-751
2764257293,1800679,5762,3213,2549
2764257293,1860706,10480,894,9586
2764257293,1920708,5003,2451,2552
2764257293,1980723,3524,3285,239
2764257293,2040739,4839,3776,1063
2764257293,2100747,11386,3092,8294
2764257293,2160747,11222,1612,9610
2764321997,181,2500,2500,0
2764321997,60210,0,100,-100
2764321997,120239,449,453,-4
2764321997,180267,1399,1605,-206
2764321997,240277,2782,2765,17
2764321997,300286,4129,3251,878
2764321997,360287,2960,2021,939
2764321997,420291,3956,3967,-11
2764321997,480306,2331,1774,557
2764321997,540313,4018,1681,2337
2764321997,600319,4899,2153,2746
2764321997,660336,4984,3301,1683
2764321997,720355,6141,3363,2778
2764321997,780367,8800,2485,6315
2764321997,840392,2189,3331,-1142
2764321997,900412,2448,3053,-605
2764321997,960443,2292,2550,-258
2764321997,1020466,2908,2669,239
2764321997,1080493,5774,1294,4480
2764321997,1140499,6405,1829,4576
2764321997,1200516,6770,2742,4028
2764321997,1260533,6355,3024,3331
2764321997,1320561,8424,2923,5501
2764321997,1380593,12322,2761,9561
2764321997,1440621,822,2029,-1207
2764321997,1500642,3848,3691,157
2764321997,1560642,7817,767,7050
2764362215,215,2500,2500,0
2764362215,60219,0,0,0
2764362215,120229,393,393,0
2764362215,180232,1806,1587,219
2764362215,240250,3394,1852,1542
2764362215,300263,5576,3022,2554
2764362215,360264,3102,4338,-1236
2764362215,420274,3016,4751,-1735
2764362215,480298,5199,4685,514
2764362215,540320,5632,5384,248
2764362215,600345,8411,2676,5735
2764362215,660350,3978,2413,1565
2764362215,720358,6329,3165,3164
2764362215,780368,6690,3155,3535
2764362215,840368,6078,4031,2047
2764362215,900388,2539,4456,-1917
2764362215,960388,3138,4880,-1742
2764601921,159,2500,2500,0
2764601921,60188,0,0,0
2764601921,120218,453,416,37
2764601921,180248,2257,1344,913
2764601921,240250,1325,2650,-1325
2764601921,300280,2768,3051,-283
2764601921,360313,2062,2828,-766
2764601921,420342,3177,3358,-181
2764601921,480351,4508,4660,-152
2764601921,540381,2771,5310,-2539
2764601921,600414,1322,5243,-3921
2764601921,660419,3091,1658,1433
2764601921,720452,3332,2991,341
2764601921,780455,4762,5563,-801
2764601921,840488,4426,3915,511
2764601921,900518,3867,3484,383
2764601921,960522,1867,2072,-205
2764601921,1020553,3960,3034,926
2764601921,1080563,6104,2817,3287
2764601921,1140565,6809,2908,3901
2764601921,1200570,1646,2694,-1048
2764601921,1260594,4658,4014,644
2764601921,1320603,3620,1379,2241
2764601921,1380604,2324,3365,-1041
2764601921,1440619,3471,2118,1353
2764601921,1500646,5276,1874,3402
2764601921,1560674,6486,1840,4646
2764601921,1620694,3496,3386,110
2764601921,1680694,4006,4654,-648
2764609800,157,2500,2500,0
2764609800,60185,0,0,0
2764609800,120215,456,437,19
2764609800,180245,1833,2003,-170
2764609800,240277,3058,2910,148
2764609800,300309,3423,1936,1487
2764609800,360313,4613,2697,1916
2764609800,420316,5131,1954,3177
2764609800,480326,4156,2937,1219
2764609800,540339,2432,2399,33
2764609800,600370,3447,3105,342
2764609800,660397,3467,3536,-69
2764609800,720413,3635,3305,330
2764609800,780437,3060,3758,-698
2764609800,840461,3264,2561,703
2764609800,900487,3921,3741,180
2764609800,960488,3575,1207,2368
2764609800,1020508,1810,4211,-2401
2764609800,1080538,5533,3162,2371
2764609800,1140543,5531,2198,3333
2764609800,1200544,3830,4655,-825
2764609800,1260570,4160,5516,-1356
2764609800,1320575,3962,2917,1045
2764609800,1380599,5765,4385,1380
2764609800,1440624,4814,2005,2809
2764609800,1500635,4416,3172,1244
2764609800,1560653,1491,4514,-3023
2764609800,1620677,4190,5396,-1206
2764609800,1680694,2850,1353,1497
2764609800,1740707,4781,1844,2937
2764609800,1800729,3111,2726,385
2764609800,1860741,5523,3572,1951
2764609800,1920750,9632,2580,7052
2764609800,1980768,4779,3560,1219
2764609800,2040780,4628,2667,1961
2764609800,2100787,6855,2572,4283
2764618872,159,2500,2500,0
2764618872,60188,50,0,50
2764618872,120196,486,490,-4
2764618872,180197,1897,2027,-130
2764618872,240202,2848,3559,-711
2764618872,300205,3862,5372,-1510
2764618872,360209,2368,2705,-337
2764618872,420211,3146,3826,-680
2764618872,480218,4216,2441,1775
2764618872,540229,4203,2572,1631
2764618872,600232,2430,4728,-2298
2764618872,660243,2322,4519,-2197
2764618872,720252,3319,4961,-1642
2764618872,780272,3436,2381,1055
2764618872,840278,4589,5311,-722
2764618872,900287,2816,7753,-4937
2764618872,960313,2977,5139,-2162
2764618872,1020333,3598,3346,252
2764618872,1080361,3849,3797,52
2764618872,1140396,6393,2039,4354
2764618872,1200418,3675,3978,-303
2764618872,1260448,4391,3389,1002
2764618872,1320452,4845,5223,-378
2764618872,1380463,5015,6998,-1983
2764618872,1440485,7110,7085,25
2764618872,1500506,1303,2614,-1311
2764618872,1560523,3627,4758,-1131
2764618872,1620533,2472,1915,557
2764618872,1680558,3268,3312,-44
2764618872,1740564,5232,4763,469
2764618872,1800588,7947,2057,5890
2764618872,1860597,5336,3528,1808
2764618872,1920613,5552,7977,-2425
2764618872,1980632,4487,6147,-1660
2764618872,2040635,2280,4036,-1756
2764618872,2100653,2860,6096,-3236
2764618872,2160677,5793,3935,1858
2764618872,2220699,6447,4555,1892
2764618872,2280729,4919,4273,646
2764618872,2340764,5920,5626,294
2764618872,2400779,9035,6740,2295
2764632841,162,2500,2500,0
2764632841,60189,0,0,0
2764632841,120217,419,383,36
2764632841,180246,2081,1795,286
2764632841,240274,3472,3231,241
2764632841,300306,4799,3341,1458
2764632841,360334,5597,1829,3768
2764632841,420338,819,1551,-732
2764632841,480369,2003,3402,-1399
2764632841,540370,3400,3302,98
2764632841,600384,4033,3944,89
2764632841,660404,5144,2515,2629
2764632841,720415,1823,2810,-987
2764632841,780434,3347,3608,-261
2764632841,840460,4636,6600,-1964
2764632841,900471,5385,1554,3831
2764632841,960494,7229,2868,4361
2764632841,1020518,4922,3861,1061
2764632841,1080539,6644,2833,3811
2764632841,1140565,5913,3168,2745
2764632841,1200582,3799,2360,1439
2764632841,1260606,4924,2649,2275
2764632841,1320632,6046,3496,2550
2764632841,1380646,8213,1967,6246
2764632841,1440655,11622,3148,8474
2764632841,1500678,15203,3735,11468
2764632841,1560684,16844,2974,13870
2764632841,1620684,17125,2909,14216
2764664063,159,2500,2500,0
2764664063,60188,0,0,0
2764664063,120216,339,346,-7
2764664063,180246,1691,2395,-704
2764664063,240274,2281,2831,-550
2764664063,300310,2954,3318,-364
2764664063,360342,2226,4155,-1929
2764664063,420371,1634,1157,477
2764664063,480376,2462,2653,-191
2764664063,540387,2355,3847,-1492
2764664063,600396,3972,3308,664
2764664063,660410,4291,2836,1455
2764664063,720437,874,1940,-1066
2764664063,780459,2610,3933,-1323
2764664063,840463,4587,4276,311
2764664063,900470,3225,4448,-1223
2764664063,960489,2594,4018,-1424
2764664063,1020507,1962,1016,946
2764664063,1080533,2721,2504,217
2764664063,1140540,5054,3745,1309
2764664063,1200558,1604,2806,-1202
2764664063,1260585,2609,3914,-1305
2764664063,1320595,2513,4469,-1956
2764664063,1380599,4038,1803,2235
2764664063,1440631,3646,2764,882
2764664063,1500636,3933,5338,-1405
2764664063,1560665,3421,3748,-327
2764664063,1620672,4894,2409,2485
2764664063,1680672,5317,3352,1965
2764664063,1740689,5579,6683,-1104
2764664063,1800702,6051,5257,794
2764664063,1860706,3130,3834,-704
2764664063,1920726,4658,5860,-1202
2764664063,1980732,4081,4790,-709
2764664063,2040759,4209,5500,-1291
2764664063,2100768,6607,7797,-1190
2764664063,2160776,7483,4363,3120
2764664063,2220787,2761,7004,-4243
2764664063,2280817,2033,7241,-5208
2764664063,2340846,3303,2617,686
2764664063,2400860,8868,2584,6284
2764664063,2460862,5423,4453,970
2764664063,2520871,6247,6211,36
2764664063,2580901,7131,9403,-2272
2764664063,2640917,7974,7778,196
2764664063,2700927,9989,10301,-312
2764664063,2760932,10668,13360,-2692
2764664063,2820963,9184,8120,1064
2764664063,2880984,10502,9006,1496
2764664063,2940985,11879,10099,1780
2764664063,3000999,13678,12117,1561
2764664063,3061027,14308,8705,5603
2764664063,3121047,14593,7738,6855
2764664063,3181075,15874,8565,7309
2764664063,3241082,18603,10561,8042
2764664063,3301082,13070,5768,7302
2764829911,157,2500,2500,0
2764829911,60187,550,31,519
2764829911,120204,964,398,566
2764829911,180233,2248,1796,452
2764829911,240263,2410,2422,-12
2764829911,300291,3117,1761,1356
2764829911,360321,3137,1801,1336
2764829911,420352,1437,2324,-887
2764829911,480356,2042,2733,-691
2764829911,540368,2486,4907,-2421
2764829911,600371,3076,7062,-3986
2764829911,660386,3995,8152,-4157
2764829911,720389,4573,1065,3508
2764829911,780418,3724,2414,1310
2764829911,840439,3730,2799,931
2764829911,900472,5893,2285,3608
2764829911,960477,980,5984,-5004
2764829911,1020478,3121,5874,-2753
2764829911,1080491,3477,2471,1006
2764829911,1140501,3721,2647,1074
2764829911,1200517,4161,4469,-308
2764829911,1260538,2262,4057,-1795
2764829911,1320544,1409,8443,-7034
2764829911,1380563,4405,5494,-1089
2764829911,1440579,2855,2409,446
2764829911,1500601,1717,3577,-1860
2764829911,1560604,3985,2157,1828
2764829911,1620611,2878,4044,-1166
2764829911,1680635,5299,1103,4196
2764829911,1740648,1931,2481,-550
2764829911,1800658,3017,3945,-928
2764829911,1860687,5055,1968,3087
2764829911,1920705,4260,2962,1298
2764829911,1980715,3862,5595,-1733
2764829911,2040723,2775,4628,-1853
2764829911,2100726,4187,5866,-1679
2764829911,2160754,3971,4240,-269
2764829911,2220786,4430,5077,-647
2764829911,2280806,10102,4931,5171
2765175660,162,2500,2500,0
2765175660,60191,25,0,25
2765175660,120221,551,433,118
2765175660,180251,1943,1790,153
2765175660,240262,2906,3218,-312
2765175660,300297,2698,3101,-403
2765175660,360299,2872,3373,-501
2765175660,420308,2458,830,1628
2765175660,480311,1772,2302,-530
2765175660,540316,3249,3642,-393
2765175660,600346,3928,474,3454
2765175660,660378,5734,1259,4475
2765175660,720408,4877,2194,2683
2765175660,780414,1517,4281,-2764
2765175660,840417,2816,2887,-71
2765175660,900428,6701,1638,5063
2765175660,960440,4387,2416,1971
2765175660,1020442,5994,2587,3407
2765175660,1080443,6290,2326,3964
2765175660,1140447,7730,706,7024
2765175660,1200459,5378,1552,3826
2765175660,1260467,3032,2159,873
2765175660,1320470,5014,2260,2754
2765175660,1380496,7264,2735,4529
2765175660,1440518,8427,1932,6495
2765175660,1500520,2158,3430,-1272
2765175660,1560546,5819,3496,2323
2765175660,1620565,8710,2642,6068
2765289814,188,2500,2500,0
2765289814,60218,0,0,0
2765289814,120248,498,305,193
2765289814,180277,2307,1272,1035
2765289814,240280,2714,2738,-24
2765289814,300308,2058,2852,-794
2765289814,360314,2279,1390,889
2765289814,420346,2283,2148,135
2765289814,480353,3667,3840,-173
2765289814,540357,2121,3768,-1647
2765289814,600361,3081,3627,-546
2765289814,660382,3506,2003,1503
2765289814,720396,1729,3640,-1911
2765289814,780411,2663,5035,-2372
2765289814,840442,3360,4841,-1481
2765289814,900474,3132,1613,1519
2765289814,960504,2362,3068,-706
2765289814,1020506,3304,4289,-985
2765289814,1080521,1926,3114,-1188
2765289814,1140541,1906,4151,-2245
2765289814,1200563,3183,3914,-731
2765289814,1260590,2577,3064,-487
2765289814,1320615,2781,4338,-1557
2765289814,1380634,5571,1607,3964
2765289814,1440661,7601,1620,5981
2765289814,1500667,3761,3396,365
2765289814,1560691,4639,4916,-277
2765289814,1620712,8879,2273,6606
2765289814,1680734,3125,3561,-436
2765289814,1740737,3409,3426,-17
2765289814,1800756,7473,2430,5043
2765289814,1860785,4284,4261,23
2765289814,1920797,2504,4532,-2028
2765289814,1980812,3887,3747,140
2765289814,2040826,4206,3460,746
2765289814,2100826,6923,1701,5222
2765411393,175,2500,2500,0
2765411393,60204,0,500,-500
2765411393,120234,405,394,11
2765411393,180265,1794,1873,-79
2765411393,240268,3151,2030,1121
2765411393,300269,2456,2511,-55
2765411393,360302,2792,3606,-814
2765411393,420311,2886,2206,680
2765411393,480344,4386,3666,720
2765411393,540374,5328,3860,1468
2765411393,600386,3334,3427,-93
2765411393,660395,5622,2127,3495
2765411393,720417,4558,4201,357
2765411393,780427,2515,3879,-1364
2765411393,840453,5865,2438,3427
2765411393,900482,4851,2767,2084
2765411393,960482,3217,4274,-1057
2765411393,1020512,4843,4889,-46
2765411393,1080537,4198,6503,-2305
2765411393,1140569,7236,3321,3915
2765411393,1200597,2957,3686,-729
2765411393,1260630,3500,4637,-1137
2765411393,1320660,3524,2886,638
2765411393,1380670,4021,2296,1725
2765411393,1440689,3383,2722,661
2765411393,1500692,5564,2932,2632
2765411393,1560709,3844,4002,-158
2765411393,1620725,6957,2368,4589
2765411393,1680758,4114,2124,1990
2765411393,1740767,2511,3085,-574
2765411393,1800794,3619,2707,912
2765411393,1860829,6691,3202,3489
2765411393,1920845,5151,3907,1244
2765411393,1980845,7897,3943,3954
2765496136,170,2500,2500,0
2765496136,60198,1,499,-498
2765496136,120231,692,496,196
2765496136,180261,1832,2330,-498
2765496136,240292,2066,2350,-284
2765496136,300298,3688,3724,-36
2765496136,360330,2923,3795,-872
2765496136,420342,4540,4252,288
2765496136,480370,5170,1989,3181
2765496136,540384,1688,1984,-296
2765496136,600417,1946,4267,-2321
2765496136,660438,3680,3087,593
2765496136,720465,2512,4440,-1928
2765496136,780476,4487,5165,-678
2765496136,840491,4820,4990,-170
2765496136,900518,3258,1320,1938
2765496136,960530,3990,2875,1115
2765496136,1020554,4851,3903,948
2765496136,1080562,1874,4465,-2591
2765496136,1140578,4819,5609,-790
2765496136,1200601,3970,4924,-954
2765496136,1260616,2984,4531,-1547
2765496136,1320617,4467,4781,-314
2765496136,1380638,5277,2657,2620
2765496136,1440640,5601,2477,3124
2765496136,1500644,2055,3510,-1455
2765496136,1560650,4189,3784,405
2765496136,1620680,7757,2765,4992
2765496136,1680696,914,2666,-1752
2765496136,1740707,3374,2448,926
2765496136,1800726,3266,1973,1293
2765496136,1860731,2693,6802,-4109
2765496136,1920743,3254,5382,-2128
2765496136,1980769,6738,5724,1014
2765496136,2040779,1886,2894,-1008
2765496136,2100810,4869,4135,734
2765496136,2160819,6342,3997,2345
2765496136,2220825,6823,4486,2337
2765496136,2280855,4603,5268,-665
2765496136,2340865,6318,2958,3360
2765496136,2400880,5663,4423,1240
2765496136,2460880,4255,3120,1135
2766260855,164,2500,2500,0
2766260855,60194,0,0,0
2766260855,120224,324,503,-179
2766260855,180232,1829,1191,638
2766260855,240237,3523,1900,1623
2766260855,300269,1728,2884,-1156
2766260855,360299,2161,2110,51
2766260855,420328,1732,2434,-702
2766260855,480336,3802,1453,2349
2766260855,540344,2674,1343,1331
2766260855,600346,3647,1720,1927
2766260855,660378,2157,2636,-479
2766260855,720397,3202,4074,-872
2766260855,780410,3067,2488,579
2766260855,840433,6288,2876,3412
2766260855,900453,6306,1277,5029
2766260855,960459,1318,2032,-714
2766260855,1020483,4974,1959,3015
2766260855,1080495,1197,2182,-985
2766260855,1140525,3405,3384,21
2766260855,1200528,6196,3349,2847
2766334061,164,2500,2500,0
2766334061,60195,0,0,0
2766334061,120224,372,469,-97
2766334061,180224,1692,2625,-933
2766334061,240233,2351,2763,-412
2766334061,300256,3956,3076,880
2766334061,360284,5170,4308,862
2766334061,420304,2639,2215,424
2766334061,480306,2046,3304,-1258
2766334061,540321,1752,4393,-2641
2766334061,600344,1922,5204,-3282
2766334061,660357,4297,2932,1365
2766334061,720389,5713,2924,2789
2766334061,780426,2058,2113,-55
2766334061,840436,1922,3399,-1477
2766334061,900463,3884,1459,2425
2766334061,960478,6265,1669,4596
2766334061,1020507,4016,4233,-217
2766334061,1080532,3210,4722,-1512
2766334061,1140536,4073,4819,-746
2766334061,1200542,4315,2766,1549
2766334061,1260552,7401,1277,6124
2766334061,1320579,7040,2721,4319
2766334061,1380598,3773,3559,214
2766334061,1440623,4924,1398,3526
2766334061,1500625,2376,1754,622
2766334061,1560658,4670,752,3918
2766334061,1620684,6534,2177,4357
2766334061,1680684,8331,1407,6924
2766372816,162,2500,2500,0
2766372816,60191,50,0,50
2766372816,120193,541,380,161
2766372816,180227,1698,1585,113
2766372816,240230,3754,2040,1714
2766372816,300262,2903,3108,-205
2766372816,360295,3100,3131,-31
2766372816,420298,927,1732,-805
2766372816,480304,2352,2245,107
2766372816,540318,5416,2457,2959
2766372816,600346,1462,3259,-1797
2766372816,660379,4501,3226,1275
2766372816,720404,7005,3284,3721
2766372816,780429,2629,1058,1571
2766372816,840440,6678,1877,4801
2766372816,900454,2056,3320,-1264
2766372816,960454,2014,3565,-1551
2766377503,189,2500,2500,0
2766377503,60218,0,0,0
2766377503,120222,451,507,-56
2766377503,180229,2026,2388,-362
2766377503,240230,3542,3071,471
2766377503,300244,4203,1917,2286
2766377503,360259,4123,3837,286
2766377503,420270,2534,3051,-517
2766377503,480299,2519,4625,-2106
2766377503,540337,3197,3504,-307
2766377503,600346,3376,4686,-1310
2766377503,660355,1716,1174,542
2766377503,720377,3277,2512,765
2766377503,780380,3393,5141,-1748
2766377503,840402,3987,5268,-1281
2766377503,900414,3660,2956,704
2766377503,960442,6974,2804,4170
2766377503,1020454,7524,2871,4653
2766377503,1080471,6624,3811,2813
2766377503,1140473,3845,1466,2379
2766377503,1200490,5256,4061,1195
2766377503,1260496,6441,3137,3304
2766377503,1320507,4937,2771,2166
2766377503,1380535,7312,3775,3537
2766377503,1440542,6175,1814,4361
2766377503,1500554,6831,4114,2717
2766377503,1560567,8898,2764,6134
2766377503,1620576,9949,2712,7237
2766377503,1680598,13026,4371,8655
2766377503,1740618,8894,4237,4657
2766377503,1800640,7567,4635,2932
2766377503,1860671,10989,2532,8457
2766377503,1920671,10924,2961,7963
2766659449,167,2500,2500,0
2766659449,60196,0,0,0
2766659449,120226,524,368,156
2766659449,180255,1575,2245,-670
2766659449,240263,3101,2559,542
2766659449,300295,2679,3048,-369
2766659449,360327,2611,5118,-2507
2766659449,420338,2544,4169,-1625
2766659449,480343,1875,3026,-1151
2766659449,540349,2083,4256,-2173
2766659449,600379,2323,2277,46
2766659449,660396,4018,2718,1300
2766659449,720427,3807,3236,571
2766659449,780449,1194,4633,-3439
2766659449,840451,1829,6285,-4456
2766659449,900467,3593,3913,-320
2766659449,960497,2414,1745,669
2766659449,1020518,2896,1872,1024
2766659449,1080531,5172,2103,3069
2766659449,1140541,6918,3856,3062
2766659449,1200551,3032,4198,-1166
2766659449,1260577,3702,2966,736
2766659449,1320597,6469,4091,2378
2766659449,1380605,8370,2688,5682
2766659449,1440617,2899,4172,-1273
2766659449,1500640,2422,2149,273
2766659449,1560657,4410,2556,1854
2766659449,1620680,2944,3996,-1052
2766659449,1680688,5607,4430,1177
2766659449,1740698,8887,3867,5020
2766659449,1800698,10642,3422,7220
2766665600,168,2500,2500,0
2766665600,60197,0,10,-10
2766665600,120228,260,430,-170
2766665600,180258,1255,2327,-1072
2766665600,240259,2899,2867,32
2766665600,300290,3540,4114,-574
2766665600,360320,1890,3002,-1112
2766665600,420350,2427,3105,-678
2766665600,480379,3392,2684,708
2766665600,540388,2646,2253,393
2766665600,600421,4483,2954,1529
2766665600,660423,4813,3693,1120
2766665600,720453,3214,2297,917
2766665600,780455,1575,4912,-3337
2766665600,840479,2390,6683,-4293
2766665600,900499,3839,1991,1848
2766665600,960513,1874,2378,-504
2766665600,1020539,2103,2911,-808
2766665600,1080540,4112,3190,922
2766665600,1140557,1362,3777,-2415
2766665600,1200583,3876,4610,-734
2766665600,1260590,4248,4714,-466
2766665600,1320606,907,3676,-2769
2766665600,1380632,2829,3418,-589
2766665600,1440637,2474,3430,-956
2766665600,1500641,5018,2297,2721
2766665600,1560667,3590,3756,-166
2766665600,1620698,3725,3484,241
2766665600,1680724,5364,4602,762
2766665600,1740744,5578,3819,1759
2766665600,1800770,3287,3008,279
2766665600,1860789,3797,4391,-594
2766665600,1920799,3088,2704,384
2766665600,1980823,8329,2089,6240
2767154929,192,2500,2500,0
2767154929,60222,5,0,5
2767154929,120252,425,381,44
2767154929,180281,1845,1837,8
2767154929,240311,4165,3023,1142
2767154929,300340,3673,2463,1210
2767154929,360371,3424,4123,-699
2767154929,420376,1608,1475,133
2767154929,480404,3159,3181,-22
2767154929,540436,4108,3616,492
2767154929,600465,2911,4134,-1223
2767154929,660472,5510,3388,2122
2767154929,720501,4248,3007,1241
2767154929,780531,4920,4758,162
2767154929,840533,5781,2138,3643
2767154929,900536,2999,2489,510
2767154929,960541,2788,2317,471
2767154929,1020572,4734,1777,2957
2767154929,1080572,6119,2113,4006
2767171161,257,2500,2500,0
2767171161,60287,0,0,0
2767171161,120317,438,437,1
2767171161,180347,1782,2368,-586
2767171161,240377,2597,2913,-316
2767171161,300410,4663,2174,2489
2767171161,360440,2147,3203,-1056
2767171161,420445,1340,3823,-2483
2767171161,480451,2961,2717,244
2767171161,540463,3329,2846,483
2767171161,600486,5128,2319,2809
2767171161,660517,4657,2919,1738
2767171161,720529,1492,3197,-1705
2767171161,780539,3184,3732,-548
2767171161,840571,4072,5735,-1663
2767171161,900597,5392,5541,-149
2767171161,960628,6586,2797,3789
2767171161,1020651,3670,2674,996
2767171161,1080676,3722,2604,1118
2767171161,1140697,1778,5859,-4081
2767171161,1200712,3805,3298,507
2767171161,1260719,2575,5404,-2829
2767171161,1320746,3965,3551,414
2767171161,1380765,4241,2879,1362
2767171161,1440771,2088,5316,-3228
2767171161,1500785,3623,4340,-717
2767171161,1560796,5673,5193,480
2767171161,1620820,6462,3474,2988
2767171161,1680831,1551,2698,-1147
2767171161,1740852,2837,2777,60
2767171161,1800864,5242,3328,1914
2767171161,1860875,2089,3196,-1107
2767171161,1920894,4948,3275,1673
2767171161,1980898,3930,5241,-1311
2767171161,2040925,1941,3266,-1325
2767171161,2100939,4062,6047,-1985
2767171161,2160952,2299,3902,-1603
2767171161,2220957,4146,4026,120
2767171161,2280983,4476,5830,-1354
2767171161,2340995,5856,3137,2719
2767171161,2400995,5688,3095,2593
2767188604,171,2500,2500,0
2767188604,60200,0,500,-500
2767188604,120232,396,383,13
2767188604,180264,1698,2169,-471
2767188604,240297,2038,3291,-1253
2767188604,300305,3580,2293,1287
2767188604,360336,2622,3581,-959
2767188604,420351,3254,4847,-1593
2767188604,480357,1463,5095,-3632
2767188604,540366,2403,3114,-711
2767188604,600367,2506,4019,-1513
2767188604,660380,4484,4493,-9
2767188604,720386,3705,2985,720
2767188604,780392,1977,1346,631
2767188604,840405,3679,2586,1093
2767188604,900419,4933,4197,736
2767188604,960444,7564,3626,3938
2767188604,1020467,1816,1964,-148
2767188604,1080492,3460,2786,674
2767188604,1140524,6572,1389,5183
2767188604,1200549,7095,1231,5864
2767188604,1260561,4860,3946,914
2767188604,1320594,5358,2701,2657
2767188604,1380614,2793,1996,797
2767188604,1440638,5218,2821,2397
2767188604,1500645,5752,1206,4546
2767188604,1560658,7750,1099,6651
2767188604,1620675,10390,2606,7784
2767188604,1680675,13016,3412,9604
2767257713,187,2500,2500,0
2767257713,60215,0,0,0
2767257713,120246,472,448,24
2767257713,180275,1874,1843,31
2767257713,240304,2506,3393,-887
2767257713,300308,3029,1975,1054
2767257713,360312,4605,3231,1374
2767257713,420329,5479,3318,2161
2767257713,480340,1190,1036,154
2767257713,540379,2916,2564,352
2767257713,600393,3342,3014,328
2767257713,660417,4262,3795,467
2767257713,720430,5313,2540,2773
2767257713,780432,2834,1442,1392
2767257713,840433,3778,3501,277
2767257713,900458,2986,3571,-585
2767257713,960464,4246,4068,178
2767257713,1020481,2046,1100,946
2767257713,1080489,2263,2699,-436
2767257713,1140505,2571,7447,-4876
2767257713,1200528,5626,521,5105
2767257713,1260541,5798,2378,3420
2767257713,1320573,4308,1830,2478
2767257713,1380601,2352,2915,-563
2767257713,1440621,5062,2777,2285
2767257713,1500627,1781,2508,-727
2767257713,1560650,2340,5536,-3196
2767257713,1620676,3036,9598,-6562
2767257713,1680679,3774,2001,1773
2767257713,1740684,5491,2078,3413
2767257713,1800707,3807,3048,759
2767257713,1860746,3956,3231,725
2767257713,1920758,6153,5746,407
2767257713,1980767,4296,3539,757
2767257713,2040774,5751,2125,3626
2767257713,2100817,7155,3819,3336
2767257713,2160831,4168,2112,2056
2767257713,2220843,5648,3902,1746
2767257713,2280860,4769,5961,-1192
2767257713,2340882,5209,5440,-231
2767257713,2400889,4969,3589,1380
2767257713,2460898,8595,3288,5307
2767257713,2520924,7367,2094,5273
2767257713,2580949,2702,3765,-1063
2767257713,2640958,7859,3059,4800
2767257713,2700962,6331,5076,1255
2767257713,2760984,6271,6027,244
2767257713,2821011,10538,5350,5188
2767257713,2881029,11940,4601,7339
2767257713,2941054,10494,7194,3300
2767257713,3001059,10239,8420,1819
2767257713,3061091,13191,8492,4699
2767257713,3121120,13882,8491,5391
2767257713,3181130,13595,8559,5036
2767257713,3241159,14521,11146,3375
2767257713,3301188,17100,9547,7553
2767257713,3361240,12947,10110,2837
2767257713,3421242,14377,13953,424
2767257713,3481242,109,-2121,2230
2767924911,112,7000,7000,0
2767924911,60140,110,10,100
2767924911,120169,2486,2383,103
2767924911,180198,3554,2885,669
2767924911,240226,6287,4512,1775
2767924911,300255,4209,1186,3023
2767924911,360284,2379,3396,-1017
2767924911,420314,4773,3428,1345
2767924911,480343,5257,5499,-242
2767924911,540372,2262,4178,-1916
2767924911,600401,6517,1363,5154
2767924911,660430,5923,2408,3515
2767924911,720459,3679,4794,-1115
2767924911,780488,4710,2335,2375
2767924911,840520,5711,3877,1834
2767924911,900520,8592,2915,5677
2767937042,52,7000,7000,0
2767937042,60080,10,1410,-1400
2767937042,120109,2251,2121,130
2767937042,180138,4505,4239,266
2767937042,240167,6658,6502,156
2767937042,300195,8871,8668,203
2767937042,360228,577,1833,-1256
2767937042,420257,4554,2182,2372
2767937042,480287,3428,1313,2115
2767937042,540317,3667,3277,390
2767937042,600346,4084,1387,2697
2767937042,660376,7361,2753,4608
2767937042,720407,5480,3561,1919
2767937042,780439,4923,3875,1048
2767937042,840468,4755,4172,583
2767937042,900468,3967,4214,-247
2767938688,177,2500,2500,0
2767938688,60206,0,0,0
2767938688,120235,361,371,-10
2767938688,180238,1960,1693,267
2767938688,240254,2381,2464,-83
2767938688,300257,3573,2249,1324
2767938688,360281,1489,3006,-1517
2767938688,420313,1787,3960,-2173
2767938688,480332,2011,2437,-426
2767938688,540360,4174,3054,1120
2767938688,600377,3395,3962,-567
2767938688,660399,4081,6444,-2363
2767938688,720415,1757,2074,-317
2767938688,780427,2905,3591,-686
2767938688,840456,3032,4720,-1688
2767938688,900463,3150,4484,-1334
2767938688,960489,5070,4621,449
2767938688,1020490,1813,3600,-1787
2767938688,1080520,2602,5063,-2461
2767938688,1140548,3239,5438,-2199
2767938688,1200551,3600,1754,1846
2767938688,1260568,2386,4662,-2276
2767938688,1320583,3663,4179,-516
2767938688,1380584,2022,5387,-3365
2767938688,1440610,2624,3354,-730
2767938688,1500628,2747,6722,-3975
2767938688,1560648,2924,7779,-4855
2767938688,1620657,2425,3691,-1266
2767938688,1680687,2657,4937,-2280
2767938688,1740705,4081,6389,-2308
2767938688,1800721,3077,9240,-6163
2767938688,1860723,3050,1958,1092
2767938688,1920732,3980,3134,846
2767938688,1980759,4492,3548,944
2767938688,2040772,3454,5055,-1601
2767938688,2100793,5886,3728,2158
2767938688,2160818,3691,5139,-1448
2767938688,2220831,4352,3593,759
2767938688,2280849,8771,5351,3420
2767938688,2340874,10876,2735,8141
2767938688,2400895,9853,4468,5385
2767938688,2460920,11544,5371,6173
2767963813,170,2500,2500,0
2767963813,60199,0,0,0
2767963813,120228,1090,449,641
2767963813,180257,2504,1825,679
2767963813,240289,3783,2046,1737
2767963813,300317,1143,1265,-122
2767963813,360322,2238,2797,-559
2767963813,420352,2344,1568,776
2767963813,480380,3530,3250,280
2767963813,540407,5358,1322,4036
2767963813,600410,1470,1738,-268
2767963813,660416,2959,1120,1839
2767963813,720422,2323,1594,729
2767963813,780444,3663,2805,858
2767963813,840447,6189,2311,3878
2767963813,900453,4333,3299,1034
2767963813,960463,2266,5833,-3567
2767963813,1020466,6005,2500,3505
2767963813,1080479,5078,2701,2377
2767963813,1140509,3005,5330,-2325
2767963813,1200541,7934,1922,6012
2767963813,1260554,12316,2999,9317
2767963813,1320581,6001,3644,2357
2767963813,1380588,2864,4757,-1893
2767963813,1440589,2923,5454,-2531
2767963813,1500597,4846,4632,214
2767963813,1560623,7049,3411,3638
2767963813,1620627,8309,4846,3463
2767963813,1680656,6903,2990,3913
2767963813,1740664,5080,5195,-115
2767963813,1800664,8999,4385,4614
2767977557,186,2500,2500,0
2767977557,60216,0,0,0
2767977557,120246,480,381,99
2767977557,180246,1763,2271,-508
2767977557,240246,2992,3177,-185
2767977557,300277,3592,2575,1017
2767977557,360308,2885,3059,-174
2767977557,420338,3305,4096,-791
2767977557,480349,3328,2767,561
2767977557,540358,4223,3330,893
2767977557,600377,2744,3446,-702
2767977557,660384,3977,3667,310
2767977557,720397,4351,3059,1292
2767977557,780425,2280,2665,-385
2767977557,840450,1972,4562,-2590
2767977557,900475,3265,4252,-987
2767977557,960482,5643,7348,-1705
2767977557,1020510,2041,1624,417
2767977557,1080527,3795,3288,507
2767977557,1140536,3301,3436,-135
2767977557,1200541,2480,5268,-2788
2767977557,1260557,5466,5355,111
2767977557,1320560,6528,5027,1501
2767977557,1380579,1647,5634,-3987
2767977557,1440584,4224,2891,1333
2767977557,1500601,6814,3978,2836
2767977557,1560618,2571,5405,-2834
2767977557,1620618,6163,3407,2756
2768063473,49,7000,7000,0
2768063473,60077,310,1410,-1100
2768063473,120106,2487,2110,377
2768063473,180135,2694,4113,-1419
2768063473,240164,4266,3177,1089
2768063473,300166,6245,2822,3423
2768063473,360195,8309,4923,3386
2768063473,420226,6872,4341,2531
2768063473,480256,2122,5459,-3337
2768063473,540269,4814,6959,-2145
2768063473,600298,8068,1296,6772
2768063473,660327,7506,3623,3883
2768063473,720357,5615,5938,-323
2768063473,780386,5359,2550,2809
2768063473,840388,6835,5409,1426
2768063473,900417,7558,3188,4370
2768063473,960422,6824,3995,2829
2768063473,1020427,5974,3448,2526
2768063473,1080429,8809,6461,2348
2768063473,1140435,6123,4896,1227
2768063473,1200435,8452,4662,3790
2768067875,165,2500,2500,0
2768067875,60194,0,0,0
2768067875,120205,425,318,107
2768067875,180213,2007,1531,476
2768067875,240214,2337,3057,-720
2768067875,300260,2602,3452,-850
2768067875,360263,1044,2438,-1394
2768067875,420275,2431,1309,1122
2768067875,480284,3502,1189,2313
2768067875,540307,2624,2230,394
2768067875,600331,2699,3399,-700
2768067875,660356,3412,5836,-2424
2768067875,720369,6275,2608,3667
2768067875,780385,3531,2007,1524
2768067875,840412,5510,2049,3461
2768067875,900426,2882,1440,1442
2768067875,960432,4665,3929,736
2768067875,1020464,2061,2202,-141
2768067875,1080468,2659,3474,-815
2768067875,1140482,5730,1408,4322
2768067875,1200512,6171,1842,4329
2768067875,1260526,7810,1400,6410
2768067875,1320538,3516,3515,1
2768067875,1380565,1202,5890,-4688
2768067875,1440584,3685,1880,1805
2768067875,1500599,4858,1317,3541
2768067875,1560601,5186,4551,635
2768067875,1620602,1790,3172,-1382
2768067875,1680632,4106,3807,299
2768067875,1740636,4140,2979,1161
2768067875,1800648,4662,5236,-574
2768067875,1860673,5291,3154,2137
2768067875,1920693,3508,3041,467
2768067875,1980720,6837,3572,3265
2768067875,2040740,3684,4598,-914
2768067875,2100747,3372,2017,1355
2768067875,2160772,5153,3727,1426
2768067875,2220780,6929,3629,3300
2768067875,2280792,8989,3975,5014
2768067875,2340792,5765,2475,3290
2768109344,178,2500,2500,0
2768109344,60207,0,0,0
2768109344,120236,465,492,-27
2768109344,180264,2678,1652,1026
2768109344,240294,2253,2986,-733
2768109344,300326,2793,2781,12
2768109344,360358,4962,4004,958
2768109344,420365,827,2481,-1654
2768109344,480382,1786,4183,-2397
2768109344,540414,2502,2112,390
2768109344,600433,3742,2708,1034
2768109344,660448,3054,2253,801
2768109344,720456,4095,1580,2515
2768109344,780465,3343,3607,-264
2768109344,840483,4100,2898,1202
2768109344,900502,3923,2406,1517
2768109344,960505,7069,2225,4844
2768109344,1020526,6233,1769,4464
2768109344,1080529,4012,2086,1926
2768109344,1140530,5385,3426,1959
2768109344,1200533,2559,1610,949
2768109344,1260544,3694,3140,554
2768109344,1320564,4335,4364,-29
2768109344,1380592,5289,4420,869
2768109344,1440600,7173,5130,2043
2768109344,1500611,5787,4739,1048
2768109344,1560612,1920,3306,-1386
2768109344,1620644,2417,5810,-3393
2768109344,1680663,3533,4485,-952
2768109344,1740674,7413,2060,5353
2768109344,1800698,10196,2137,8059
2768109344,1860718,5326,3408,1918
2768109344,1920757,1729,1000,729
2768109344,1980789,6703,1160,5543
2768109344,2040818,6847,1570,5277
2768109344,2100847,2829,2518,311
2768109344,2160872,3828,3114,714
2768109344,2220897,9276,3724,5552
2768138100,172,2500,2500,0
2768138100,60201,500,100,400
2768138100,120232,352,549,-197
2768138100,180240,1843,1901,-58
2768138100,240247,2256,2827,-571
2768138100,300273,3620,3750,-130
2768138100,360293,2443,3000,-557
2768138100,420317,3236,3903,-667
2768138100,480350,4075,4488,-413
2768138100,540373,2107,1926,181
2768138100,600391,2746,3870,-1124
2768138100,660422,5223,3050,2173
2768138100,720428,4729,4057,672
2768138100,780453,4012,4951,-939
2768138100,840457,1697,1488,209
2768138100,900470,3211,2835,376
2768138100,960476,5289,4335,954
2768138100,1020506,4138,1781,2357
2768138100,1080511,2212,1922,290
2768138100,1140535,3603,1986,1617
2768138100,1200566,3946,4020,-74
2768138100,1260591,2867,2609,258
2768138100,1320593,3361,5659,-2298
2768138100,1380600,2820,4735,-1915
2768138100,1440632,5736,5823,-87
2768138100,1500636,4918,6031,-1113
2768138100,1560666,4132,1525,2607
2768138100,1620686,4271,3622,649
2768138100,1680706,5440,2404,3036
2768138100,1740716,3636,3752,-116
2768138100,1800743,4850,5179,-329
2768138100,1860772,5557,2625,2932
2768138100,1920802,6268,2480,3788
2768138100,1980815,7917,3778,4139
2768138100,2040815,8018,3611,4407
2768217152,50,7000,7000,0
2768217152,60078,40,110,-70
2768217152,120082,2171,2511,-340
2768217152,180111,2837,5498,-2661
2768217152,240140,3293,6140,-2847
2768217152,300169,5848,7118,-1270
2768217152,360201,1857,7215,-5358
2768217152,420230,4510,8562,-4052
2768217152,480263,4665,2687,1978
2768217152,540292,4372,5440,-1068
2768217152,600325,6518,3052,3466
2768217152,660355,2237,5845,-3608
2768217152,720361,3325,6369,-3044
2768217152,780362,3926,7598,-3672
2768217152,840370,5086,3322,1764
2768217152,900403,4929,2767,2162
2768555906,44,7000,7000,0
2768555906,60074,310,15,295
2768555906,120104,2088,2861,-773
2768555906,180133,4520,4223,297
2768555906,240163,6285,5557,728
2768555906,300195,8031,6883,1148
2768555906,360225,8257,2423,5834
2768555906,420256,8346,4377,3969
2768555906,480286,7361,2344,5017
2768555906,540316,9456,4743,4713
2768555906,600346,8628,4358,4270
2768555906,660355,6820,2150,4670
2768555906,720387,10086,2912,7174
2768555906,780417,7110,3566,3544
2768555906,840421,7641,3990,3651
2768555906,900451,4953,3787,1166
2768555906,960483,7801,5922,1879
2768555906,1020516,13433,2094,11339
2768555906,1080516,15687,1506,14181
2768558409,163,2500,2500,0
2768558409,60195,560,0,560
2768558409,120228,948,408,540
2768558409,180258,2263,1694,569
2768558409,240260,3905,2934,971
2768558409,300266,2191,2695,-504
2768558409,360298,2737,3520,-783
2768558409,420306,2932,3373,-441
2768558409,480329,4907,2112,2795
2768558409,540339,7293,1817,5476
2768558409,600353,1632,3120,-1488
2768558409,660383,3320,2812,508
2768558409,720407,3155,4295,-1140
2768558409,780413,3469,2334,1135
2768558409,840414,4133,2299,1834
2768558409,900421,1705,2959,-1254
2768558409,960432,2001,3662,-1661
2768558409,1020462,3711,4287,-576
2768558409,1080471,5507,3790,1717
2768558409,1140489,1841,2781,-940
2768558409,1200516,2558,3512,-954
2768558409,1260542,4213,3090,1123
2768558409,1320547,3768,1852,1916
2768558409,1380553,3761,3105,656
2768558409,1440586,3840,2952,888
2768558409,1500613,4493,2107,2386
2768558409,1560632,4092,4128,-36
2768558409,1620658,3372,4038,-666
2768558409,1680688,3609,3998,-389
2768558409,1740713,4438,5434,-996
2768558409,1800723,2535,787,1748
2768558409,1860752,1921,2491,-570
2768558409,1920780,5864,2510,3354
2768558409,1980794,7044,2754,4290
2768558409,2040801,3194,2280,914
2768558409,2100801,3378,4779,-1401
2768558409,2160810,3856,3981,-125
2768558409,2220820,5206,2346,2860
2768558409,2280852,7079,2360,4719
2768558409,2340885,2797,2646,151
2768558409,2400915,5993,3620,2373
2768566923,160,2500,2500,0
2768566923,60189,0,0,0
2768566923,120221,442,412,30
2768566923,180250,2143,1651,492
2768566923,240281,2623,3244,-621
2768566923,300325,4577,2708,1869
2768566923,360354,2692,3508,-816
2768566923,420358,2849,4171,-1322
2768566923,480373,4638,3123,1515
2768566923,540404,4305,3598,707
2768566923,600435,2314,2776,-462
2768566923,660442,4536,4319,217
2768566923,720451,3580,4044,-464
2768566923,780465,3129,3418,-289
2768566923,840485,6309,3775,2534
2768566923,900500,1583,1957,-374
2768566923,960511,3115,3298,-183
2768566923,1020514,7041,2725,4316
2768566923,1080523,5599,3583,2016
2768566923,1140554,3619,1186,2433
2768566923,1200584,7926,2751,5175
2768566923,1260613,6320,2075,4245
2768566923,1320630,2080,2727,-647
2768566923,1380660,7370,2418,4952
2768566923,1440660,7321,2150,5171
2768592863,43,7000,7000,0
2768592863,60072,100,1845,-1745
2768592863,120101,2155,2462,-307
2768592863,180129,4360,4806,-446
2768592863,240161,7364,3999,3365
2768592863,300192,7095,2761,4334
2768592863,360220,9230,4908,4322
2768592863,420253,864,3586,-2722
2768592863,480282,3738,4912,-1174
2768592863,540309,3226,4637,-1411
2768592863,600337,2733,2488,245
2768592863,660348,3017,4735,-1718
2768592863,720380,3836,1834,2002
2768592863,780382,5571,4651,920
2768592863,840387,7071,2573,4498
2768592863,900418,4091,3938,153
2768592863,960450,6852,6582,270
2768592863,1020458,5097,3647,1450
2768592863,1080485,3223,3075,148
2768592863,1140514,6286,4849,1437
2768592863,1200514,8871,2172,6699
2768618415,48,7000,7000,0
2768618415,60076,225,285,-60
2768618415,120106,2286,2261,25
2768618415,180135,3757,4470,-713
2768618415,240163,6988,2826,4162
2768618415,300195,3139,4552,-1413
2768618415,360224,4917,6028,-1111
2768618415,420253,7177,3265,3912
2768618415,480282,2193,3806,-1613
2768618415,540282,4623,6500,-1877
2768618415,600310,7711,1963,5748
2768618415,660339,2433,6917,-4484
2768618415,720370,5024,3300,1724
2768618415,780402,5957,1380,4577
2768618415,840416,8726,3215,5511
2768618415,900444,2171,3884,-1713
2768618415,960449,4429,3549,880
2768618415,1020451,5575,2500,3075
2768618415,1080483,4063,3575,488
2768618415,1140486,5700,5198,502
2768618415,1200507,3018,4699,-1681
2768618415,1260517,5066,6271,-1205
2768618415,1320524,4344,6952,-2608
2768618415,1380548,6326,5762,564
2768618415,1440574,6651,3134,3517
2768618415,1500574,7402,2602,4800
2769465655,163,2500,2500,0
2769465655,60193,500,0,500
2769465655,120223,436,407,29
2769465655,180223,1662,2197,-535
2769465655,240255,2338,2117,221
2769465655,300287,3377,1578,1799
2769465655,360315,3245,2346,899
2769465655,420350,1478,2616,-1138
2769465655,480373,3355,2772,583
2769465655,540399,4473,3944,529
2769465655,600431,2657,5389,-2732
2769465655,660433,2614,4790,-2176
2769465655,720440,4479,1779,2700
2769465655,780450,4595,2767,1828
2769465655,840478,6333,3182,3151
2769465655,900503,6582,5512,1070
2769465655,960516,1800,4612,-2812
2769465655,1020526,4614,4104,510
2769465655,1080554,3336,6081,-2745
2769465655,1140559,4249,2249,2000
2769465655,1200591,5048,1575,3473
2769465655,1260621,2797,3156,-359
2769465655,1320643,4548,4734,-186
2769465655,1380653,1787,4225,-2438
2769465655,1440665,4847,1752,3095
2769465655,1500688,3439,2553,886
2769465655,1560700,6203,974,5229
2769465655,1620711,7329,3537,3792
2769465655,1680740,2787,4597,-1810
2769465655,1740764,4381,5082,-701
2769465655,1800781,3656,3627,29
2769465655,1860808,6458,4599,1859
2769526251,161,2500,2500,0
2769526251,60191,0,500,-500
2769526251,120220,428,474,-46
2769526251,180249,1594,2533,-939
2769526251,240279,2918,3252,-334
2769526251,300308,2955,2722,233
2769526251,360311,3046,4113,-1067
2769526251,420342,4403,1259,3144
2769526251,480344,2081,3002,-921
2769526251,540373,3032,3542,-510
2769526251,600388,2784,1861,923
2769526251,660394,3109,2446,663
2769526251,720427,2720,2121,599
2769526251,780456,4074,1933,2141
2769526251,840472,4118,2146,1972
2769526251,900503,4873,3190,1683
2769526251,960511,3619,3630,-11
2769526251,1020522,5697,2507,3190
2769526251,1080549,1927,1989,-62
2769526251,1140578,4033,1437,2596
2769526251,1200580,4783,3385,1398
2769526251,1260599,4342,4581,-239
2769526251,1320621,6020,3560,2460
2769526251,1380649,4597,5264,-667
2769526251,1440675,3228,2111,1117
2769526251,1500680,7585,2945,4640
2769526251,1560708,2708,4937,-2229
2769526251,1620718,5195,3375,1820
2769526251,1680735,4028,2821,1207
2769526251,1740752,5556,3590,1966
2769526251,1800771,5122,1400,3722
2769526251,1860785,5034,3719,1315
2769526251,1920794,3860,5339,-1479
2769526251,1980799,3250,2611,639
2769526251,2040804,3720,6917,-3197
2769526251,2100820,4228,3010,1218
2769526251,2160845,2823,3624,-801
2769526251,2220864,7002,3842,3160
2769526251,2280864,4305,1865,2440
2769552725,170,2500,2500,0
2769552725,60199,964,25,939
2769552725,120229,692,574,118
2769552725,180259,1958,1789,169
2769552725,240291,3723,1959,1764
2769552725,300321,3454,2392,1062
2769552725,360352,2005,2270,-265
2769552725,420356,2545,2361,184
2769552725,480386,3459,3718,-259
2769552725,540387,4854,2029,2825
2769552725,600392,3297,2089,1208
2769552725,660409,1934,1415,519
2769552725,720414,3351,2741,610
2769552725,780438,4997,2438,2559
2769552725,840452,7909,1808,6101
2769552725,900460,6278,4739,1539
2769552725,960477,5223,3804,1419
2769552725,1020501,4466,3278,1188
2769552725,1080518,6607,2912,3695
2769552725,1140528,4778,4202,576
2769552725,1200528,7075,3477,3598
2769552725,1260554,7530,3992,3538
2769552725,1320573,3382,3035,347
2769552725,1380573,4651,4453,198
2769557080,167,2500,2500,0
2769557080,60196,0,0,0
2769557080,120226,357,455,-98
2769557080,180255,1804,1972,-168
2769557080,240287,2533,2571,-38
2769557080,300319,3023,4662,-1639
2769557080,360323,2001,1350,651
2769557080,420323,2793,2629,164
2769557080,480324,1933,3851,-1918
2769557080,540337,3224,3018,206
2769557080,600350,3523,2094,1429
2769557080,660366,3633,1873,1760
2769557080,720377,2362,3210,-848
2769557080,780410,1635,4360,-2725
2769557080,840430,1729,6201,-4472
2769557080,900448,4355,1873,2482
2769557080,960458,2802,4915,-2113
2769557080,1020475,3907,4868,-961
2769557080,1080485,4780,1470,3310
2769557080,1140514,3449,2192,1257
2769557080,1200530,4676,4158,518
2769557080,1260540,5488,7820,-2332
2769557080,1320565,1662,3981,-2319
2769557080,1380580,4049,581,3468
2769557080,1440596,4216,2482,1734
2769557080,1500610,2537,6385,-3848
2769557080,1560634,2151,3118,-967
2769557080,1620654,2265,6155,-3890
2769557080,1680686,4117,2119,1998
2769557080,1740697,3572,3027,545
2769557080,1800724,2499,6941,-4442
2769557080,1860730,4682,8460,-3778
2769557080,1920749,2242,2513,-271
2769557080,1980781,1807,3860,-2053
2769557080,2040791,3557,4888,-1331
2769557080,2100826,4643,6466,-1823
2769557080,2160849,4146,6156,-2010
2769557080,2220871,4462,7523,-3061
2769557080,2280887,6872,5632,1240
2769557080,2340890,6552,3472,3080
2769557080,2400897,5125,3552,1573
2769557080,2460907,5790,2617,3173
2769557080,2520925,4804,4258,546
2769557080,2580933,7290,3681,3609
2769557080,2640935,6393,2565,3828
2769557080,2700948,9041,3428,5613
2769557080,2760948,10496,3214,7282
2769605360,209,2500,2500,0
2769605360,60239,0,0,0
2769605360,120271,413,478,-65
2769605360,180276,1750,1835,-85
2769605360,240289,2523,2774,-251
2769605360,300321,3261,3507,-246
2769605360,360333,2758,866,1892
2769605360,420353,2056,1935,121
2769605360,480367,2059,2336,-277
2769605360,540381,2805,2235,570
2769605360,600411,2247,2943,-696
2769605360,660413,1325,4951,-3626
2769605360,720414,2760,4044,-1284
2769605360,780434,4415,4065,350
2769605360,840442,1509,2809,-1300
2769605360,900472,2932,2630,302
2769605360,960477,6032,1296,4736
2769605360,1020505,1701,2905,-1204
2769605360,1080522,2612,3472,-860
2769605360,1140535,5045,4127,918
2769605360,1200562,2975,2976,-1
2769605360,1260579,3990,3608,382
2769605360,1320601,4100,5325,-1225
2769605360,1380631,2912,2663,249
2769605360,1440656,3284,3030,254
2769605360,1500669,7000,1611,5389
2769605360,1560677,3349,3773,-424
2769605360,1620687,5022,4256,766
2769605360,1680704,2751,1659,1092
2769605360,1740708,6392,2744,3648
2769605360,1800708,8742,2095,6647
2769653710,173,2500,2500,0
2769653710,60202,0,500,-500
2769653710,120232,324,362,-38
2769653710,180264,3031,1371,1660
2769653710,240271,2340,2371,-31
2769653710,300288,2526,2318,208
2769653710,360303,3648,1767,1881
2769653710,420309,2645,2355,290
2769653710,480322,3723,3091,632
2769653710,540333,1808,2188,-380
2769653710,600362,1704,3118,-1414
2769653710,660383,3977,2313,1664
2769653710,720401,4766,4116,650
2769653710,780402,4512,2081,2431
2769653710,840432,4698,2525,2173
2769653710,900441,1930,3713,-1783
2769653710,960470,3664,5721,-2057
2769653710,1020472,4631,3035,1596
2769653710,1080501,2545,3190,-645
2769653710,1140534,2765,2822,-57
2769653710,1200551,3016,3208,-192
2769653710,1260560,5693,3049,2644
2769653710,1320569,5800,2666,3134
2769653710,1380595,5703,3537,2166
2769653710,1440597,3266,1375,1891
2769653710,1500624,3520,3034,486
2769653710,1560635,6992,3886,3106
2769653710,1620636,5057,4469,588
2769653710,1680669,3363,3649,-286
2769653710,1740687,6607,1570,5037
2769653710,1800714,6756,4005,2751
2769653710,1860738,5034,4972,62
2769653710,1920767,7196,2404,4792
2769653710,1980767,7652,1791,5861
2769997109,164,2500,2500,0
2769997109,60192,0,0,0
2769997109,120193,433,367,66
2769997109,180199,1911,2314,-403
2769997109,240200,2185,3652,-1467
2769997109,300229,3138,2555,583
2769997109,360234,4336,2956,1380
2769997109,420235,6484,2319,4165
2769997109,480244,2766,2277,489
2769997109,540260,2103,2544,-441
2769997109,600269,1957,4559,-2602
2769997109,660274,2828,2029,799
2769997109,720290,4100,2359,1741
2769997109,780308,2769,2254,515
2769997109,840332,1530,3265,-1735
2769997109,900348,1656,3856,-2200
2769997109,960355,1643,2731,-1088
2769997109,1020381,2292,4258,-1966
2769997109,1080398,3858,5775,-1917
2769997109,1140428,3732,3932,-200
2769997109,1200445,3563,5704,-2141
2769997109,1260446,3429,4376,-947
2769997109,1320465,3605,3284,321
2769997109,1380482,7534,1537,5997
2769997109,1440507,2757,3277,-520
2769997109,1500507,4861,5113,-252
2769997109,1560526,2903,2835,68
2769997109,1620564,2301,5028,-2727
2769997109,1680593,2941,4486,-1545
2769997109,1740621,3381,3728,-347
2769997109,1800643,2726,5503,-2777
2769997109,1860673,3368,3629,-261
2769997109,1920701,2164,3867,-1703
2769997109,1980727,3685,5700,-2015
2769997109,2040735,2463,6752,-4289
2769997109,2100740,3860,6081,-2221
2769997109,2160771,3739,5341,-1602
2769997109,2220797,2216,3795,-1579
2769997109,2280803,3726,4768,-1042
2769997109,2340825,4745,5127,-382
2769997109,2400856,3250,6542,-3292
2769997109,2460888,4411,9599,-5188
2769997109,2520915,7170,7816,-646
2769997109,2580924,3373,5876,-2503
2769997109,2640952,6357,7159,-802
2769997109,2700962,8570,5030,3540
2769997109,2760970,10188,8860,1328
2769997109,2820988,10014,8841,1173
2769997109,2881011,9758,6791,2967
2769997109,2941015,10675,8527,2148
2769997109,3001015,7687,2985,4702
2770003092,181,2500,2500,0
2770003092,60210,0,0,0
2770003092,120240,856,392,464
2770003092,180270,1663,2083,-420
2770003092,240276,3133,2625,508
2770003092,300308,5334,2971,2363
2770003092,360338,686,2423,-1737
2770003092,420342,3058,2167,891
2770003092,480372,3837,2871,966
2770003092,540389,4403,2675,1728
2770003092,600418,6675,2623,4052
2770003092,660429,7753,4358,3395
2770003092,720435,4057,3331,726
2770003092,780463,3531,2856,675
2770003092,840472,5902,2031,3871
2770003092,900475,4623,2476,2147
2770003092,960508,8181,1861,6320
2770003092,1020522,6638,1911,4727
2770003092,1080539,5047,4047,1000
2770003092,1140539,4341,4161,180
2771251363,163,2500,2500,0
2771251363,60190,0,10,-10
2771251363,120219,445,373,72
2771251363,180248,2669,1400,1269
2771251363,240254,3260,2440,820
2771251363,300285,1028,1557,-529
2771251363,360317,2611,1997,614
2771251363,420325,3872,2530,1342
2771251363,480330,2207,1951,256
2771251363,540346,3601,3016,585
2771251363,600358,7711,2847,4864
2771251363,660359,2959,3789,-830
2771251363,720378,4193,3328,865
2771251363,780407,3178,4202,-1024
2771251363,840424,5876,4266,1610
2771251363,900440,6530,4299,2231
2771251363,960440,9905,5044,4861
2771259537,152,2500,2500,0
2771259537,60181,0,500,-500
2771259537,120210,414,424,-10
2771259537,180239,1311,1731,-420
2771259537,240268,1841,2975,-1134
2771259537,300301,3159,4365,-1206
2771259537,360334,3046,4956,-1910
2771259537,420363,3666,2473,1193
2771259537,480393,3367,2340,1027
2771259537,540423,2270,3361,-1091
2771259537,600451,3941,764,3177
2771259537,660457,2356,1736,620
2771259537,720458,4063,2875,1188
2771259537,780459,4258,3575,683
2771259537,840490,4014,4533,-519
2771259537,900506,7234,2391,4843
2771259537,960509,7416,1422,5994
2771259537,1020510,6811,2006,4805
2771259537,1080513,4961,3055,1906
2771259537,1140528,2149,3077,-928
2771259537,1200542,3251,5072,-1821
2771259537,1260565,3423,1946,1477
2771259537,1320574,4568,3464,1104
2771259537,1380602,2966,5870,-2904
2771259537,1440632,3276,9698,-6422
2771259537,1500633,4157,5664,-1507
2771259537,1560658,4471,4374,97
2771259537,1620687,2872,7138,-4266
2771259537,1680698,3578,2663,915
2771259537,1740714,2416,3900,-1484
2771259537,1800716,4729,6589,-1860
2771259537,1860737,4070,1955,2115
2771259537,1920738,3560,3254,306
2771259537,1980769,4531,3176,1355
2771259537,2040786,9862,3165,6697
2771259537,2100786,11154,2189,8965
2771284780,165,2500,2500,0
2771284780,60195,100,0,100
2771284780,120224,467,438,29
2771284780,180253,1804,1384,420
2771284780,240282,2741,2422,319
2771284780,300311,1543,3949,-2406
2771284780,360343,3280,2468,812
2771284780,420348,2610,4267,-1657
2771284780,480380,1101,1366,-265
2771284780,540387,4007,2723,1284
2771284780,600396,3162,3796,-634
2771284780,660406,3091,5787,-2696
2771284780,720434,4410,6052,-1642
2771284780,780449,2616,5082,-2466
2771284780,840473,3451,5098,-1647
2771284780,900492,1882,3173,-1291
2771284780,960502,4314,4507,-193
2771284780,1020522,3397,2420,977
2771284780,1080555,1978,2434,-456
2771284780,1140560,3462,4469,-1007
2771284780,1200573,6377,5429,948
2771284780,1260590,2963,5852,-2889
2771284780,1320619,4117,955,3162
2771284780,1380641,4919,2597,2322
2771284780,1440672,2287,4915,-2628
2771284780,1500688,3036,2919,117
2771284780,1560712,6778,1517,5261
2771284780,1620725,7379,2483,4896
2771284780,1680743,3918,2426,1492
2771284780,1740750,4529,4228,301
2771284780,1800779,3245,2879,366
2771284780,1860797,4836,2819,2017
2771284780,1920811,6277,4284,1993
2771284780,1980838,3260,1951,1309
2771284780,2040848,2941,1628,1313
2771284780,2100851,6115,2519,3596
2771284780,2160868,8241,2935,5306
2771292493,161,2500,2500,0
2771292493,60190,0,0,0
2771292493,120193,377,347,30
2771292493,180224,2233,941,1292
2771292493,240226,3471,3136,335
2771292493,300258,1288,1047,241
2771292493,360266,2658,2307,351
2771292493,420275,3717,1021,2696
2771292493,480306,4639,1678,2961
2771292493,540322,5844,2416,3428
2771292493,600326,8576,1190,7386
2771292493,660349,2257,2450,-193
2771292493,720370,5720,1926,3794
2771292493,780399,6182,1863,4319
2771292493,840428,4576,3881,695
2771292493,900430,2923,2920,3
2771292493,960451,6454,1263,5191
2771292493,1020472,7338,2390,4948
2771292493,1080484,7263,4001,3262
2771292493,1140489,6586,2281,4305
2771292493,1200506,3755,4355,-600
2771292493,1260524,7332,2479,4853
2771292493,1320524,9369,3099,6270
2771536510,164,2500,2500,0
2771536510,60192,0,0,0
2771536510,120225,396,505,-109
2771536510,180253,1493,2348,-855
2771536510,240261,1970,3624,-1654
2771536510,300293,3173,3968,-795
2771536510,360325,3503,2666,837
2771536510,420327,4405,4258,147
2771536510,480340,3579,3582,-3
2771536510,540357,1806,1876,-70
2771536510,600364,3294,2339,955
2771536510,660396,2968,4169,-1201
2771536510,720413,2462,4394,-1932
2771536510,780422,2804,7447,-4643
2771536510,840438,3397,4678,-1281
2771536510,900459,4692,4556,136
2771536510,960483,3144,7238,-4094
2771536510,1020507,3761,1737,2024
2771536510,1080530,3377,3117,260
2771536510,1140539,2811,5167,-2356
2771536510,1200548,2614,4757,-2143
2771536510,1260556,4837,3033,1804
2771536510,1320576,3466,3188,278
2771536510,1380596,1591,3805,-2214
2771536510,1440613,6017,2948,3069
2771536510,1500645,5103,2092,3011
2771536510,1560668,3295,3249,46
2771536510,1620672,6485,4032,2453
2771536510,1680672,6965,3536,3429
2771545351,164,2500,2500,0
2771545351,60193,570,100,470
2771545351,120222,810,394,416
2771545351,180251,2746,1565,1181
2771545351,240280,3640,1827,1813
2771545351,300310,652,3124,-2472
2771545351,360340,2704,2130,574
2771545351,420372,3007,2008,999
2771545351,480401,4563,1757,2806
2771545351,540403,7671,1227,6444
2771545351,600415,3790,3047,743
2771545351,660416,1820,2073,-253
2771545351,720447,3007,3534,-527
2771545351,780480,2443,2705,-262
2771545351,840486,3461,2343,1118
2771545351,900502,3512,2128,1384
2771545351,960521,2955,6204,-3249
2771545351,1020545,1901,2820,-919
2771545351,1080552,4753,1634,3119
2771545351,1140582,4368,3181,1187
2771545351,1200606,5455,6098,-643
2771545351,1260629,4066,1174,2892
2771545351,1320650,6778,1916,4862
2771545351,1380669,6963,3456,3507
2771545351,1440701,3528,4926,-1398
2771545351,1500701,8037,6421,1616
2771573486,245,2500,2500,0
2771573486,60275,0,0,0
2771573486,120304,458,506,-48
2771573486,180336,1798,1747,51
2771573486,240367,3212,2023,1189
2771573486,300398,3348,2094,1254
2771573486,360399,2513,2421,92
2771573486,420403,1012,3650,-2638
2771573486,480411,2819,1283,1536
2771573486,540417,3619,2745,874
2771573486,600423,5768,2117,3651
2771573486,660424,4009,1534,2475
2771573486,720439,5363,1561,3802
2771573486,780458,6098,2969,3129
2771573486,840464,7257,3823,3434
2771573486,900491,2146,2239,-93
2771573486,960496,3574,2222,1352
2771573486,1020521,4467,2174,2293
2771573486,1080542,7614,1724,5890
2771573486,1140568,1610,2593,-983
2771573486,1200575,4204,1486,2718
2771573486,1260585,5837,3407,2430
2771573486,1320593,3118,1397,1721
2771573486,1380623,4627,2951,1676
2771573486,1440626,3781,2332,1449
2771573486,1500632,7856,2147,5709
2771573486,1560641,6069,1278,4791
2771573486,1620647,4096,2680,1416
2771573486,1680658,6941,2232,4709
2771573486,1740673,1793,2428,-635
2771573486,1800687,4619,2521,2098
2771573486,1860687,5034,1514,3520
2771727747,162,2500,2500,0
2771727747,60191,0,0,0
2771727747,120220,452,365,87
2771727747,180248,1906,1683,223
2771727747,240277,3748,2584,1164
2771727747,300307,4559,3952,607
2771727747,360336,2384,1958,426
2771727747,420339,4609,2668,1941
2771727747,480339,1143,1933,-790
2771727747,540345,3077,2929,148
2771727747,600354,5127,3945,1182
2771727747,660384,1937,3180,-1243
2771727747,720389,2504,3107,-603
2771727747,780397,3641,2686,955
2771727747,840419,5430,3586,1844
2771727747,900443,3773,3710,63
2771727747,960464,6190,1767,4423
2771727747,1020464,4672,3627,1045
2771727747,1080471,3452,3555,-103
2771727747,1140478,2708,5217,-2509
2771727747,1200484,3264,5957,-2693
2771727747,1260497,3367,3274,93
2771727747,1320511,2568,3599,-1031
2771727747,1380530,3645,3722,-77
2771727747,1440531,6136,2132,4004
2771727747,1500547,13034,2749,10285
2771727747,1560552,6574,2597,3977
2771727747,1620553,2561,3514,-953
2771727747,1680577,6566,3629,2937
2771727747,1740577,7483,4472,3011
2771749779,162,2500,2500,0
2771749779,60191,0,0,0
2771749779,120220,339,395,-56
2771749779,180249,1559,1702,-143
2771749779,240280,4147,2951,1196
2771749779,300312,3765,1762,2003
2771749779,360343,3492,2239,1253
2771749779,420352,1951,3193,-1242
2771749779,480384,3031,4825,-1794
2771749779,540386,3867,2955,912
2771749779,600396,2872,2059,813
2771749779,660402,4536,1660,2876
2771749779,720418,2429,3007,-578
2771749779,780429,4986,3495,1491
2771749779,840454,2883,2561,322
2771749779,900472,4097,2434,1663
2771749779,960488,3012,2554,458
2771749779,1020519,2287,2414,-127
2771749779,1080524,3664,3396,268
2771749779,1140541,2621,2382,239
2771749779,1200544,5218,2880,2338
2771749779,1260569,5061,1578,3483
2771749779,1320574,3784,2867,917
2771749779,1380590,5942,2378,3564
2771749779,1440621,9849,2896,6953
2771749779,1500648,2972,2720,252
2771749779,1560650,2253,2234,19
2771791886,168,2500,2500,0
2771791886,60197,0,5,-5
2771791886,120225,914,472,442
2771791886,180254,2161,1272,889
2771791886,240287,3421,2817,604
2771791886,300314,4988,3226,1762
2771791886,360314,3992,3786,206
2771791886,420355,4673,3763,910
2771791886,480371,2129,1725,404
2771791886,540385,3589,3299,290
2771791886,600415,3009,1526,1483
2771791886,660443,3295,2536,759
2771791886,720466,4134,2745,1389
2771791886,780495,5388,1921,3467
2771791886,840505,3558,2092,1466
2771791886,900533,5172,1672,3500
2771803977,171,2500,2500,0
2771803977,60199,50,1042,-992
2771803977,120230,266,1660,-1394
2771803977,180258,1267,2228,-961
2771803977,240290,2624,2571,53
2771803977,300319,1713,3993,-2280
2771803977,360351,2148,2533,-385
2771803977,420356,3021,2491,530
2771803977,480358,2473,3569,-1096
2771803977,540388,2033,4091,-2058
2771803977,600391,3153,3667,-514
2771803977,660411,4547,1783,2764
2771803977,720431,3851,1880,1971
2771803977,780440,1693,3924,-2231
2771803977,840465,2172,4767,-2595
2771803977,900487,3467,4753,-1286
2771803977,960512,4077,3339,738
2771803977,1020532,3505,4387,-882
2771803977,1080534,3780,3404,376
2771803977,1140567,2388,4337,-1949
2771803977,1200583,2732,5357,-2625
2771803977,1260609,5683,4688,995
2771803977,1320640,3437,5665,-2228
2771803977,1380666,4386,4766,-380
2771803977,1440673,2474,4637,-2163
2771803977,1500683,4098,4685,-587
2771803977,1560686,2989,6237,-3248
2771803977,1620709,3159,1846,1313
2771803977,1680725,4122,2166,1956
2771803977,1740749,7102,1758,5344
2771803977,1800757,3369,3376,-7
2771803977,1860789,3502,2191,1311
2771803977,1920819,5936,4243,1693
2771803977,1980833,7602,2160,5442
2771803977,2040836,4817,3798,1019
2771803977,2100850,4865,5551,-686
2771803977,2160860,5805,4820,985
2771803977,2220867,7523,4502,3021
2771803977,2280873,10128,5991,4137
2771803977,2340873,11272,3586,7686
2771809200,160,2500,2500,0
2771809200,60190,0,0,0
2771809200,120221,346,449,-103
2771809200,180250,1216,2521,-1305
2771809200,240279,2014,3792,-1778
2771809200,300309,2223,1773,450
2771809200,360312,1631,1419,212
2771809200,420340,2322,3196,-874
2771809200,480372,3499,1313,2186
2771809200,540402,4293,2331,1962
2771809200,600417,3081,3768,-687
2771809200,660419,3189,2507,682
2771809200,720429,1535,5796,-4261
2771809200,780436,3066,5023,-1957
2771809200,840451,2356,5294,-2938
2771809200,900464,3762,1928,1834
2771809200,960469,7590,2785,4805
2771809200,1020499,2082,4098,-2016
2771809200,1080528,4215,2949,1266
2771809200,1140549,5164,2787,2377
2771809200,1200564,5275,3107,2168
2771809200,1260586,1785,4386,-2601
2771809200,1320611,3063,4193,-1130
2771809200,1380622,5746,1394,4352
2771809200,1440663,2798,2658,140
2771809200,1500678,3557,2756,801
2771809200,1560689,2015,3636,-1621
2771809200,1620709,3469,5631,-2162
2771809200,1680730,4068,5832,-1764
2771809200,1740745,1403,2207,-804
2771809200,1800763,3288,3459,-171
2771809200,1860787,8700,2710,5990
2771809200,1920813,2289,4025,-1736
2771809200,1980814,2729,3606,-877
2771809200,2040816,3824,3840,-16
2771809200,2100818,5470,3607,1863
2771809200,2160818,5242,3645,1597
2771864592,170,2500,2500,0
2771864592,60199,0,0,0
2771864592,120230,438,386,52
2771864592,180232,1516,1698,-182
2771864592,240261,2560,2933,-373
2771864592,300294,3945,3878,67
2771864592,360296,2567,979,1588
2771864592,420326,4400,2110,2290
2771864592,480355,3367,2772,595
2771864592,540385,3038,2343,695
2771864592,600399,3353,5004,-1651
2771864592,660405,2111,4568,-2457
2771864592,720434,3426,1626,1800
2771864592,780441,3496,2472,1024
2771864592,840449,2683,4051,-1368
2771864592,900452,3033,4667,-1634
2771864592,960453,2353,5850,-3497
2771864592,1020459,3364,5680,-2316
2771864592,1080464,1732,3315,-1583
2771864592,1140468,1894,4507,-2613
2771864592,1200484,2930,5005,-2075
2771864592,1260485,4690,3637,1053
2771864592,1320512,3409,5034,-1625
2771864592,1380528,2872,5006,-2134
2771864592,1440558,2941,5046,-2105
2771864592,1500576,5210,4232,978
2771864592,1560596,1083,6360,-5277
2771864592,1620608,3038,2905,133
2771864592,1680618,2065,4851,-2786
2771864592,1740640,2928,2488,440
2771864592,1800641,3857,3251,606
2771864592,1860674,4081,3913,168
2771864592,1920694,5493,5589,-96
2771864592,1980708,3448,7454,-4006
2771864592,2040726,7779,5484,2295
2771864592,2100741,7777,4429,3348
2771864592,2160748,9400,3521,5879
2771864592,2220748,10005,4262,5743
2771872510,182,2500,2500,0
2771872510,60211,500,0,500
2771872510,120243,366,460,-94
2771872510,180250,2237,1691,546
2771872510,240278,1700,2652,-952
2771872510,300283,3011,4343,-1332
2771872510,360295,2269,3474,-1205
2771872510,420307,1566,4260,-2694
2771872510,480308,3690,2301,1389
2771872510,540325,5621,1792,3829
2771872510,600330,4292,2057,2235
2771872510,660344,1111,3937,-2826
2771872510,720376,1836,2404,-568
2771872510,780395,4541,2260,2281
2771872510,840414,3205,2033,1172
2771872510,900427,4758,4949,-191
2771872510,960445,1464,4068,-2604
2771872510,1020469,3570,3920,-350
2771872510,1080478,6192,5481,711
2771872510,1140508,3286,2391,895
2771872510,1200537,5544,2590,2954
2771872510,1260564,4253,2707,1546
2771872510,1320575,4806,2452,2354
2771872510,1380592,6002,2303,3699
2771872510,1440600,1127,2417,-1290
2771872510,1500604,3069,2826,243
2771872510,1560604,4734,2172,2562
2771903038,167,2500,2500,0
2771903038,60196,0,0,0
2771903038,120229,449,492,-43
2771903038,180258,1807,1771,36
2771903038,240290,3666,2655,1011
2771903038,300320,2277,3006,-729
2771903038,360326,3166,2016,1150
2771903038,420357,2786,1997,789
2771903038,480387,3408,1781,1627
2771903038,540394,3019,2332,687
2771903038,600404,1549,1924,-375
2771903038,660407,4163,2680,1483
2771903038,720435,7026,1169,5857
2771903038,780444,3996,2256,1740
2771903038,840473,6664,2008,4656
2771903038,900503,7066,4190,2876
2771903038,960509,2544,4573,-2029
2771903038,1020519,6143,3835,2308
2771903038,1080551,7589,3067,4522
2771903038,1140551,10716,3088,7628
2771917278,170,2500,2500,0
2771917278,60200,0,0,0
2771917278,120229,549,353,196
2771917278,180258,2042,1655,387
2771917278,240261,2020,2003,17
2771917278,300265,2437,2561,-124
2771917278,360265,1995,3220,-1225
2771917278,420297,3237,4520,-1283
2771917278,480300,4738,1285,3453
2771917278,540303,2997,3798,-801
2771917278,600307,2784,4778,-1994
2771917278,660309,3445,2381,1064
2771917278,720319,4795,2971,1824
2771917278,780353,2581,5327,-2746
2771917278,840371,2707,7881,-5174
2771917278,900374,3677,4251,-574
2771917278,960404,5329,4362,967
2771917278,1020431,4064,2946,1118
2771917278,1080439,4787,3347,1440
2771917278,1140459,1329,5628,-4299
2771917278,1200461,2641,5229,-2588
2771917278,1260478,4446,5942,-1496
2771917278,1320500,5351,3631,1720
2771917278,1380522,4079,2538,1541
2771917278,1440529,9720,3262,6458
2771917278,1500552,5644,2945,2699
2771917278,1560562,4764,2807,1957
2771917278,1620579,7291,2858,4433
2771917278,1680583,3105,4354,-1249
2771917278,1740588,4635,1370,3265
2771917278,1800601,5256,1434,3822
2771917278,1860613,1580,1945,-365
2771917278,1920613,2419,5786,-3367
2771917278,1980644,2706,6188,-3482
2771917278,2040662,5187,2739,2448
2771917278,2100670,6049,4078,1971
2771917278,2160670,2405,3568,-1163
2771917278,2220681,3743,3772,-29
2771917278,2280696,4240,3097,1143
2771917278,2340711,3585,2965,620
2771917278,2400712,9013,4405,4608
2771917278,2460712,10768,1927,8841
2772353094,175,2500,2500,0
2772353094,60205,0,0,0
2772353094,120235,418,364,54
2772353094,180247,2444,1536,908
2772353094,240277,3283,3157,126
2772353094,300309,3272,2963,309
2772353094,360325,2669,2436,233
2772353094,420337,4235,3158,1077
2772353094,480369,1511,2039,-528
2772353094,540391,2751,1456,1295
2772353094,600397,4788,885,3903
2772353094,660405,1679,1707,-28
2772353094,720410,4022,2480,1542
2772353094,780425,5371,2883,2488
2772353094,840433,5585,1926,3659
2772353094,900458,5824,2227,3597
2772353094,960477,4868,1510,3358
2772353094,1020479,5060,1784,3276
2772353094,1080487,2449,2028,421
2772353094,1140489,6846,1911,4935
2772353094,1200494,5188,2569,2619
2772353094,1260515,7654,3205,4449
2772353094,1320531,10436,1361,9075
2772353094,1380552,3517,2569,948
2772353094,1440562,8327,3417,4910
2772353094,1500562,10261,3257,7004
2772792075,168,2500,2500,0
2772792075,60197,580,40,540
2772792075,120210,617,428,189
2772792075,180244,1774,1626,148
2772792075,240274,3287,2494,793
2772792075,300277,4719,2131,2588
2772792075,360307,3888,1666,2222
2772792075,420337,1198,3622,-2424
2772792075,480351,2524,4108,-1584
2772792075,540373,3512,5846,-2334
2772792075,600400,5010,4878,132
2772792075,660433,1965,4930,-2965
2772792075,720444,3140,3622,-482
2772792075,780474,2345,5758,-3413
2772792075,840480,2390,1516,874
2772792075,900488,2477,2778,-301
2772792075,960494,4360,4394,-34
2772792075,1020526,3234,4770,-1536
2772792075,1080529,3171,4289,-1118
2772792075,1140559,2710,7925,-5215
2772792075,1200571,3516,7255,-3739
2772792075,1260590,5356,1626,3730
2772792075,1320610,3264,3099,165
2772792075,1380643,4167,2797,1370
2772792075,1440660,4575,2708,1867
2772792075,1500664,3073,4315,-1242
2772792075,1560697,4779,1626,3153
2772792075,1620720,2884,2929,-45
2772792075,1680725,3185,2661,524
2772792075,1740737,2374,2596,-222
2772792075,1800765,4951,4152,799
2772792075,1860772,4142,3938,204
2772792075,1920790,3976,3796,180
2772792075,1980794,9242,3760,5482
2772792075,2040794,9590,3110,6480
2772870576,191,2500,2500,0
2772870576,60221,0,0,0
2772870576,120250,478,362,116
2772870576,180260,2413,2120,293
2772870576,240266,2198,2345,-147
2772870576,300299,3043,2499,544
2772870576,360319,3546,3002,544
2772870576,420341,2136,3881,-1745
2772870576,480354,4092,1913,2179
2772870576,540373,3824,1746,2078
2772870576,600403,4923,1961,2962
2772870576,660407,8462,1251,7211
2772870576,720407,2950,2286,664
2772870576,780438,4878,3001,1877
2772870576,840453,6425,2551,3874
2772870576,900458,4571,3132,1439
2772870576,960469,4137,5203,-1066
2772870576,1020487,3328,1854,1474
2772870576,1080515,5460,1317,4143
2772870576,1140524,6058,2097,3961
2772870576,1200544,4463,1952,2511
2772870576,1260569,7708,1194,6514
2772870576,1320585,7437,2601,4836
2772870576,1380612,5408,2924,2484
2772870576,1440627,3479,2924,555
2772870576,1500648,2241,2148,93
2772870576,1560679,5968,3362,2606
2772870576,1620704,6629,3680,2949
2772870576,1680709,4556,3131,1425
2772870576,1740740,4373,4877,-504
2772870576,1800771,3535,1785,1750
2772870576,1860789,6347,2283,4064
2772870576,1920809,5614,3676,1938
2772870576,1980837,4198,3581,617
2772870576,2040842,6157,2763,3394
2772870576,2100846,2658,2941,-283
2772870576,2160862,6264,2869,3395
2772870576,2220862,7951,2803,5148
2773165414,175,2500,2500,0
2773165414,60204,0,0,0
2773165414,120233,383,427,-44
2773165414,180263,1726,1879,-153
2773165414,240271,2734,2683,51
2773165414,300302,2935,3161,-226
2773165414,360305,1999,3209,-1210
2773165414,420331,2472,1966,506
2773165414,480342,2820,2799,21
2773165414,540366,4535,4314,221
2773165414,600375,3105,4639,-1534
2773165414,660392,4674,4649,25
2773165414,720394,3632,3828,-196
2773165414,780416,3206,5336,-2130
2773165414,840428,2604,3084,-480
2773165414,900437,3012,3065,-53
2773165414,960451,3320,3125,195
2773165414,1020454,3068,5507,-2439
2773165414,1080482,2940,4649,-1709
2773165414,1140512,3830,3287,543
2773165414,1200519,3522,1819,1703
2773165414,1260520,4475,2660,1815
2773165414,1320545,5694,3912,1782
2773165414,1380570,6475,6253,222
2773165414,1440596,6525,1905,4620
2773165414,1500605,3639,4035,-396
2773165414,1560624,3031,3390,-359
2773165414,1620651,2522,5084,-2562
2773165414,1680652,4628,4777,-149
2773165414,1740664,8448,2965,5483
2773165414,1800694,7071,2519,4552
2773165414,1860720,4408,2477,1931
2773165414,1920752,5066,3724,1342
2773165414,1980777,6069,3356,2713
2773165414,2040799,5388,4849,539
2773165414,2100804,5896,2735,3161
2773165414,2160835,9520,2340,7180
2773165414,2220835,10127,1550,8577
2773192434,172,2500,2500,0
2773192434,60201,0,0,0
2773192434,120230,460,452,8
2773192434,180260,2477,1802,675
2773192434,240277,3546,1890,1656
2773192434,300313,3681,3285,396
2773192434,360344,2318,3416,-1098
2773192434,420346,2689,1868,821
2773192434,480379,3376,3291,85
2773192434,540394,5589,4073,1516
2773192434,600414,4417,4158,259
2773192434,660447,5431,2861,2570
2773192434,720452,6351,4004,2347
2773192434,780477,3094,3725,-631
2773192434,840491,4710,2633,2077
2773192434,900500,2724,2614,110
2773192434,960511,3385,4208,-823
2773192434,1020542,4276,1767,2509
2773192434,1080559,6058,2571,3487
2773192434,1140563,7627,2814,4813
2773192434,1200578,3418,5581,-2163
2773192434,1260610,4282,2413,1869
2773192434,1320613,4506,3777,729
2773192434,1380642,6969,3210,3759
2773192434,1440661,2982,4001,-1019
2773192434,1500683,5584,3206,2378
2773192434,1560683,5665,3328,2337
2773422517,165,2500,2500,0
2773422517,60194,0,0,0
2773422517,120225,367,384,-17
2773422517,180255,2100,1536,564
2773422517,240260,4435,2099,2336
2773422517,300294,3606,2669,937
2773422517,360297,2322,1615,707
2773422517,420303,2295,1131,1164
2773422517,480332,3763,2729,1034
2773422517,540341,5115,2629,2486
2773422517,600345,5646,2003,3643
2773422517,660376,1098,3804,-2706
2773422517,720406,2573,1557,1016
2773422517,780420,2798,2219,579
2773422517,840425,3583,3518,65
2773422517,900447,6457,4613,1844
2773422517,960475,2392,2563,-171
2773422517,1020499,2530,2849,-319
2773422517,1080507,4691,3625,1066
2773422517,1140526,5443,3087,2356
2773422517,1200539,3372,4523,-1151
2773422517,1260547,5639,4001,1638
2773422517,1320578,5982,3140,2842
2773422517,1380608,7711,3928,3783
2773422517,1440635,7407,3169,4238
2773422517,1500666,2245,1671,574
2773422517,1560692,6837,3764,3073
2773422517,1620724,9628,2737,6891
2775572322,167,2500,2500,0
2775572322,60195,0,0,0
2775572322,120196,404,383,21
2775572322,180225,2447,1626,821
2775572322,240228,3422,3120,302
2775572322,300258,1506,2404,-898
2775572322,360263,2296,3845,-1549
2775572322,420291,3558,2664,894
2775572322,480292,2593,3098,-505
2775572322,540320,2535,2444,91
2775572322,600333,2613,3115,-502
2775572322,660352,1970,2869,-899
2775572322,720371,4869,2106,2763
2775572322,780392,5249,3421,1828
2775572322,840392,3260,1431,1829
2775572322,900399,4874,2679,2195
2775572322,960411,5878,3933,1945
2775572322,1020425,3929,1457,2472
2775572322,1080430,3343,3344,-1
2775572322,1140471,3861,2045,1816
2775572322,1200487,1728,4817,-3089
2775572322,1260508,2802,4651,-1849
2775572322,1320531,4080,3013,1067
2775572322,1380555,4735,2155,2580
2775572322,1440573,7616,3180,4436
2775572322,1500580,2404,2486,-82
2775572322,1560581,4226,1606,2620
2775572322,1620608,6400,2881,3519
2776436636,52,7000,7000,0
2776436636,60081,125,1460,-1335
2776436636,120112,2230,3535,-1305
2776436636,180141,3995,3410,585
2776436636,240171,4993,5179,-186
2776436636,300200,7188,7414,-226
2776436636,360230,10822,5783,5039
2776436636,420259,9205,6232,2973
2776436636,480292,11463,2352,9111
2776436636,540292,7283,4322,2961
2776436636,600322,10269,1680,8589
2776436636,660351,3799,3137,662
2776436636,720356,7545,3327,4218
2776436636,780386,9750,3027,6723
2776436636,840416,10525,4568,5957
2776436636,900416,11929,2383,9546
2780101883,175,2500,2500,0
2780101883,60205,0,0,0
2780101883,120234,545,451,94
2780101883,180264,2575,1470,1105
2780101883,240294,3449,1727,1722
2780101883,300324,3572,1853,1719
2780101883,360328,3581,2241,1340
2780101883,420344,2750,1736,1014
2780101883,480353,4924,2837,2087
2780101883,540363,6623,2552,4071
2780101883,600395,2651,4039,-1388
2780101883,660426,3748,1963,1785
2780101883,720437,5071,2338,2733
2780101883,780456,5958,3031,2927
2780101883,840464,5537,1609,3928
2780101883,900479,3061,2911,150
2780101883,960493,4007,4973,-966
2780101883,1020496,2189,2557,-368
2780101883,1080526,4042,2735,1307
2780101883,1140532,4030,4668,-638
2780101883,1200544,1562,4653,-3091
2780101883,1260575,3248,2523,725
2780101883,1320601,4390,2749,1641
2780101883,1380606,2424,1871,553
2780101883,1440619,3986,4020,-34
2780101883,1500623,4666,2543,2123
2780101883,1560643,6308,1759,4549
2780101883,1620649,9995,1979,8016
2780101883,1680657,4500,3016,1484
2780101883,1740678,3338,3028,310
2780101883,1800687,3827,4447,-620
2780101883,1860719,5815,2773,3042
2780101883,1920747,6492,2894,3598
2780101883,1980749,5907,3632,2275
2780101883,2040780,3054,3380,-326
2780101883,2100809,5803,4285,1518
2780101883,2160809,3633,4098,-465
2780101883,2220811,8228,2972,5256
2780101883,2280818,9515,4092,5423
2780101883,2340823,7362,4690,2672
2780101883,2400850,8293,3865,4428
2780101883,2460850,9691,3954,5737
2781870280,163,2500,2500,0
2781870280,60193,0,0,0
2781870280,120223,518,458,60
2781870280,180253,2047,1845,202
2781870280,240256,3902,2784,1118
2781870280,300268,3538,2749,789
2781870280,360297,4168,2757,1411
2781870280,420299,4828,2404,2424
2781870280,480306,1805,3069,-1264
2781870280,540316,2798,1814,984
2781870280,600328,4980,3611,1369
2781870280,660335,2687,1025,1662
2781870280,720346,5436,1753,3683
2781870280,780352,8436,1540,6896
2781870280,840363,1739,2460,-721
2781870280,900363,3415,3297,118
2781870280,960366,6277,4974,1303
2781870280,1020366,7347,2663,4684
2850871260,0,2500,2500,0
2850871260,60011,0,0,0
2850871260,120014,411,394,17
2850871260,180043,2249,1370,879
2850871260,240046,1082,2028,-946
2850871260,300048,2551,3540,-989
2850871260,360054,4876,3613,1263
2850871260,420083,5219,2783,2436
2850871260,480088,1964,2561,-597
2850871260,540090,4388,3699,689
2850871260,600097,3620,4013,-393
2850871260,660112,5682,4152,1530
2850871260,720126,5224,2015,3209
2850871260,780139,1645,3158,-1513
2850871260,840164,3649,4314,-665
2850871260,900191,6916,3380,3536
2850871260,960198,3083,3034,49
2850871260,1020212,5268,2344,2924
2850871260,1080237,5422,2855,2567
2850871260,1140254,4522,2328,2194
2850871260,1200265,5897,2709,3188
2850871260,1260281,7236,2579,4657
2850871260,1320302,3078,4630,-1552
2850871260,1380321,4947,2788,2159
2850871260,1440336,5895,3586,2309
2850871260,1500336,6355,2172,4183
2850970836,0,2500,2500,0
2850970836,60001,0,10,-10
2850970836,120007,437,499,-62
2850970836,180011,2223,1452,771
2850970836,240019,2948,1632,1316
2850970836,300075,1064,1274,-210
2850970836,360089,2355,2041,314
2850970836,420114,2788,2530,258
2850970836,480115,3678,3411,267
2850970836,540136,3573,5946,-2373
2850970836,600158,1466,3733,-2267
2850970836,660165,3519,1599,1920
2850970836,720174,4744,3840,904
2850970836,780187,2295,3078,-783
2850970836,840207,3796,3344,452
2850970836,900228,2698,4716,-2018
2850970836,960252,4073,1259,2814
2850970836,1020260,3560,3816,-256
2850970836,1080274,3530,1336,2194
2850970836,1140278,3850,3213,637
2850970836,1200288,4598,3957,641
2850970836,1260318,3973,3903,70
2850970836,1320325,4572,2669,1903
2850970836,1380336,3023,4069,-1046
2850970836,1440357,3071,4464,-1393
2850970836,1500367,4874,1702,3172
2850970836,1560367,8242,2453,5789
2850970836,1620378,3627,3447,180
2850970836,1680397,6665,2316,4349
2850970836,1740415,4688,4056,632
2850970836,1800420,3166,4781,-1615
2850970836,1860434,4766,3653,1113
2850970836,1920460,4384,1640,2744
2850970836,1980493,6536,3776,2760
2850970836,2040502,6690,1799,4891
2850970836,2100518,4956,3972,984
2850970836,2160530,7185,4604,2581
2850970836,2220546,11735,4187,7548
2850970836,2280579,10875,7125,3750
2850970836,2340588,4028,4852,-824
2850970836,2400589,8011,2694,5317
2850970836,2460596,9514,4017,5497
2850970836,2520596,12639,4621,8018
2854948461,0,2500,2500,0
2854948461,60015,25,0,25
2854948461,120024,915,790,125
2854948461,180025,1859,1647,212
2854948461,240051,2734,2694,40
2854948461,300052,1340,1910,-570
2854948461,360077,2751,1862,889
2854948461,420112,3662,2601,1061
2854948461,480120,1597,2753,-1156
2854948461,540148,4027,1394,2633
2854948461,600170,3479,1352,2127
2854948461,660176,4917,3260,1657
2854948461,720179,5099,2061,3038
2854948461,780211,4813,2614,2199
2854948461,840243,5208,2125,3083
2854948461,900254,4018,2270,1748
2854948461,960267,6474,2912,3562
2854948461,1020285,4069,1862,2207
2854948461,1080291,2040,2674,-634
2854948461,1140310,4012,2698,1314
2854948461,1200337,6541,2763,3778
2854948461,1260354,5666,2497,3169
2854948461,1320354,5419,4256,1163
2855363380,0,7000,7000,0
2855363380,60028,360,0,360
2855363380,120033,2535,2345,190
2855363380,180066,5503,4654,849
2855363380,240094,3309,1608,1701
2855363380,300123,6483,3841,2642
2855363380,360152,6355,5490,865
2855363380,420183,4351,2144,2207
2855363380,480212,3012,5043,-2031
2855363380,540213,6157,2442,3715
2855363380,600224,5534,3080,2454
2855363380,660225,2532,6063,-3531
2855363380,720227,5639,2506,3133
2855363380,780259,3368,4192,-824
2855363380,840287,5399,4198,1201
2855564190,0,7000,7000,0
2855564190,60029,15,315,-300
2855564190,120059,2153,2445,-292
2855564190,180060,2026,4214,-2188
2855564190,240091,4368,6425,-2057
2855564190,300097,2939,5616,-2677
2855564190,360127,2780,4684,-1904
2855564190,420157,2243,6735,-4492
2855564190,480186,3635,4883,-1248
2855564190,540216,5966,6441,-475
2855564190,600227,1407,6268,-4861
2855564190,660233,4010,7264,-3254
2855564190,720264,2643,6066,-3423
2855564190,780278,3141,7584,-4443
2855564190,840307,1836,9154,-7318
2855564190,900337,5262,7251,-1989
2855564190,960337,5977,7665,-1688
2881105278,0,2500,2500,0
2881105278,60004,0,0,0
2881105278,120035,474,374,100
2881105278,180081,1721,1648,73
2881105278,240113,2632,2936,-304
2881105278,300119,4317,3401,916
2881105278,360138,693,2023,-1330
2881105278,420160,1134,2769,-1635
2881105278,480190,2515,2831,-316
2881105278,540222,2149,3036,-887
2881105278,600230,1380,2587,-1207
2881105278,660259,2615,3214,-599
2881105278,720278,2806,4751,-1945
2881105278,780295,4273,3000,1273
2881105278,840313,947,2962,-2015
2881105278,900328,2317,3492,-1175
2881105278,960353,3002,4908,-1906
2881105278,1020362,2396,3292,-896
2881105278,1080365,2354,5330,-2976
2881105278,1140370,3889,1882,2007
2881105278,1200376,5347,2225,3122
2881105278,1260385,5398,3004,2394
2881105278,1320387,3898,3915,-17
2881105278,1380401,6764,3570,3194
2881105278,1440413,5075,4982,93
2881105278,1500445,1583,2875,-1292
2881105278,1560445,3580,2003,1577
2881105278,1620476,4726,3475,1251
2881105278,1680483,4658,6249,-1591
2881105278,1740485,5623,7244,-1621
2881105278,1800488,4914,4044,870
2881105278,1860519,4834,7477,-2643
2881105278,1920528,6108,2742,3366
2881105278,1980536,4734,3933,801
2881105278,2040553,8540,3425,5115
2881105278,2100569,3893,3044,849
2881105278,2160572,4595,2916,1679
2881105278,2220601,8178,1364,6814
2881105278,2280622,7505,2024,5481
2881105278,2340647,8310,3203,5107
2881105278,2400650,10571,5555,5016
2881105278,2460673,9040,11124,-2084
2881149253,0,2500,2500,0
2881149253,60032,0,0,0
2881149253,120064,401,395,6
2881149253,180086,2016,1491,525
2881149253,240100,3313,2555,758
2881149253,300141,2927,2832,95
2881149253,360170,2355,4392,-2037
2881149253,420184,3268,2913,355
2881149253,480201,2086,1264,822
2881149253,540215,2028,2373,-345
2881149253,600227,3700,1591,2109
2881149253,660247,1718,3883,-2165
2881149253,720265,2948,2310,638
2881149253,780287,4754,1650,3104
2881149253,840317,3747,2241,1506
2881149253,900329,6453,1622,4831
2881149253,960347,4075,3144,931
2881149253,1020373,1617,3515,-1898
2881149253,1080390,3386,3277,109
2881149253,1140415,4301,1709,2592
2881149253,1200415,5887,1904,3983
2881157945,0,2500,2500,0
2881157945,60031,10,50,-40
2881157945,120032,385,391,-6
2881157945,180063,1766,1882,-116
2881157945,240074,2629,2379,250
2881157945,300103,2785,2985,-200
2881157945,360104,3736,3656,80
2881157945,420135,760,2238,-1478
2881157945,480158,1545,3031,-1486
2881157945,540186,2841,3055,-214
2881157945,600195,3588,1910,1678
2881157945,660226,3147,3875,-728
2881157945,720229,1565,2366,-801
2881157945,780238,2754,3536,-782
2881157945,840268,1838,4119,-2281
2881157945,900285,3883,6254,-2371
2881157945,960317,2696,5636,-2940
2881157945,1020327,3208,5982,-2774
2881157945,1080351,2313,2563,-250
2881157945,1140378,3745,4169,-424
2881157945,1200382,2352,2790,-438
2881157945,1260393,731,6112,-5381
2881157945,1320422,2335,5185,-2850
2881157945,1380454,3382,5618,-2236
2881157945,1440465,2526,5348,-2822
2881157945,1500488,3764,4524,-760
2881157945,1560497,713,2060,-1347
2881157945,1620509,3210,3923,-713
2881157945,1680529,2778,5906,-3128
2881157945,1740535,670,7110,-6440
2881157945,1800552,2715,2521,194
2881157945,1860553,4619,3516,1103
2881157945,1920582,2328,4821,-2493
2881157945,1980607,3965,4879,-914
2881157945,2040635,5051,5189,-138
2881157945,2100654,3528,7414,-3886
2881157945,2160669,5651,4858,793
2881157945,2220702,2145,6049,-3904
2881157945,2280703,2865,5887,-3022
2881157945,2340714,3981,7846,-3865
2881157945,2400737,6202,5854,348
2881157945,2460754,7379,4067,3312
2881157945,2520781,8375,4541,3834
2881157945,2580794,8342,5603,2739
2881157945,2640798,3519,6583,-3064
2881157945,2700828,8681,4951,3730
2881543069,0,7000,7000,0
2881543069,60000,319,754,-435
2881543069,120000,2655,2495,160
2881543069,180029,2935,5156,-2221
2881543069,240031,5545,4373,1172
2881543069,300061,5557,2902,2655
2881543069,360068,1820,6513,-4693
2881543069,420097,5238,6625,-1387
2881543069,480097,4296,8514,-4218
2881543069,540127,5334,9360,-4026
2881543069,600137,6493,8517,-2024
2881543069,660148,2110,6429,-4319
2881543069,720155,2074,5358,-3284
2881543069,780161,4610,2902,1708
2881543069,840189,3699,4257,-558
2881543069,900209,6414,6044,370
2881543069,960218,3963,7054,-3091
2881543069,1020247,4361,8623,-4262
2881543069,1080251,3768,12506,-8738
2881543069,1140269,3696,7664,-3968
2881543069,1200274,6533,10670,-4137
2881543069,1260283,4432,8706,-4274
2881543069,1320315,5007,3884,1123
2881543069,1380317,5435,6325,-890
2881543069,1440331,9932,7191,2741
2881543069,1500338,2349,8065,-5716
2881543069,1560371,4819,8872,-4053
2881543069,1620402,7461,11081,-3620
2881543069,1680402,11159,3758,7401
2881606118,0,2500,2500,0
2881606118,60016,0,10,-10
2881606118,120036,318,881,-563
2881606118,180086,1892,1700,192
2881606118,240110,3024,2403,621
2881606118,300130,3891,2261,1630
2881606118,360154,2581,1609,972
2881606118,420156,1860,3174,-1314
2881606118,480161,3369,3341,28
2881606118,540186,3078,3502,-424
2881606118,600190,3748,4673,-925
2881606118,660222,3034,2310,724
2881606118,720228,3968,3634,334
2881606118,780232,4908,4176,732
2881606118,840259,2834,2240,594
2881606118,900286,1691,3773,-2082
2881606118,960305,1683,3067,-1384
2881606118,1020320,2222,4321,-2099
2881606118,1080343,2393,6656,-4263
2881606118,1140352,2343,3712,-1369
2881606118,1200382,3746,528,3218
2881606118,1260393,5657,2433,3224
2881606118,1320411,4887,2768,2119
2881606118,1380440,2263,4714,-2451
2881606118,1440455,3509,2696,813
2881606118,1500477,4745,4101,644
2881606118,1560487,3216,3587,-371
2881606118,1620516,5643,2786,2857
2881606118,1680540,6591,2995,3596
2881606118,1740561,3587,3355,232
2881606118,1800568,6152,4122,2030
2881606118,1860585,6513,5717,796
2881606118,1920593,8478,4027,4451
2881606118,1980602,10201,2224,7977
2881606118,2040634,8398,2792,5606
2881606118,2100634,8793,2385,6408
2881611520,0,7000,7000,0
2881611520,60030,250,490,-240
2881611520,120061,1862,2976,-1114
2881611520,180090,4717,3562,1155
2881611520,240119,2531,4775,-2244
2881611520,300147,5638,2652,2986
2881611520,360179,6268,5173,1095
2881611520,420208,8655,4296,4359
2881611520,480237,5727,1331,4396
2881611520,540266,8267,3849,4418
2881611520,600295,4375,1279,3096
2881611520,660323,2458,3839,-1381
2881611520,720345,6128,3473,2655
2881611520,780374,6423,2235,4188
2881611520,840377,8107,3748,4359
2881611520,900407,2045,7964,-5919
2881611520,960409,4240,8509,-4269
2881611520,1020414,7833,1757,6076
2881611520,1080427,8382,4139,4243
2881611520,1140452,7115,4463,2652
2881611520,1200452,8609,2806,5803
2881639070,0,2500,2500,0
2881639070,60011,0,0,0
2881639070,120027,361,412,-51
2881639070,180035,1491,1632,-141
2881639070,240064,3350,2702,648
2881639070,300093,2155,2765,-610
2881639070,360094,2127,3974,-1847
2881639070,420114,1765,5296,-3531
2881639070,480124,3335,2631,704
2881639070,540132,5190,2123,3067
2881639070,600164,1944,4208,-2264
2881639070,660183,2178,2232,-54
2881639070,720186,5053,3214,1839
2881639070,780197,6063,3014,3049
2881639070,840214,3536,4462,-926
2881639070,900227,2262,3557,-1295
2881639070,960254,2850,3184,-334
2881639070,1020278,1779,3014,-1235
2881639070,1080280,3962,2813,1149
2881639070,1140282,2042,4557,-2515
2881639070,1200295,4549,4455,94
2881639070,1260304,3869,5199,-1330
2881639070,1320327,2149,3847,-1698
2881639070,1380356,3817,4534,-717
2881639070,1440362,5179,5674,-495
2881639070,1500384,7292,2189,5103
2881639070,1560407,7800,3742,4058
2881639070,1620416,1898,3127,-1229
2881639070,1680444,4662,3773,889
2881639070,1740472,3917,3856,61
2881639070,1800493,2972,3316,-344
2881639070,1860495,5008,4653,355
2881639070,1920521,4952,3078,1874
2881639070,1980536,3030,4025,-995
2881639070,2040553,5999,2514,3485
2881639070,2100584,4687,3085,1602
2881639070,2160605,6439,3796,2643
2881639070,2220608,4762,2760,2002
2881639070,2280608,6053,3063,2990
2881651487,0,7000,7000,0
2881651487,60027,3,90,-87
2881651487,120059,2102,2320,-218
2881651487,180087,4285,4623,-338
2881651487,240117,4645,7786,-3141
2881651487,300146,4188,3886,302
2881651487,360151,8749,1090,7659
2881651487,420180,4236,4619,-383
2881651487,480211,4701,4758,-57
2881651487,540220,7072,2012,5060
2881651487,600247,6885,4192,2693
2881651487,660255,4454,4354,100
2881651487,720277,6892,2609,4283
2881651487,780287,8267,5211,3056
2881651487,840294,5498,1453,4045
2881651487,900317,5985,4316,1669
2881651487,960322,9746,3092,6654
2881651487,1020322,8803,4900,3903
2881902356,0,7000,7000,0
2881902356,60000,250,260,-10
2881902356,120005,2751,2388,363
2881902356,180010,3955,5658,-1703
2881902356,240024,4357,2937,1420
2881902356,300062,5185,4078,1107
2881902356,360083,5021,6149,-1128
2881902356,420109,2065,7730,-5665
2881902356,480135,3619,6012,-2393
2881902356,540149,4732,2239,2493
2881902356,600161,5936,2963,2973
2881902356,660174,9439,1820,7619
2881902356,720179,1609,5590,-3981
2881902356,780185,6073,2910,3163
2881902356,840203,6134,2948,3186
2881902356,900208,7143,2937,4206
2881902356,960231,9314,2313,7001
2881902356,1020240,3560,5468,-1908
2881902356,1080253,4468,2411,2057
2881925913,0,7000,7000,0
2881925913,60007,300,50,250
2881925913,120039,2488,2225,263
2881925913,180073,4944,4481,463
2881925913,240105,7544,5708,1836
2881925913,300107,6485,7389,-904
2881925913,360110,5948,5046,902
2881925913,420138,8738,4589,4149
2881925913,480151,11360,5838,5522
2881925913,540175,4529,5828,-1299
2881925913,600203,5060,7873,-2813
2881925913,660221,7135,6038,1097
2881925913,720252,10690,6294,4396
2881925913,780261,9782,2314,7468
2881925913,840272,1462,6196,-4734
2881925913,900300,3278,8799,-5521
2881925913,960314,3832,1775,2057
2881925913,1020337,5896,3129,2767
2881925913,1080358,2653,5179,-2526
2881925913,1140390,1776,5781,-4005
2881925913,1200408,4847,6273,-1426
2881925913,1260422,5602,3651,1951
2881925913,1320453,7658,4546,3112
2881925913,1380453,7476,3877,3599
2881979258,0,7000,7000,0
2881979258,60007,0,200,-200
2881979258,120011,3135,2193,942
2881979258,180019,5932,4178,1754
2881979258,240029,7252,973,6279
2881979258,300033,2861,6366,-3505
2881979258,360063,5721,3948,1773
2881979258,420072,8193,4374,3819
2881979258,480080,4097,1663,2434
2881979258,540103,3538,4650,-1112
2881979258,600110,4540,4108,432
2881979258,660142,2025,4649,-2624
2881979258,720169,1998,2763,-765
2881979258,780191,1348,5197,-3849
2881979258,840207,4501,4080,421
2881979258,900211,3675,4211,-536
2881979258,960226,2361,5854,-3493
2881979258,1020243,3713,1435,2278
2881979258,1080272,5287,3660,1627
2881979258,1140277,1427,5574,-4147
2881979258,1200306,6020,4286,1734
2881979258,1260337,3645,6626,-2981
2881979258,1320346,4503,5683,-1180
2881979258,1380354,3632,8126,-4494
2881979258,1440386,5798,4335,1463
2881979258,1500386,6794,5905,889
2882184322,0,2500,2500,0
2882184322,60016,0,0,0
2882184322,120017,1349,284,1065
2882184322,180049,2325,1629,696
2882184322,240079,3608,2151,1457
2882184322,300112,2777,786,1991
2882184322,360144,1689,2056,-367
2882184322,420146,3527,2819,708
2882184322,480178,4163,2434,1729
2882184322,540183,4317,2826,1491
2882184322,600195,5106,2415,2691
2882184322,660207,2832,2365,467
2882184322,720218,2150,4021,-1871
2882184322,780225,2822,2727,95
2882184322,840230,2619,4188,-1569
2882184322,900246,2528,4154,-1626
2882184322,960257,1172,3164,-1992
2882184322,1020280,3392,2724,668
2882184322,1080293,5448,3282,2166
2882184322,1140320,1848,3819,-1971
2882184322,1200332,3203,3741,-538
2882184322,1260347,3548,2829,719
2882184322,1320353,3885,2100,1785
2882184322,1380372,1680,1173,507
2882184322,1440405,2212,2595,-383
2882184322,1500420,4455,1855,2600
2882184322,1560442,5052,2273,2779
2882184322,1620475,7122,2407,4715
2882184322,1680493,4056,3904,152
2882184322,1740514,7928,3125,4803
2882184322,1800522,4856,2830,2026
2882184322,1860549,6503,3639,2864
2882184322,1920582,3254,7634,-4380
2882184322,1980582,6458,5167,1291
2882196619,0,2500,2500,0
2882196619,60000,10,0,10
2882196619,120007,434,359,75
2882196619,180011,2138,1441,697
2882196619,240012,2764,2741,23
2882196619,300017,2097,3102,-1005
2882196619,360018,2447,2900,-453
2882196619,420040,4068,2568,1500
2882196619,480061,4050,2734,1316
2882196619,540065,4504,3549,955
2882196619,600082,3536,4610,-1074
2882196619,660113,2306,2713,-407
2882196619,720122,4552,2233,2319
2882196619,780148,4369,3333,1036
2882196619,840178,3345,4855,-1510
2882196619,900209,2671,5766,-3095
2882196619,960213,2429,1017,1412
2882196619,1020231,5148,2513,2635
2882196619,1080250,5489,2876,2613
2882196619,1140255,5921,3082,2839
2882196619,1200268,5624,4769,855
2882196619,1260278,5089,4210,879
2882196619,1320279,2094,3547,-1453
2882196619,1380299,4383,5230,-847
2882196619,1440304,7421,2447,4974
2882196619,1500332,9165,2908,6257
2882377986,0,2500,2500,0
2882377986,60001,0,500,-500
2882377986,120002,412,422,-10
2882377986,180031,1907,1686,221
2882377986,240056,3166,2983,183
2882377986,300094,5311,2445,2866
2882377986,360121,1940,1966,-26
2882377986,420122,3597,3200,397
2882377986,480139,3650,3688,-38
2882377986,540158,4048,4443,-395
2882377986,600180,5958,497,5461
2882377986,660180,2536,1468,1068
2882377986,720211,3133,2322,811
2882377986,780213,5757,3245,2512
2882377986,840220,6926,2160,4766
2882377986,900237,4319,5024,-705
2882377986,960259,2439,1662,777
2882377986,1020282,5318,1961,3357
2882377986,1080290,4831,2341,2490
2882377986,1140309,2942,3562,-620
2882377986,1200330,2746,1690,1056
2882377986,1260330,3980,3009,971
2882404041,0,2500,2500,0
2882404041,60016,0,0,0
2882404041,120049,412,481,-69
2882404041,180087,1769,1875,-106
2882404041,240093,2507,2335,172
2882404041,300103,3530,4015,-485
2882404041,360108,2204,1657,547
2882404041,420110,2205,2361,-156
2882404041,480117,3060,3399,-339
2882404041,540142,3955,2124,1831
2882404041,600150,3289,3648,-359
2882404041,660179,3068,1569,1499
2882404041,720190,2233,3533,-1300
2882404041,780191,2109,2416,-307
2882404041,840193,3041,5055,-2014
2882404041,900209,4887,2262,2625
2882404041,960237,3753,2576,1177
2882404041,1020266,2061,3418,-1357
2882404041,1080269,791,5339,-4548
2882404041,1140297,2180,3098,-918
2882404041,1200301,1237,5165,-3928
2882404041,1260325,1837,2671,-834
2882404041,1320357,3341,3093,248
2882404041,1380375,2332,3547,-1215
2882404041,1440396,2001,5339,-3338
2882404041,1500408,3811,2796,1015
2882404041,1560432,3276,4169,-893
2882404041,1620450,4389,5892,-1503
2882404041,1680475,4111,4506,-395
2882404041,1740487,3049,4806,-1757
2882404041,1800516,3565,2444,1121
2882404041,1860526,5483,2963,2520
2882404041,1920526,5842,3813,2029
2882599977,0,7000,7000,0
2882599977,60029,0,350,-350
2882599977,120059,2627,1813,814
2882599977,180087,5217,3108,2109
2882599977,240117,4438,4465,-27
2882599977,300146,4354,3420,934
2882599977,360176,2850,4275,-1425
2882599977,420208,2666,6437,-3771
2882599977,480210,2676,5069,-2393
2882599977,540239,4747,7822,-3075
2882599977,600270,5338,4966,372
2882599977,660284,2480,9319,-6839
2882599977,720285,1534,5382,-3848
2882599977,780313,4092,7791,-3699
2882599977,840342,3248,3153,95
2882599977,900373,3163,4633,-1470
2882599977,960377,2847,6786,-3939
2882599977,1020409,4056,4102,-46
2882599977,1080414,6343,6949,-606
2882599977,1140422,3180,7995,-4815
2882599977,1200454,4113,2840,1273
2882599977,1260457,4321,5053,-732
2882599977,1320483,3213,8666,-5453
2882599977,1380505,4416,2616,1800
2882599977,1440505,6329,1187,5142
2883371999,0,7000,7000,0
2883371999,60001,125,465,-340
2883371999,120024,1759,3423,-1664
2883371999,180065,2872,3305,-433
2883371999,240083,3612,3095,517
2883371999,300084,3224,2069,1155
2883371999,360090,2169,3844,-1675
2883371999,420105,3178,5284,-2106
2883371999,480127,6326,4945,1381
2883371999,540157,5840,5140,700
2883371999,600187,3440,4322,-882
2883371999,660198,6033,1226,4807
2883371999,720229,1884,5646,-3762
2883371999,780246,4386,5992,-1606
2883371999,840250,1702,4626,-2924
2883371999,900281,6097,3333,2764
2883371999,960281,6174,3985,2189
2883423867,0,7000,7000,0
2883423867,60002,0,1815,-1815
2883423867,120007,3299,1746,1553
2883423867,180008,6054,3584,2470
2883423867,240014,8981,3029,5952
2883423867,300026,9342,2936,6406
2883423867,360029,12965,2326,10639
2883423867,420046,9768,4494,5274
2883423867,480075,12185,4733,7452
2883423867,540107,11903,1840,10063
2883423867,600107,14025,652,13373
2883427022,0,7000,7000,0
2883427022,60004,65,420,-355
2883427022,120036,2587,1909,678
2883427022,180070,3904,1649,2255
2883427022,240102,2855,3507,-652
2883427022,300134,4794,4975,-181
2883427022,360164,3055,1984,1071
2883427022,420195,3961,1385,2576
2883427022,480226,1640,5118,-3478
2883427022,540232,2495,7927,-5432
2883427022,600263,2876,8528,-5652
2883427022,660274,2547,5147,-2600
2883427022,720286,3907,7778,-3871
2883427022,780290,3888,4419,-531
2883427022,840300,3885,4345,-460
2883427022,900328,2369,8068,-5699
2883427022,960360,5457,2085,3372
2883427022,1020389,5741,5276,465
2883427022,1080402,3823,8570,-4747
2883427022,1140403,3871,6599,-2728
2883427022,1200414,5729,6715,-986
2883427022,1260445,3274,6334,-3060
2883427022,1320451,6324,9583,-3259
2883427022,1380451,5277,10732,-5455
2883427022,1440483,8687,6008,2679
2883427022,1500512,4220,8265,-4045
2883427022,1560535,6467,10648,-4181
2883427022,1620550,5942,12979,-7037
2883427022,1680550,7720,11383,-3663
2883906190,0,7000,7000,0
2883906190,60031,25,475,-450
2883906190,120033,2146,2635,-489
2883906190,180062,3150,4475,-1325
2883906190,240065,6024,5428,596
2883906190,300093,4455,1455,3000
2883906190,360125,6622,3708,2914
2883906190,420128,4123,2472,1651
2883906190,480136,4139,4398,-259
2883906190,540147,4242,6788,-2546
2883906190,600150,6899,8080,-1181
2883906190,660151,5306,7317,-2011
2883906190,720177,5775,3301,2474
2883906190,780182,6694,2514,4180
2883906190,840183,2374,4239,-1865
2883906190,900213,2132,2037,95
2883906190,960218,3811,3600,211
2883906190,1020226,5660,3750,1910
2883906190,1080254,7679,2319,5360
2883906190,1140285,5222,3692,1530
2883906190,1200308,8095,2691,5404
2883921515,0,7000,7000,0
2883921515,60030,560,320,240
2883921515,120036,3496,2680,816
2883921515,180065,3300,3010,290
2883921515,240094,3035,6626,-3591
2883921515,300123,4539,6694,-2155
2883921515,360128,1986,7267,-5281
2883921515,420158,2986,3825,-839
2883921515,480187,5885,2329,3556
2883921515,540208,2215,5855,-3640
2883921515,600210,5891,2872,3019
2883921515,660218,3811,3722,89
2883921515,720238,5041,5766,-725
2883921515,780249,1706,6644,-4938
2883921515,840271,1778,6259,-4481
2883921515,900285,4535,5126,-591
2883921515,960285,3437,4327,-890
2883921515,1020300,5416,5899,-483
2883921515,1080308,8269,5909,2360
2883921515,1140308,10783,4363,6420
2884677921,0,7000,7000,0
2884677921,60001,200,165,35
2884677921,120030,2885,2210,675
2884677921,180068,4516,3326,1190
2884677921,240098,5970,3504,2466
2884677921,300104,5505,3086,2419
2884677921,360107,5623,2643,2980
2884677921,420135,5183,4212,971
2884677921,480166,1482,3692,-2210
2884677921,540166,3691,3082,609
2884677921,600199,1981,6363,-4382
2884677921,660200,2991,2655,336
2884677921,720204,6830,978,5852
2884677921,780218,2959,5579,-2620
2884677921,840249,4385,4347,38
2884677921,900258,4689,5113,-424
2884677921,960289,3017,8243,-5226
2884677921,1020320,6839,1590,5249
2884677921,1080320,4031,3637,394
2884681415,0,7000,7000,0
2884681415,60022,0,215,-215
2884681415,120055,2858,1608,1250
2884681415,180083,4214,3852,362
2884681415,240112,7671,819,6852
2884681415,300142,2661,4583,-1922
2884681415,360171,2902,4319,-1417
2884681415,420199,2886,7102,-4216
2884681415,480228,4090,6982,-2892
2884681415,540257,1356,1848,-492
2884681415,600265,5874,1369,4505
2884681415,660269,1815,4487,-2672
2884681415,720274,7348,2676,4672
2884681415,780274,7368,3335,4033
2884738553,0,7000,7000,0
2884738553,60008,600,50,550
2884738553,120010,2757,2973,-216
2884738553,180016,3740,5253,-1513
2884738553,240019,2010,2457,-447
2884738553,300053,3667,3484,183
2884738553,360056,6857,4299,2558
2884738553,420066,6510,4010,2500
2884738553,480072,4422,4229,193
2884738553,540081,6629,2446,4183
2884738553,600114,4175,2529,1646
2884738553,660122,5076,2786,2290
2884738553,720153,2509,4596,-2087
2884738553,780153,3586,2913,673
2884742479,0,7000,7000,0
2884742479,60005,1400,115,1285
2884742479,120008,3311,2649,662
2884742479,180037,5462,3926,1536
2884742479,240065,6337,3185,3152
2884742479,300096,2591,3235,-644
2884742479,360103,2350,3670,-1320
2884742479,420132,5501,2899,2602
2884742479,480161,6813,2600,4213
2884742479,540192,9911,2086,7825
2884742479,600197,2424,6325,-3901
2884742479,660197,6544,3472,3072
2885190147,0,7000,7000,0
2885190147,60006,150,50,100
2885190147,120032,2500,2447,53
2885190147,180062,3185,2809,376
2885190147,240092,4134,3305,829
2885190147,300110,7571,4015,3556
2885190147,360139,2898,5422,-2524
2885190147,420141,4669,4086,583
2885190147,480163,5827,1649,4178
2885190147,540185,7140,2900,4240
2885190147,600197,8759,1853,6906
2885190147,660223,8690,3735,4955
2885190147,720240,2469,3701,-1232
2885190147,780273,2862,3578,-716
2885190147,840304,4283,5309,-1026
2885190147,900319,5425,3210,2215
2885190147,960332,5911,4259,1652
2885190147,1020361,4098,4633,-535
2885190147,1080386,1979,6370,-4391
2885190147,1140412,6474,4299,2175
2885190147,1200412,5661,2697,2964
2885270895,0,7000,7000,0
2885270895,60024,175,390,-215
2885270895,120025,2597,2233,364
2885270895,180055,3805,3889,-84
2885270895,240085,5611,4846,765
2885270895,300086,3695,2944,751
2885270895,360117,2949,5097,-2148
2885270895,420117,2938,6764,-3826
2885270895,480147,3677,9319,-5642
2885270895,540148,8085,2822,5263
2885270895,600176,5729,2256,3473
2885270895,660205,3553,3240,313
2885270895,720235,1119,7780,-6661
2885270895,780238,5404,2845,2559
2885270895,840267,3304,2302,1002
2885270895,900299,4295,5014,-719
2885270895,960303,6764,3060,3704
2885270895,1020333,3085,4073,-988
2885270895,1080340,3835,4856,-1021
2885270895,1140342,3804,4378,-574
2885270895,1200342,7815,3506,4309
2885705149,0,7000,7000,0
2885705149,60007,1450,100,1350
2885705149,120011,2002,2108,-106
2885705149,180072,4592,4232,360
2885705149,240083,4903,6151,-1248
2885705149,300100,7058,7545,-487
2885705149,360103,6495,2095,4400
2885705149,420104,5956,4745,1211
2885705149,480124,8328,3630,4698
2885705149,540126,10984,5780,5204
2885705149,600150,9567,2347,7220
2885705149,660170,7048,4271,2777
2885705149,720202,5251,2440,2811
2885705149,780230,9258,2553,6705
2885705149,840230,10090,2631,7459
2885742196,0,7000,7000,0
2885742196,60032,50,165,-115
2885742196,120044,1638,2811,-1173
2885742196,180073,3150,5317,-2167
2885742196,240102,5535,7215,-1680
2885742196,300112,4920,3675,1245
2885742196,360141,5531,4719,812
2885742196,420169,2569,3779,-1210
2885742196,480198,4397,2012,2385
2885742196,540229,1985,4685,-2700
2885742196,600258,4108,5689,-1581
2885742196,660265,7521,1537,5984
2885742196,720265,4593,3637,956
2885742196,780275,5903,4005,1898
2885742196,840275,2167,5276,-3109
2885742196,900275,2080,8443,-6363
2885742196,960289,4245,8097,-3852
2885742196,1020312,4245,10618,-6373
2885742196,1080315,5216,5950,-734
2885742196,1140324,7042,4094,2948
2885742196,1200339,4613,4861,-248
2885742196,1260342,6975,8234,-1259
2885742196,1320349,6022,5759,263
2885742196,1380349,8559,5235,3324
2886410014,0,7000,7000,0
2886410014,60032,165,165,0
2886410014,120040,2498,2785,-287
2886410014,180044,4027,3790,237
2886410014,240076,2482,6574,-4092
2886410014,300103,4735,4667,68
2886410014,360132,6578,1167,5411
2886410014,420162,8656,3468,5188
2886410014,480165,9772,3476,6296
2886410014,540194,11920,5612,6308
2886410014,600201,14286,9580,4706
2886410014,660231,2376,11482,-9106
2886410014,720248,5570,2307,3263
2886410014,780251,7703,4046,3657
2886410014,840260,5217,6667,-1450
2886410014,900290,4787,2959,1828
2886410014,960311,5183,2497,2686
2886410014,1020313,7550,4738,2812
2886410014,1080330,7815,3446,4369
2886410014,1140333,10820,3145,7675
2886410014,1200341,12371,3981,8390
2886410014,1260347,11520,2952,8568
2886410014,1320363,12727,5860,6867
2886410014,1380387,15347,7778,7569
2886410014,1440387,17226,6713,10513
2886421142,0,7000,7000,0
2886421142,60030,150,200,-50
2886421142,120038,2698,2291,407
2886421142,180074,5287,2906,2381
2886421142,240074,3715,2813,902
2886421142,300107,6168,2020,4148
2886421142,360137,8386,4135,4251
2886421142,420140,9699,3902,5797
2886421142,480149,6567,6014,553
2886421142,540181,5490,6549,-1059
2886421142,600209,7846,8882,-1036
2886421142,660221,2788,11664,-8876
2886421142,720222,4563,12583,-8020
2886421142,780251,8253,8911,-658
2886421142,840251,3778,5563,-1785
2886421142,900253,6585,2872,3713
2886421142,960256,5241,1790,3451
2886421142,1020262,2873,3097,-224
2886421142,1080279,5181,4973,208
2886421142,1140303,5492,6016,-524
2886421142,1200320,7752,8161,-409
2886421142,1260324,10826,10586,240
2886421142,1320354,10825,1949,8876
2886421142,1380372,13012,5357,7655
2886421142,1440372,8051,2621,5430
2886473997,0,7000,7000,0
2886473997,60001,520,400,120
2886473997,120033,2926,2521,405
2886473997,180067,4663,3696,967
2886473997,240096,7647,2441,5206
2886473997,300103,4320,4751,-431
2886473997,360134,7059,3411,3648
2886473997,420164,6250,3372,2878
2886473997,480168,4790,4917,-127
2886473997,540173,3854,3430,424
2886473997,600175,7331,3899,3432
2886473997,660182,2721,3697,-976
2886473997,720207,3430,5243,-1813
2886473997,780225,3494,4176,-682
2886473997,840248,5931,4717,1214
2886473997,900265,2622,4176,-1554
2886473997,960294,3046,4219,-1173
2886473997,1020319,4707,3790,917
2886473997,1080334,4207,3218,989
2886473997,1140348,2734,5245,-2511
2886473997,1200358,3493,6184,-2691
2886473997,1260381,4132,6956,-2824
2886473997,1320381,4978,6416,-1438
2886588148,0,2500,2500,0
2886588148,60032,5,0,5
2886588148,120063,386,332,54
2886588148,180092,1803,1442,361
2886588148,240100,2262,2094,168
2886588148,300114,3982,2743,1239
2886588148,360125,2822,3574,-752
2886588148,420138,4334,2213,2121
2886588148,480138,2411,2329,82
2886588148,540165,4051,2453,1598
2886588148,600171,920,1901,-981
2886588148,660193,2426,3583,-1157
2886588148,720213,2400,5227,-2827
2886588148,780244,2033,4582,-2549
2886588148,840261,2346,7174,-4828
2886588148,900290,2087,3064,-977
2886588148,960309,3033,2477,556
2886588148,1020329,3833,4395,-562
2886588148,1080333,2255,2612,-357
2886588148,1140343,1066,4496,-3430
2886588148,1200354,1856,4227,-2371
2886588148,1260385,2984,3488,-504
2886588148,1320394,5030,4120,910
2886588148,1380419,5305,2739,2566
2886588148,1440431,4740,4823,-83
2886588148,1500431,5245,5513,-268
2886588148,1560448,2748,3530,-782
2886588148,1620448,4360,4316,44
2886588148,1680473,3262,5378,-2116
2886588148,1740475,7529,2963,4566
2886588148,1800475,9636,2990,6646
2886629072,0,2500,2500,0
2886629072,60013,0,510,-510
2886629072,120019,383,885,-502
2886629072,180066,1910,1483,427
2886629072,240072,2159,2835,-676
2886629072,300102,3934,4027,-93
2886629072,360108,3315,3905,-590
2886629072,420114,2602,1877,725
2886629072,480147,2864,1889,975
2886629072,540164,4896,2674,2222
2886629072,600170,4122,3685,437
2886629072,660178,1989,3321,-1332
2886629072,720186,3311,2772,539
2886629072,780188,6547,4504,2043
2886629072,840201,861,1579,-718
2886629072,900225,3856,1817,2039
2886629072,960253,1777,1782,-5
2886629072,1020284,3216,1545,1671
2886629072,1080307,4230,786,3444
2886629072,1140309,2657,1693,964
2886629072,1200338,5868,1538,4330
2886629072,1260350,5921,3815,2106
2886629072,1320378,3923,2241,1682
2886629072,1380404,7690,4364,3326
2886629072,1440425,4420,6577,-2157
2886629072,1500427,2186,5102,-2916
2886629072,1560427,2047,4636,-2589
2886667123,0,2500,2500,0
2886667123,60020,0,0,0
2886667123,120030,387,363,24
2886667123,180041,1774,1714,60
2886667123,240042,2857,3080,-223
2886667123,300049,2956,2413,543
2886667123,360064,4286,1304,2982
2886667123,420086,2287,2506,-219
2886667123,480096,3712,3516,196
2886667123,540116,2623,2325,298
2886667123,600142,2114,1439,675
2886667123,660160,2660,3671,-1011
2886667123,720181,1705,4628,-2923
2886667123,780211,3656,3307,349
2886667123,840227,5447,1568,3879
2886667123,900245,2537,2770,-233
2886667123,960251,5121,3034,2087
2886667123,1020265,7038,2880,4158
2886667123,1080273,3596,2880,716
2886667123,1140304,3598,2313,1285
2886667123,1200316,4750,3512,1238
2886667123,1260350,5155,1021,4134
2886667123,1320376,6970,1852,5118
2886667123,1380377,6979,4172,2807
2886667123,1440382,2830,5940,-3110
2886667123,1500389,3986,4276,-290
2886667123,1560401,2683,5903,-3220
2886667123,1620401,4326,3675,651
2886667123,1680429,5658,4975,683
2886667123,1740444,4943,3667,1276
2886667123,1800451,5097,3048,2049
2886667123,1860462,4688,3339,1349
2886667123,1920462,4580,3236,1344
2886706280,0,7000,7000,0
2886706280,60000,125,1500,-1375
2886706280,120010,2316,3557,-1241
2886706280,180055,4726,5754,-1028
2886706280,240082,6940,7818,-878
2886706280,300104,10201,4727,5474
2886706280,360105,10377,6900,3477
2886706280,420109,12608,8986,3622
2886706280,480111,14903,11201,3702
2886706280,540126,10321,6284,4037
2886706280,600153,6424,9298,-2874
2886706280,660164,4710,7198,-2488
2886706280,720195,1770,9858,-8088
2886706280,780199,5954,11751,-5797
2886706280,840199,8289,10136,-1847
2886740577,0,7000,7000,0
2886740577,60025,1402,250,1152
2886740577,120029,2240,2521,-281
2886740577,180058,3787,4853,-1066
2886740577,240087,6547,5098,1449
2886740577,300116,5452,1985,3467
2886740577,360117,8517,2329,6188
2886740577,420148,1481,3015,-1534
2886740577,480177,3656,4473,-817
2886740577,540178,6896,2412,4484
2886740577,600197,9219,3742,5477
2886740577,660218,11599,3439,8160
2886740577,720235,1726,6895,-5169
2886740577,780237,5394,486,4908
2886740577,840252,7849,2951,4898
2886740577,900252,11323,1742,9581
2886745839,0,7000,7000,0
2886745839,60029,0,65,-65
2886745839,120040,2762,2451,311
2886745839,180077,3010,3528,-518
2886745839,240107,4684,4091,593
2886745839,300111,2105,6076,-3971
2886745839,360140,5550,6561,-1011
2886745839,420145,4730,1851,2879
2886745839,480163,5940,3482,2458
2886745839,540166,3249,3238,11
2886745839,600185,5397,3349,2048
2886745839,660217,4600,3111,1489
2886745839,720249,4773,3187,1586
2886745839,780269,2576,6873,-4297
2886745839,840271,2620,10225,-7605
2886745839,900277,4796,7966,-3170
2886745839,960306,7098,6913,185
2886745839,1020315,4357,7122,-2765
2886745839,1080330,7462,7458,4
2886745839,1140351,2288,4287,-1999
2886745839,1200358,3243,1998,1245
2886745839,1260374,4884,3875,1009
2886745839,1320379,3818,4750,-932
2886745839,1380400,2622,7535,-4913
2886745839,1440406,3888,7479,-3591
2886745839,1500428,9338,8627,711
2886745839,1560450,2331,6401,-4070
2886745839,1620483,5025,6913,-1888
2886745839,1680509,6405,7430,-1025
2886745839,1740511,7942,9757,-1815
2887041071,0,7000,7000,0
2887041071,60016,0,0,0
2887041071,120020,3476,1083,2393
2887041071,180054,4657,3854,803
2887041071,240083,4993,4528,465
2887041071,300115,3432,7126,-3694
2887041071,360121,3985,7633,-3648
2887041071,420150,7302,5229,2073
2887041071,480181,7082,3903,3179
2887041071,540213,6431,3035,3396
2887041071,600244,4829,2283,2546
2887041071,660249,7936,5009,2927
2887041071,720282,4169,2342,1827
2887041071,780299,6513,3132,3381
2887041071,840301,1474,5344,-3870
2887041071,900306,4779,4262,517
2887041071,960314,4558,2664,1894
2887041071,1020314,6574,2993,3581
2887045532,0,7000,7000,0
2887045532,60026,65,53,12
2887045532,120056,2262,2132,130
2887045532,180085,3703,3513,190
2887045532,240115,5765,4643,1122
2887045532,300126,5591,2123,3468
2887045532,360156,4095,1731,2364
2887045532,420185,3670,4002,-332
2887045532,480215,3004,2831,173
2887045532,540218,4133,5349,-1216
2887045532,600242,7343,2756,4587
2887045532,660243,7969,4195,3774
2887045532,720273,7945,5014,2931
2887045532,780274,9936,8579,1357
2887045532,840302,3743,5706,-1963
2887045532,900333,4894,5020,-126
2887045532,960362,5537,2386,3151
2887045532,1020363,6306,3088,3218
2887045532,1080394,8303,4785,3518
2887045532,1140421,8207,6098,2109
2887045532,1200452,3693,3679,14
2887045532,1260469,7541,5623,1918
2887045532,1320483,4945,5955,-1010
2887045532,1380496,4952,4498,454
2887045532,1440496,5805,4800,1005
2887064208,0,7000,7000,0
2887064208,60022,1415,0,1415
2887064208,120023,1986,2850,-864
2887064208,180053,3814,4608,-794
2887064208,240083,5243,5530,-287
2887064208,300112,6927,5485,1442
2887064208,360118,8773,4153,4620
2887064208,420147,9816,3911,5905
2887064208,480177,12876,5614,7262
2887064208,540182,7210,3757,3453
2887064208,600212,4459,3372,1087
2887064208,660242,5546,4389,1157
2887064208,720272,4255,3074,1181
2887064208,780303,6903,2631,4272
2887064208,840332,6852,3390,3462
2887064208,900362,10001,3920,6081
2887064208,960364,5308,3477,1831
2887064208,1020379,7626,3771,3855
2887064208,1080409,10386,3713,6673
2887064208,1140438,14300,2336,11964
2887064208,1200438,13700,2837,10863
2887076159,0,7000,7000,0
2887076159,60001,350,165,185
2887076159,120029,2629,2271,358
2887076159,180065,2789,3735,-946
2887076159,240094,4980,3622,1358
2887076159,300124,7097,4075,3022
2887076159,360124,6746,3257,3489
2887076159,420156,5118,5649,-531
2887076159,480185,8116,7180,936
2887076159,540216,4647,1675,2972
2887076159,600219,5915,1372,4543
2887076159,660248,7200,2942,4258
2887076159,720263,10995,3051,7944
2887076159,780293,4835,2750,2085
2887076159,840293,6330,3326,3004
2887193217,0,7000,7000,0
2887193217,60001,1415,100,1315
2887193217,120009,2092,2041,51
2887193217,180044,4015,4355,-340
2887193217,240045,6398,6102,296
2887193217,300052,3770,3736,34
2887193217,360075,5069,7964,-2895
2887193217,420105,4383,5837,-1454
2887193217,480127,2961,5821,-2860
2887193217,540159,3501,3230,271
2887193217,600166,5909,5138,771
2887193217,660199,6092,5704,388
2887193217,720206,6315,1629,4686
2887193217,780209,9788,1994,7794
2887193217,840211,4500,4732,-232
2887193217,900229,3377,5286,-1909
2887193217,960234,5080,4479,601
2887193217,1020247,7055,8042,-987
2887193217,1080255,2642,3568,-926
2887193217,1140268,1878,5894,-4016
2887193217,1200283,6188,1821,4367
2887193217,1260284,6706,2753,3953
2887193217,1320286,2269,2673,-404
2887193217,1380291,6988,2654,4334
2887193217,1440291,8059,2390,5669
2887241718,0,2500,2500,0
2887241718,60017,0,0,0
2887241718,120024,348,489,-141
2887241718,180087,1334,1659,-325
2887241718,240097,1975,1817,158
2887241718,300117,1845,2367,-522
2887241718,360134,2516,2518,-2
2887241718,420162,2446,3619,-1173
2887241718,480184,2465,4251,-1786
2887241718,540215,2608,1664,944
2887241718,600231,3666,2774,892
2887241718,660261,2359,1836,523
2887241718,720276,2869,1405,1464
2887241718,780308,3029,2479,550
2887241718,840333,4674,2724,1950
2887241718,900347,1989,2499,-510
2887241718,960348,3425,2802,623
2887241718,1020381,4062,2310,1752
2887241718,1080408,1343,4124,-2781
2887241718,1140428,2576,1795,781
2887241718,1200444,2077,3441,-1364
2887241718,1260470,5429,2703,2726
2887241718,1320502,3314,3164,150
2887241718,1380513,5723,2629,3094
2887241718,1440545,6236,3874,2362
2887241718,1500546,4292,3051,1241
2887241718,1560577,5086,3568,1518
2887241718,1620592,2832,3702,-870
2887241718,1680598,1439,5046,-3607
2887241718,1740615,2834,4112,-1278
2887241718,1800642,8220,663,7557
2887241718,1860642,8511,772,7739
2887315275,0,7000,7000,0
2887315275,60008,570,100,470
2887315275,120041,2699,2502,197
2887315275,180071,5686,4952,734
2887315275,240099,7225,4552,2673
2887315275,300128,9415,6803,2612
2887315275,360157,11722,8963,2759
2887315275,420186,3818,13384,-9566
2887315275,480215,6495,13343,-6848
2887315275,540244,9041,1359,7682
2887315275,600273,5053,4091,962
2887315275,660300,6024,6553,-529
2887315275,720329,3778,5397,-1619
2887315275,780359,3084,5799,-2715
2887315275,840362,1750,4013,-2263
2887315275,900367,4998,4440,558
2887315275,960396,4411,6570,-2159
2887315275,1020399,6618,6873,-255
2887315275,1080428,2791,7466,-4675
2887315275,1140459,3113,9939,-6826
2887315275,1200488,3666,8106,-4440
2887315275,1260488,6136,6635,-499
2888086225,0,7000,7000,0
2888086225,60011,100,15,85
2888086225,120044,2462,1950,512
2888086225,180074,4830,4191,639
2888086225,240095,6873,4712,2161
2888086225,300095,1575,6182,-4607
2888086225,360097,2479,4516,-2037
2888086225,420104,2801,3924,-1123
2888086225,480137,5796,2403,3393
2888086225,540167,6670,2931,3739
2888086225,600171,3930,4999,-1069
2888086225,660187,2832,5573,-2741
2888086225,720203,4341,4849,-508
2888086225,780205,4576,2419,2157
2888086225,840211,4372,3310,1062
2888086225,900216,4851,3170,1681
2888086225,960246,2163,2127,36
2888086225,1020279,5392,3408,1984
2888086225,1080311,6668,2328,4340
2888086225,1140333,7368,5291,2077
2888086225,1200362,5046,5863,-817
2888086225,1260388,8060,2691,5369
2888086225,1320398,3860,5113,-1253
2888086225,1380409,4904,4837,67
2888086225,1440439,7567,3447,4120
2888086225,1500471,7776,5292,2484
2888086225,1560488,6504,4458,2046
2888086225,1620507,4191,6674,-2483
2888086225,1680514,6625,8423,-1798
2888086225,1740526,6386,7630,-1244
2888086225,1800549,6228,11395,-5167
2888086225,1860549,-3453,8995,-12448
2888587974,0,7000,7000,0
2888587974,60000,50,1558,-1508
2888587974,120003,2163,2596,-433
2888587974,180015,4446,3163,1283
2888587974,240021,5773,4956,817
2888587974,300059,7405,2811,4594
2888587974,360092,5522,4492,1030
2888587974,420110,1836,7769,-5933
2888587974,480111,3009,9782,-6773
2888587974,540121,6774,1846,4928
2888587974,600124,8101,5517,2584
2888587974,660135,2223,4516,-2293
2888587974,720167,1668,6107,-4439
2888587974,780173,3774,4287,-513
2888587974,840186,7546,3856,3690
2888587974,900189,8517,3681,4836
2888587974,960204,2314,4742,-2428
2888587974,1020221,2663,2972,-309
2888587974,1080244,3465,4741,-1276
2888587974,1140261,2025,5890,-3865
2888587974,1200285,5988,1364,4624
2888587974,1260289,5109,4654,455
2888587974,1320320,3243,6012,-2769
2888587974,1380330,4578,6516,-1938
2888587974,1440351,7889,5706,2183
2888587974,1500351,8170,5625,2545
2889092577,0,7000,7000,0
2889092577,60032,550,200,350
2889092577,120040,2625,2750,-125
2889092577,180069,4293,4259,34
2889092577,240099,7528,3335,4193
2889092577,300103,2503,5061,-2558
2889092577,360108,5744,4139,1605
2889092577,420109,6026,3502,2524
2889092577,480139,1860,5899,-4039
2889092577,540139,3008,3319,-311
2889092577,600156,4065,4339,-274
2889092577,660162,4589,2482,2107
2889092577,720193,7788,2427,5361
2889092577,780198,2158,5042,-2884
2889092577,840203,5101,6011,-910
2889092577,900235,7167,7138,29
2889092577,960264,5171,3149,2022
2889092577,1020291,4801,2759,2042
2889092577,1080311,6160,3743,2417
2889092577,1140329,4832,2574,2258
2889092577,1200331,4287,5003,-716
2889092577,1260335,8746,5883,2863
2889092577,1320335,8177,5030,3147
2889126365,0,7000,7000,0
2889126365,60009,75,300,-225
2889126365,120042,2305,2408,-103
2889126365,180075,2823,2984,-161
2889126365,240093,5226,4686,540
2889126365,300122,5100,6000,-900
2889126365,360125,2385,4232,-1847
2889126365,420135,3576,2605,971
2889126365,480160,6155,3821,2334
2889126365,540160,4131,3064,1067
2889855187,0,7000,7000,0
2889855187,60021,150,1400,-1250
2889855187,120035,2917,3644,-727
2889855187,180036,4727,5109,-382
2889855187,240054,6194,7631,-1437
2889855187,300084,7730,4362,3368
2889855187,360086,4715,8009,-3294
2889855187,420100,4814,4960,-146
2889855187,480101,5446,5962,-516
2889855187,540109,4032,6947,-2915
2889855187,600120,5740,6363,-623
2889855187,660126,2628,7445,-4817
2889855187,720143,2268,9284,-7016
2889855187,780158,3489,7963,-4474
2889855187,840168,5328,7486,-2158
2890359159,0,7000,7000,0
2890359159,60031,50,25,25
2890359159,120059,2265,2493,-228
2890359159,180090,3491,2422,1069
2890359159,240121,5710,4548,1162
2890359159,300143,975,2774,-1799
2890359159,360172,3287,4926,-1639
2890359159,420179,7790,2946,4844
2890359159,480211,6670,2625,4045
2890359159,540239,9355,4038,5317
2890359159,600269,9618,6395,3223
2890359159,660300,9691,8494,1197
2890359159,720331,10541,1607,8934
2890359159,780347,1588,5046,-3458
2890359159,840361,3244,5711,-2467
2890359159,900378,6295,7277,-982
2890359159,960378,9164,2502,6662
2890392192,0,7000,7000,0
2890392192,60026,115,1400,-1285
2890392192,120047,1885,2538,-653
2890392192,180075,2794,4427,-1633
2890392192,240088,4398,2321,2077
2890392192,300105,6619,2559,4060
2890392192,360118,4486,5110,-624
2890392192,420128,8316,1226,7090
2890392192,480147,1099,3645,-2546
2890392192,540159,3440,5622,-2182
2890392192,600186,6499,5480,1019
2890392192,660204,3738,2445,1293
2890392192,720207,2959,2724,235
2890392192,780230,4085,2857,1228
2890392192,840249,2423,6018,-3595
2890392192,900249,6247,2025,4222
2890773023,0,2500,2500,0
2890773023,60005,0,0,0
2890773023,120011,997,762,235
2890773023,180071,1596,2458,-862
2890773023,240079,2903,3750,-847
2890773023,300099,4380,3990,390
2890773023,360127,4711,5364,-653
2890773023,420142,3012,5136,-2124
2890773023,480155,2205,1826,379
2890773023,540159,3810,2497,1313
2890773023,600176,4391,1927,2464
2890773023,660208,2676,3705,-1029
2890773023,720218,2668,3589,-921
2890773023,780251,4241,2145,2096
2890773023,840257,3187,4025,-838
2890773023,900273,4154,4226,-72
2890773023,960306,4628,5517,-889
2890773023,1020322,4191,4199,-8
2890773023,1080347,3410,3247,163
2890773023,1140361,4100,5313,-1213
2890773023,1200377,2697,3026,-329
2890773023,1260385,3809,3872,-63
2890773023,1320400,6003,5197,806
2890773023,1380431,3212,3646,-434
2890773023,1440461,3720,4833,-1113
2890773023,1500481,3060,4407,-1347
2890773023,1560499,5502,3760,1742
2890773023,1620518,6521,3882,2639
2890773023,1680542,3457,5940,-2483
2890773023,1740559,2817,4405,-1588
2890773023,1800564,4516,1563,2953
2890773023,1860588,5555,2974,2581
2890773023,1920607,2475,3622,-1147
2890773023,1980617,5572,3863,1709
2890773023,2040617,5484,3625,1859
2890777411,0,2500,2500,0
2890777411,60010,0,0,0
2890777411,120035,383,478,-95
2890777411,180099,1655,1798,-143
2890777411,240112,3786,2553,1233
2890777411,300131,3289,4072,-783
2890777411,360147,3185,451,2734
2890777411,420161,770,1627,-857
2890777411,480165,2649,1693,956
2890777411,540186,4198,1167,3031
2890777411,600213,4129,2822,1307
2890777411,660214,1362,2597,-1235
2890777411,720231,3141,2811,330
2890777411,780256,3633,1827,1806
2890777411,840280,4368,2770,1598
2890777411,900282,1560,1622,-62
2890777411,960288,3066,2331,735
2890777411,1020315,4681,3848,833
2890777411,1080348,4150,4691,-541
2890777411,1140360,4968,827,4141
2890777411,1200389,8329,2560,5769
2890777411,1260416,1230,2371,-1141
2890777411,1320418,4620,2222,2398
2890777411,1380425,6686,1349,5337
2890777411,1440452,3901,3103,798
2890777411,1500457,7489,1606,5883
2890777411,1560464,5351,2303,3048
2890777411,1620464,6632,3296,3336
2890809737,0,2500,2500,0
2890809737,60024,20,0,20
2890809737,120035,881,358,523
2890809737,180043,2195,1881,314
2890809737,240056,3548,2987,561
2890809737,300076,4976,3594,1382
2890809737,360088,752,3317,-2565
2890809737,420119,1973,2744,-771
2890809737,480133,1936,2403,-467
2890809737,540165,4112,3447,665
2890809737,600197,5198,2211,2987
2890809737,660200,1821,4256,-2435
2890809737,720213,1738,4079,-2341
2890809737,780255,3946,1758,2188
2890809737,840287,4204,2533,1671
2890809737,900301,3617,3046,571
2890809737,960314,3459,2791,668
2890809737,1020326,2881,4029,-1148
2890809737,1080337,4481,4540,-59
2890809737,1140358,3743,6434,-2691
2890809737,1200382,3403,4099,-696
2890809737,1260409,5430,3320,2110
2890809737,1320423,4882,5284,-402
2890809737,1380436,6684,1216,5468
2890809737,1440467,4357,2330,2027
2890809737,1500470,6936,3862,3074
2890809737,1560478,3675,1954,1721
2890809737,1620490,6324,2485,3839
2890809737,1680506,5046,3522,1524
2890809737,1740530,3653,3537,116
2890809737,1800551,6477,2434,4043
2890809737,1860551,7591,1623,5968
2890900577,0,2500,2500,0
2890900577,60008,0,0,0
2890900577,120011,473,334,139
2890900577,180039,2446,1510,936
2890900577,240069,1811,2192,-381
2890900577,300076,2938,3190,-252
2890900577,360085,2356,3387,-1031
2890900577,420099,2508,5412,-2904
2890900577,480114,2466,1803,663
2890900577,540136,2484,2776,-292
2890900577,600139,1298,4313,-3015
2890900577,660151,2173,2228,-55
2890900577,720155,2665,3959,-1294
2890900577,780177,3127,2324,803
2890900577,840201,2118,2444,-326
2890900577,900226,2883,5272,-2389
2890900577,960235,4664,1295,3369
2890900577,1020239,2336,2653,-317
2890900577,1080263,3762,4503,-741
2890900577,1140266,2677,3932,-1255
2890900577,1200300,3256,6725,-3469
2890900577,1260317,2473,5259,-2786
2890900577,1320342,1556,5795,-4239
2890900577,1380353,2010,2647,-637
2890900577,1440376,2969,4483,-1514
2890900577,1500400,1197,3187,-1990
2890900577,1560402,2689,4255,-1566
2890900577,1620412,5028,6623,-1595
2890900577,1680436,5277,4854,423
2890900577,1740445,1792,4883,-3091
2890900577,1800454,4693,6417,-1724
2890900577,1860477,5588,1606,3982
2890900577,1920502,4778,3068,1710
2890900577,1980502,4311,2556,1755
2890943560,0,2500,2500,0
2890943560,60020,0,0,0
2890943560,120022,352,475,-123
2890943560,180051,2281,1750,531
2890943560,240063,1849,2770,-921
2890943560,300097,2420,2184,236
2890943560,360106,3396,2720,676
2890943560,420111,2501,1341,1160
2890943560,480115,1801,2040,-239
2890943560,540134,2669,3257,-588
2890943560,600164,2764,2184,580
2890943560,660194,4236,1646,2590
2890943560,720199,1826,2131,-305
2890943560,780213,4070,2083,1987
2890943560,840226,3743,4177,-434
2890943560,900229,2888,4881,-1993
2890943560,960230,3322,5642,-2320
2890943560,1020252,3308,5487,-2179
2890943560,1080278,2435,5545,-3110
2890943560,1140297,6153,1087,5066
2890943560,1200298,3424,2515,909
2890943560,1260320,4420,2625,1795
2890943560,1320330,5842,2802,3040
2890943560,1380357,6432,5065,1367
2890943560,1440372,3526,2656,870
2890943560,1500384,4964,4421,543
2890943560,1560403,3952,1002,2950
2890943560,1620412,4504,2932,1572
2890943560,1680417,1932,1413,519
2890943560,1740426,3197,2868,329
2890943560,1800448,2745,4030,-1285
2890943560,1860450,2909,4229,-1320
2890943560,1920470,5062,4599,463
2890943560,1980471,2208,6867,-4659
2890943560,2040471,3706,2163,1543
2890943560,2100476,5061,3364,1697
2890943560,2160507,4802,5499,-697
2890943560,2220522,2697,4916,-2219
2890943560,2280550,5315,5776,-461
2890943560,2340574,9016,4706,4310
2890943560,2400575,5966,5391,575
2890943560,2460596,9513,6402,3111
2891063899,0,2500,2500,0
2891063899,60002,0,0,0
2891063899,120005,332,323,9
2891063899,180032,2457,1397,1060
2891063899,240063,3734,3119,615
2891063899,300094,4287,4768,-481
2891063899,360095,2258,2031,227
2891063899,420119,2121,1788,333
2891063899,480151,3137,2522,615
2891063899,540152,4455,4290,165
2891063899,600160,2874,3143,-269
2891063899,660189,3293,2130,1163
2891063899,720198,3695,4677,-982
2891063899,780225,4201,2488,1713
2891063899,840242,2287,4643,-2356
2891063899,900246,4126,5012,-886
2891063899,960275,4026,2537,1489
2891063899,1020299,3301,2506,795
2891063899,1080326,3364,4237,-873
2891063899,1140343,3564,3161,403
2891063899,1200367,5520,4154,1366
2891063899,1260395,4801,1760,3041
2891063899,1320424,2359,3012,-653
2891063899,1380443,4288,5871,-1583
2891063899,1440476,932,4090,-3158
2891063899,1500505,3248,2121,1127
2891063899,1560512,6435,1952,4483
2891063899,1620526,2542,2620,-78
2891063899,1680536,4673,2683,1990
2891063899,1740556,9632,4567,5065
2891096392,0,2500,2500,0
2891096392,60016,0,0,0
2891096392,120020,500,411,89
2891096392,180043,2691,1504,1187
2891096392,240047,2582,1822,760
2891096392,300089,2335,3769,-1434
2891096392,360112,2475,4099,-1624
2891096392,420118,2111,2364,-253
2891096392,480142,2286,1685,601
2891096392,540154,3528,1659,1869
2891096392,600175,5142,1830,3312
2891096392,660215,4912,2008,2904
2891096392,720220,3360,2034,1326
2891096392,780247,5435,2602,2833
2891096392,840260,5818,2794,3024
2891096392,900267,3004,3549,-545
2891096392,960280,2392,3580,-1188
2891096392,1020293,5425,3019,2406
2891096392,1080315,5757,3961,1796
2891096392,1140330,7643,1948,5695
2891122191,0,2500,2500,0
2891122191,60024,0,0,0
2891122191,120067,433,373,60
2891122191,180101,1636,1445,191
2891122191,240102,2806,2236,570
2891122191,300129,4551,3112,1439
2891122191,360160,3267,2018,1249
2891122191,420179,3600,2523,1077
2891122191,480200,4146,2241,1905
2891122191,540225,3217,2898,319
2891122191,600239,4172,4349,-177
2891122191,660265,2601,2388,213
2891122191,720270,3437,2092,1345
2891122191,780297,4617,1994,2623
2891122191,840323,3972,2441,1531
2891122191,900349,2752,4868,-2116
2891122191,960374,3778,3398,380
2891122191,1020380,6553,2581,3972
2891122191,1080404,3978,1804,2174
2891122191,1140432,5844,3786,2058
2891122191,1200470,5646,4658,988
2891122191,1260505,3696,3296,400
2891122191,1320512,5978,4157,1821
2891122191,1380541,3897,3307,590
2891122191,1440552,3163,3656,-493
2891122191,1500563,5627,5173,454
2891122191,1560596,5779,2364,3415
2891122191,1620597,4374,2762,1612
2891122191,1680602,6688,802,5886
2891122191,1740631,5245,2630,2615
2891122191,1800658,3629,2879,750
2891122191,1860673,4830,3955,875
2891122191,1920690,4326,5723,-1397
2891122191,1980702,5828,5149,679
2891122191,2040713,9671,6032,3639
2891122191,2100713,10020,5376,4644
2891678880,0,7000,7000,0
2891678880,60028,200,100,100
2891678880,120047,3205,1120,2085
2891678880,180067,3954,1958,1996
2891678880,240079,6670,2085,4585
2891678880,300109,2155,2606,-451
2891678880,360138,3936,5029,-1093
2891678880,420166,5435,5526,-91
2891678880,480187,6029,4874,1155
2891678880,540189,6483,3844,2639
2891678880,600221,2828,3338,-510
2891678880,660225,1738,4688,-2950
2891678880,720225,4018,5537,-1519
2891678880,780227,4792,5351,-559
2891678880,840232,5926,3026,2900
2891678880,900241,1593,8167,-6574
2891678880,960244,5307,2609,2698
2891678880,1020270,3736,3272,464
2891678880,1080285,2761,3846,-1085
2891678880,1140288,5094,6353,-1259
2891678880,1200315,6946,4952,1994
2891678880,1260333,6031,7060,-1029
2891678880,1320365,4131,5590,-1459
2891678880,1380365,6812,4803,2009
2891806516,0,7000,7000,0
2891806516,60010,10,265,-255
2891806516,120041,2564,2311,253
2891806516,180072,3272,4395,-1123
2891806516,240099,6401,2744,3657
2891806516,300129,3420,5583,-2163
2891806516,360158,3705,3433,272
2891806516,420188,2213,2648,-435
2891806516,480216,4410,2620,1790
2891806516,540225,2246,6594,-4348
2891806516,600254,2587,2883,-296
2891806516,660282,2781,3351,-570
2891806516,720314,5055,4824,231
2891806516,780342,3828,3194,634
2891806516,840373,5507,2601,2906
2891806516,900376,4769,6471,-1702
2891806516,960405,2872,8773,-5901
2891806516,1020432,4170,2786,1384
2891806516,1080461,4293,4315,-22
2891806516,1140485,1806,6488,-4682
2891806516,1200492,3405,6418,-3013
2891806516,1260504,2842,6807,-3965
2891806516,1320535,4811,7114,-2303
2891806516,1380542,4332,5302,-970
2891806516,1440556,5337,2812,2525
2891806516,1500576,7965,4345,3620
2891806516,1560578,9687,4481,5206
2891806516,1620590,7636,7294,342
2891806516,1680590,7077,8580,-1503
2891852675,0,2500,2500,0
2891852675,60027,0,0,0
2891852675,120038,427,495,-68
2891852675,180075,1861,1646,215
2891852675,240107,2126,2354,-228
2891852675,300116,2651,3796,-1145
2891852675,360130,2983,4198,-1215
2891852675,420149,4680,4375,305
2891852675,480168,5858,5444,414
2891852675,540200,7035,6808,227
2891852675,600225,5952,3504,2448
2891852675,660231,1051,2836,-1785
2891852675,720262,1936,2718,-782
2891852675,780262,3145,3445,-300
2891852675,840287,4656,3786,870
2891852675,900317,3709,2655,1054
2891852675,960327,2980,2886,94
2891852675,1020338,7049,2336,4713
2891852675,1080355,7586,1919,5667
2891852675,1140380,4114,4467,-353
2891852675,1200386,2689,4333,-1644
2891852675,1260395,4365,6059,-1694
2891852675,1320419,3511,2788,723
2891852675,1380434,4217,2231,1986
2891852675,1440455,6748,2267,4481
2891852675,1500469,4783,4028,755
2891852675,1560501,1678,3148,-1470
2891852675,1620510,5272,1322,3950
2891852675,1680524,2286,2947,-661
2891852675,1740538,2915,3318,-403
2891852675,1800565,4798,4826,-28
2891852675,1860570,2844,2625,219
2891852675,1920600,4236,3484,752
2891852675,1980628,4282,3385,897
2891852675,2040643,2729,1863,866
2891852675,2100660,5660,2500,3160
2891852675,2160670,8295,4735,3560
2891852675,2220670,7638,1909,5729
2891883759,0,2500,2500,0
2891883759,60013,0,0,0
2891883759,120042,411,455,-44
2891883759,180072,1701,1755,-54
2891883759,240075,3252,2974,278
2891883759,300104,2430,3094,-664
2891883759,360104,2757,1476,1281
2891883759,420118,1853,3317,-1464
2891883759,480127,1880,3124,-1244
2891883759,540137,3255,3678,-423
2891883759,600168,3075,2997,78
2891883759,660182,4315,2512,1803
2891883759,720214,859,4896,-4037
2891883759,780230,2755,1502,1253
2891883759,840248,2683,3129,-446
2891883759,900259,4584,3782,802
2891883759,960278,4597,3667,930
2891883759,1020286,2658,2010,648
2891883759,1080314,1627,2428,-801
2891883759,1140343,2322,2464,-142
2891883759,1200374,5533,1782,3751
2891883759,1260405,5077,3167,1910
2891883759,1320429,4838,3305,1533
2891883759,1380458,6123,2688,3435
2891883759,1440474,7233,3887,3346
2891883759,1500500,2017,2920,-903
2891883759,1560500,5256,1715,3541
2891960983,0,2500,2500,0
2891960983,60017,0,0,0
2891960983,120019,363,331,32
2891960983,180049,1328,2193,-865
2891960983,240069,2179,2419,-240
2891960983,300072,2595,3940,-1345
2891960983,360081,4990,1415,3575
2891960983,420086,1154,1481,-327
2891960983,480107,2150,3014,-864
2891960983,540132,1787,2926,-1139
2891960983,600158,2562,2042,520
2891960983,660184,4974,2201,2773
2891960983,720203,4083,2541,1542
2891960983,780235,3487,3280,207
2891960983,840240,2251,4183,-1932
2891960983,900245,3361,4757,-1396
2891960983,960270,2597,4725,-2128
2891960983,1020270,3463,3694,-231
2891960983,1080287,3566,5234,-1668
2891960983,1140301,3540,2593,947
2891960983,1200322,5620,2865,2755
2891960983,1260340,3358,1642,1716
2891960983,1320372,4937,2222,2715
2891960983,1380401,4563,2867,1696
2891960983,1440414,3201,5328,-2127
2891960983,1500419,2135,2095,40
2891960983,1560420,4329,2809,1520
2891960983,1620421,2632,2284,348
2891960983,1680442,6882,3185,3697
2891960983,1740442,9826,3571,6255
2892486300,0,7000,7000,0
2892486300,60025,250,1515,-1265
2892486300,120054,3243,1277,1966
2892486300,180083,5220,2423,2797
2892486300,240112,6402,4974,1428
2892486300,300142,6758,6261,497
2892486300,360171,2202,6654,-4452
2892486300,420171,4599,5738,-1139
2892486300,480200,7394,2538,4856
2892486300,540231,7977,3281,4696
2892486300,600234,4951,3362,1589
2892486300,660235,4601,5948,-1347
2892486300,720263,8300,3191,5109
2892486300,780291,2976,4477,-1501
2892486300,840321,3709,4772,-1063
2892486300,900321,6466,3581,2885
2892992073,0,7000,7000,0
2892992073,60012,0,2890,-2890
2892992073,120018,2691,2468,223
2892992073,180019,4465,3943,522
2892992073,240038,5714,4611,1103
2892992073,300070,7822,4126,3696
2892992073,360080,10123,6526,3597
2892992073,420081,11040,8693,2347
2892992073,480110,11084,8040,3044
2892992073,540121,13868,3983,9885
2892992073,600143,5888,7138,-1250
2892992073,660160,8311,9521,-1210
2892992073,720165,8535,4212,4323
2892992073,780173,3579,7083,-3504
2892992073,840176,5113,4314,799
2892992073,900206,4488,3871,617
2892992073,960214,4028,6104,-2076
2892992073,1020247,3482,3554,-72
2892992073,1080279,4436,6142,-1706
2892992073,1140279,6918,7260,-342
2894015404,0,7000,7000,0
2894015404,60024,300,50,250
2894015404,120054,2472,2518,-46
2894015404,180083,4609,3771,838
2894015404,240114,7020,4896,2124
2894015404,300145,4784,5372,-588
2894015404,360175,4974,2293,2681
2894015404,420203,6228,4684,1544
2894015404,480230,5921,5601,320
2894015404,540259,2465,3573,-1108
2894015404,600289,3842,5778,-1936
2894015404,660307,4907,6164,-1257
2894015404,720336,6018,6585,-567
2894015404,780339,2781,3851,-1070
2894015404,840348,1958,5709,-3751
2894015404,900355,4995,3038,1957
2894015404,960367,1744,4211,-2467
2894015404,1020386,5211,4780,431
2894015404,1080415,1401,4072,-2671
2894015404,1140429,3051,7699,-4648
2894015404,1200458,6434,2722,3712
2894015404,1260481,3030,5435,-2405
2894015404,1320489,5616,7500,-1884
2894015404,1380492,4692,8617,-3925
2894015404,1440518,5447,6793,-1346
2894015404,1500536,7378,3763,3615
2894030627,0,7000,7000,0
2894030627,60032,165,510,-345
2894030627,120058,1955,2660,-705
2894030627,180064,4579,4356,223
2894030627,240083,7252,4738,2514
2894030627,300091,8058,5263,2795
2894030627,360093,9474,8957,517
2894030627,420102,2059,3826,-1767
2894030627,480123,1978,3862,-1884
2894030627,540134,3158,6992,-3834
2894030627,600148,5179,3886,1293
2894030627,660164,4125,1389,2736
2894030627,720187,3864,4589,-725
2894030627,780207,4212,3116,1096
2894030627,840227,1734,3399,-1665
2894030627,900233,7044,871,6173
2894030627,960249,9829,1886,7943
2894030627,1020282,7176,4940,2236
2894030627,1080282,9667,1765,7902
2894533489,0,7000,7000,0
2894533489,60022,0,575,-575
2894533489,120038,1913,3251,-1338
2894533489,180067,3831,5837,-2006
2894533489,240067,3779,4828,-1049
2894533489,300100,6971,3735,3236
2894533489,360129,8117,6268,1849
2894533489,420146,4982,8773,-3791
2894533489,480177,5190,8306,-3116
2894533489,540207,6609,5629,980
2894533489,600210,5224,7832,-2608
2894533489,660241,7378,9964,-2586
2894533489,720268,2367,14028,-11661
2894533489,780272,5476,3875,1601
2894533489,840281,3246,3305,-59
2894533489,900310,4445,2649,1796
2894533489,960324,6941,3434,3507
2894533489,1020333,9793,3198,6595
2894533489,1080337,5189,4833,356
2894533489,1140353,7767,1433,6334
2894533489,1200376,4233,3924,309
2894533489,1260399,6808,6820,-12
2894533489,1320407,5287,5848,-561
2894533489,1380410,8274,3743,4531
2894533489,1440424,2833,5521,-2688
2894533489,1500424,4411,5900,-1489
2894563082,0,7000,7000,0
2894563082,60018,100,0,100
2894563082,120021,2573,2168,405
2894563082,180023,4250,4769,-519
2894563082,240027,2944,5148,-2204
2894563082,300032,3692,4196,-504
2894563082,360036,4236,7006,-2770
2894563082,420064,3703,5693,-1990
2894563082,480082,6480,6203,277
2894563082,540096,8724,6092,2632
2894563082,600100,2569,3082,-513
2894563082,660123,4837,4537,300
2894563082,720155,7447,3474,3973
2894563082,780175,5049,3873,1176
2894563082,840189,5902,3917,1985
2894563082,900219,3169,4019,-850
2894563082,960232,4336,4970,-634
2894563082,1020253,2261,3575,-1314
2894563082,1080254,3851,6022,-2171
2894563082,1140285,8576,1715,6861
2894563082,1200285,8891,2608,6283
2895103515,0,7000,7000,0
2895103515,60020,50,100,-50
2895103515,120050,2766,2156,610
2895103515,180079,4650,4112,538
2895103515,240108,8255,3129,5126
2895103515,300138,8416,4722,3694
2895103515,360167,12843,1653,11190
2895103515,420196,4802,2633,2169
2895103515,480196,2816,4102,-1286
2895115928,0,7000,7000,0
2895115928,60029,150,515,-365
2895115928,120031,2524,2757,-233
2895115928,180060,4516,3292,1224
2895115928,240089,5087,5200,-113
2895115928,300091,4201,8235,-4034
2895115928,360094,6392,3613,2779
2895115928,420126,8203,3501,4702
2895115928,480131,2709,4817,-2108
2895115928,540163,5168,5662,-494
2895115928,600194,4256,5045,-789
2895115928,660222,5882,2373,3509
2895115928,720233,5680,4852,828
2895115928,780238,3397,4280,-883
2895115928,840239,4799,1332,3467
2895115928,900257,6199,2780,3419
2895115928,960257,5625,3687,1938
2895119363,0,7000,7000,0
2895119363,60004,685,65,620
2895119363,120019,2898,2215,683
2895119363,180024,5383,4447,936
2895119363,240048,6739,3917,2822
2895119363,300060,2183,2674,-491
2895119363,360081,3268,4265,-997
2895119363,420091,4223,4831,-608
2895119363,480100,7413,4425,2988
2895119363,540129,3159,4043,-884
2895119363,600160,2872,2959,-87
2895119363,660173,3772,5952,-2180
2895119363,720200,8324,3046,5278
2895119363,780215,1581,4650,-3069
2895119363,840233,4904,4724,180
2895119363,900245,7175,2996,4179
2895119363,960245,8480,3635,4845
2895124797,0,7000,7000,0
2895124797,60015,899,164,735
2895124797,120020,2511,1687,824
2895124797,180050,3607,3237,370
2895124797,240079,7694,2769,4925
2895124797,300082,5438,4872,566
2895124797,360109,4895,2751,2144
2895124797,420120,4571,3423,1148
2895124797,480149,6621,2712,3909
2895124797,540163,9037,2470,6567
2895124797,600179,6052,3733,2319
2895124797,660204,6032,2637,3395
2895124797,720204,6785,2993,3792
2895147142,0,7000,7000,0
2895147142,60025,100,65,35
2895147142,120029,2154,2050,104
2895147142,180030,4778,2199,2579
2895147142,240045,6228,2713,3515
2895147142,300064,2297,1763,534
2895147142,360091,5095,3322,1773
2895147142,420115,8761,881,7880
2895147142,480131,5224,4231,993
2895147142,540148,4475,2823,1652
2895147142,600166,6753,1467,5286
2895147142,660183,3503,5567,-2064
2895147142,720186,4514,1825,2689
2895147142,780201,5814,1808,4006
2895147142,840211,9227,3169,6058
2895147142,900241,13788,3968,9820
2895147142,960241,16459,4093,12366
2895799030,0,7000,7000,0
2895799030,60017,15,55,-40
2895799030,120046,2789,1898,891
2895799030,180075,5504,3574,1930
2895799030,240107,5706,4322,1384
2895799030,300137,4215,1130,3085
2895799030,360166,4491,3052,1439
2895799030,420195,6263,4731,1532
2895799030,480224,1124,3114,-1990
2895799030,540254,4848,2202,2646
2895799030,600284,2997,4896,-1899
2895799030,660313,4569,3031,1538
2895799030,720342,5443,5605,-162
2895799030,780372,5212,2196,3016
2895799030,840401,4541,3320,1221
2895799030,900430,6669,3964,2705
2895799030,960433,4076,5122,-1046
2895799030,1020438,1952,3697,-1745
2895799030,1080450,3897,2397,1500
2895799030,1140454,4478,5540,-1062
2895839932,0,7000,7000,0
2895839932,60020,460,55,405
2895839932,120051,2142,2680,-538
2895839932,180080,3462,5243,-1781
2895839932,240081,3671,3097,574
2895839932,300092,4133,5303,-1170
2895839932,360098,3960,7358,-3398
2895839932,420128,6031,7698,-1667
2895839932,480160,6648,4282,2366
2895839932,540161,7730,9171,-1441
2895839932,600190,3110,8842,-5732
2895839932,660197,5193,3052,2141
2895839932,720207,5938,1643,4295
2895839932,780238,6326,3748,2578
2895839932,840243,1268,4288,-3020
2895839932,900257,2367,5993,-3626
2895839932,960288,2949,3851,-902
2895839932,1020293,4193,6957,-2764
2895839932,1080294,2233,2974,-741
2895839932,1140311,4473,5362,-889
2895839932,1200329,6507,4272,2235
2895839932,1260349,7065,4519,2546
2895839932,1320365,6853,5165,1688
2895839932,1380366,13704,3295,10409
2895844104,0,7000,7000,0
2895844104,60021,840,419,421
2895844104,120052,3040,2585,455
2895844104,180082,5643,4029,1614
2895844104,240115,5324,4523,801
2895844104,300145,8136,4394,3742
2895844104,360175,10315,1537,8778
2895844104,420183,12800,4068,8732
2895844104,480213,8618,2682,5936
2895844104,540244,10864,4848,6016
2895844104,600276,10853,1929,8924
2895844104,660306,11676,3761,7915
2895844104,720337,14543,4893,9650
2895844104,780369,5103,4427,676
2895844104,840399,2284,6177,-3893
2895844104,900431,2652,6784,-4132
2895844104,960439,4733,8998,-4265
2895844104,1020466,10598,2766,7832
2895844104,1080476,3951,4676,-725
2895844104,1140509,2803,5909,-3106
2895844104,1200510,4703,8360,-3657
2895844104,1260525,4577,5916,-1339
2895844104,1320543,2873,6061,-3188
2895844104,1380573,3226,4813,-1587
2895844104,1440595,7390,2787,4603
2896097800,0,7000,7000,0
2896097800,60019,100,15,85
2896097800,120032,2983,2221,762
2896097800,180057,6012,961,5051
2896097800,240073,4077,3158,919
2896097800,300106,5128,4377,751
2896097800,360108,7809,5877,1932
2896097800,420141,6393,5644,749
2896097800,480144,8849,3249,5600
2896097800,540158,11759,3896,7863
2896097800,600160,7972,4652,3320
2896097800,660161,9829,5361,4468
2896097800,720188,13111,1830,11281
2896097800,780221,1250,7288,-6038
2896097800,840221,5318,2055,3263
2896112362,0,7000,7000,0
2896112362,60026,175,1400,-1225
2896112362,120034,1896,2294,-398
2896112362,180046,3100,2245,855
2896112362,240061,3862,3465,397
2896112362,300063,6286,1661,4625
2896112362,360071,5859,3547,2312
2896112362,420085,4674,3404,1270
2896112362,480118,3546,2857,689
2896112362,540153,3433,3846,-413
2896112362,600172,4392,2098,2294
2896112362,660174,5246,3312,1934
2896112362,720184,3625,6795,-3170
2896112362,780194,4286,7490,-3204
2896112362,840225,1987,5333,-3346
2896112362,900257,5285,4559,726
2896112362,960272,5065,5086,-21
2896112362,1020278,3780,7050,-3270
2896112362,1080282,4362,5732,-1370
2896112362,1140282,3427,6158,-2731
2896141492,0,7000,7000,0
2896141492,60006,100,1475,-1375
2896141492,120037,3191,1411,1780
2896141492,180066,5819,3776,2043
2896141492,240096,1260,4530,-3270
2896141492,300126,4887,1571,3316
2896141492,360157,8129,3426,4703
2896141492,420189,2271,6376,-4105
2896141492,480219,4222,6572,-2350
2896141492,540248,3142,8056,-4914
2896141492,600278,5678,1881,3797
2896141492,660280,2170,6861,-4691
2896141492,720312,5042,5281,-239
2896141492,780319,5359,5414,-55
2896141492,840323,11088,2549,8539
2896141492,900353,4228,5403,-1175
2896141492,960360,5951,3661,2290
2896141492,1020360,9541,3208,6333
2896146223,0,7000,7000,0
2896146223,60020,0,440,-440
2896146223,120027,3134,2074,1060
2896146223,180067,4909,3210,1699
2896146223,240094,6261,3756,2505
2896146223,300122,2383,5977,-3594
2896146223,360125,4775,4165,610
2896146223,420157,5298,5060,238
2896146223,480162,4463,3362,1101
2896146223,540168,5595,5488,107
2896146223,600198,865,6618,-5753
2896146223,660204,5522,2597,2925
2896146223,720205,4945,5337,-392
2896146223,780217,2954,6355,-3401
2896146223,840217,2011,5911,-3900
2896176718,0,7000,7000,0
2896176718,60027,100,50,50
2896176718,120059,1776,2570,-794
2896176718,180086,4419,4014,405
2896176718,240119,1225,4100,-2875
2896176718,300123,3797,4293,-496
2896176718,360128,3584,1286,2298
2896176718,420145,6480,2014,4466
2896176718,480150,5116,2330,2786
2896176718,540160,3604,3162,442
2896176718,600191,3439,4068,-629
2896176718,660218,1825,5494,-3669
2896176718,720224,5181,3051,2130
2896176718,780238,6978,1561,5417
2896176718,840257,7927,1246,6681
2896182561,0,7000,7000,0
2896182561,60031,215,1715,-1500
2896182561,120033,2515,2142,373
2896182561,180063,5067,3802,1265
2896182561,240066,7906,4533,3373
2896182561,300071,1600,5125,-3525
2896182561,360101,4526,5402,-876
2896182561,420101,2248,4183,-1935
2896182561,480131,5774,3823,1951
2896182561,540137,4595,1682,2913
2896182561,600158,5284,4277,1007
2896182561,660185,3091,5926,-2835
2896182561,720216,5168,3060,2108
2896182561,780239,3577,3287,290
2896182561,840257,6144,3719,2425
2896182561,900278,5807,3194,2613
2896182561,960289,3855,2392,1463
2896182561,1020317,4745,3372,1373
2896182561,1080345,4619,708,3911
2896182561,1140345,4534,906,3628
