gameId,timestamp,winnerTotal,loserTotal,GoldDifference
2748397061,157,2500,2500,0
2748397061,60187,0,0,0
2748397061,120216,386,504,-118
2748397061,180245,1749,1847,-98
2748397061,240274,1389,2397,-1008
2748397061,300307,2874,2107,767
2748397061,360335,2707,1000,1707
2748397061,420367,2524,1905,619
2748397061,480377,4007,2855,1152
2748397061,540409,4806,3836,970
2748397061,600409,1524,3994,-2470
2748397061,660414,2952,5001,-2049
2748397061,720420,4429,4253,176
2748397061,780422,6032,2719,3313
2748397061,840443,3162,4582,-1420
2748397061,900447,5716,3971,1745
2748397061,960451,2934,2193,741
2748397061,1020459,2883,3735,-852
2748397061,1080488,5241,2280,2961
2748397061,1140491,5767,2211,3556
2748397061,1200518,3421,2390,1031
2748397061,1260539,3148,4010,-862
2748397061,1320563,5263,2271,2992
2748397061,1380576,3969,4842,-873
2748397061,1440581,2754,4174,-1420
2748397061,1500591,3062,5117,-2055
2748397061,1560596,7137,4504,2633
2748397061,1620596,10362,2665,7697
2759024018,152,2500,2500,0
2759024018,60181,0,0,0
2759024018,120210,2388,304,2084
2759024018,180239,1688,2695,-1007
2759024018,240269,3394,4147,-753
2759024018,300298,8133,2591,5542
2759024018,360328,3301,3064,237
2759024018,420331,4452,2038,2414
2759024018,480361,7902,1414,6488
2759024018,540390,3553,3184,369
2759024018,600394,3089,4341,-1252
2759024018,660402,6406,3987,2419
2759024018,720411,7483,1290,6193
2759024018,780444,13818,3758,10060
2759024018,840455,6150,2537,3613
2759024018,900456,5804,1730,4074
2759024018,960488,4472,2499,1973
2759024018,1020517,3992,2874,1118
2759024018,1080549,6090,3333,2757
2759024018,1140564,3770,4404,-634
2759024018,1200564,5611,2759,2852
2759024018,1260597,7535,5059,2476
2759024018,1320599,5512,3298,2214
2759024018,1380628,8208,3526,4682
2759024018,1440633,3543,4348,-805
2759024018,1500641,8945,3282,5663
2759024018,1560656,11238,7249,3989
2759024018,1620656,7874,3942,3932
2762685802,166,2500,2500,0
2762685802,60196,11,124,-113
2762685802,120224,819,474,345
2762685802,180254,2471,1792,679
2762685802,240280,1689,2214,-525
2762685802,300304,2589,3407,-818
2762685802,360330,2857,4528,-1671
2762685802,420334,2313,3521,-1208
2762685802,480360,2960,2267,693
2762685802,540392,5694,2047,3647
2762685802,600404,2293,2683,-390
2762685802,660419,3416,4832,-1416
2762685802,720441,4405,3377,1028
2762685802,780454,1850,2605,-755
2762685802,840459,3777,4538,-761
2762685802,900479,8282,2111,6171
2762685802,960514,1883,3823,-1940
2762685802,1020538,5195,4481,714
2762685802,1080555,4001,3085,916
2762685802,1140582,3079,3411,-332
2762685802,1200592,4844,2094,2750
2762685802,1260612,4066,2419,1647
2762685802,1320621,3194,3235,-41
2762685802,1380642,5119,2900,2219
2762685802,1440658,4505,2428,2077
2762685802,1500683,2739,2464,275
2762685802,1560707,5546,3526,2020
2762685802,1620707,5864,3640,2224
2763625812,165,2500,2500,0
2763625812,60194,0,0,0
2763625812,120223,467,360,107
2763625812,180251,1905,1866,39
2763625812,240281,4167,2340,1827
2763625812,300313,2093,2614,-521
2763625812,360346,1110,1927,-817
2763625812,420375,2397,3616,-1219
2763625812,480404,4503,2896,1607
2763625812,540435,4646,4030,616
2763625812,600448,2701,2588,113
2763625812,660462,4001,3410,591
2763625812,720476,6719,2556,4163
2763625812,780495,6953,3538,3415
2763625812,840512,1909,3145,-1236
2763625812,900514,2884,4186,-1302
2763625812,960537,2941,3476,-535
2763625812,1020565,4452,1743,2709
2763625812,1080597,2902,3412,-510
2763625812,1140599,4759,3029,1730
2763625812,1200599,5545,1870,3675
2763625812,1260626,3716,2362,1354
2763625812,1320652,3642,2344,1298
2763625812,1380680,10139,2571,7568
2763625812,1440691,7806,1937,5869
2763625812,1500718,3106,2080,1026
2763625812,1560737,7946,2693,5253
2763625812,1620737,8980,3159,5821
2764632841,162,2500,2500,0
2764632841,60189,0,0,0
2764632841,120217,419,383,36
2764632841,180246,2081,1795,286
2764632841,240274,3472,3231,241
2764632841,300306,4799,3341,1458
2764632841,360334,5597,1829,3768
2764632841,420338,819,1551,-732
2764632841,480369,2003,3402,-1399
2764632841,540370,3400,3302,98
2764632841,600384,4033,3944,89
2764632841,660404,5144,2515,2629
2764632841,720415,1823,2810,-987
2764632841,780434,3347,3608,-261
2764632841,840460,4636,6600,-1964
2764632841,900471,5385,1554,3831
2764632841,960494,7229,2868,4361
2764632841,1020518,4922,3861,1061
2764632841,1080539,6644,2833,3811
2764632841,1140565,5913,3168,2745
2764632841,1200582,3799,2360,1439
2764632841,1260606,4924,2649,2275
2764632841,1320632,6046,3496,2550
2764632841,1380646,8213,1967,6246
2764632841,1440655,11622,3148,8474
2764632841,1500678,15203,3735,11468
2764632841,1560684,16844,2974,13870
2764632841,1620684,17125,2909,14216
2765175660,162,2500,2500,0
2765175660,60191,25,0,25
2765175660,120221,551,433,118
2765175660,180251,1943,1790,153
2765175660,240262,2906,3218,-312
2765175660,300297,2698,3101,-403
2765175660,360299,2872,3373,-501
2765175660,420308,2458,830,1628
2765175660,480311,1772,2302,-530
2765175660,540316,3249,3642,-393
2765175660,600346,3928,474,3454
2765175660,660378,5734,1259,4475
2765175660,720408,4877,2194,2683
2765175660,780414,1517,4281,-2764
2765175660,840417,2816,2887,-71
2765175660,900428,6701,1638,5063
2765175660,960440,4387,2416,1971
2765175660,1020442,5994,2587,3407
2765175660,1080443,6290,2326,3964
2765175660,1140447,7730,706,7024
2765175660,1200459,5378,1552,3826
2765175660,1260467,3032,2159,873
2765175660,1320470,5014,2260,2754
2765175660,1380496,7264,2735,4529
2765175660,1440518,8427,1932,6495
2765175660,1500520,2158,3430,-1272
2765175660,1560546,5819,3496,2323
2765175660,1620565,8710,2642,6068
2767977557,186,2500,2500,0
2767977557,60216,0,0,0
2767977557,120246,480,381,99
2767977557,180246,1763,2271,-508
2767977557,240246,2992,3177,-185
2767977557,300277,3592,2575,1017
2767977557,360308,2885,3059,-174
2767977557,420338,3305,4096,-791
2767977557,480349,3328,2767,561
2767977557,540358,4223,3330,893
2767977557,600377,2744,3446,-702
2767977557,660384,3977,3667,310
2767977557,720397,4351,3059,1292
2767977557,780425,2280,2665,-385
2767977557,840450,1972,4562,-2590
2767977557,900475,3265,4252,-987
2767977557,960482,5643,7348,-1705
2767977557,1020510,2041,1624,417
2767977557,1080527,3795,3288,507
2767977557,1140536,3301,3436,-135
2767977557,1200541,2480,5268,-2788
2767977557,1260557,5466,5355,111
2767977557,1320560,6528,5027,1501
2767977557,1380579,1647,5634,-3987
2767977557,1440584,4224,2891,1333
2767977557,1500601,6814,3978,2836
2767977557,1560618,2571,5405,-2834
2767977557,1620618,6163,3407,2756
2773422517,165,2500,2500,0
2773422517,60194,0,0,0
2773422517,120225,367,384,-17
2773422517,180255,2100,1536,564
2773422517,240260,4435,2099,2336
2773422517,300294,3606,2669,937
2773422517,360297,2322,1615,707
2773422517,420303,2295,1131,1164
2773422517,480332,3763,2729,1034
2773422517,540341,5115,2629,2486
2773422517,600345,5646,2003,3643
2773422517,660376,1098,3804,-2706
2773422517,720406,2573,1557,1016
2773422517,780420,2798,2219,579
2773422517,840425,3583,3518,65
2773422517,900447,6457,4613,1844
2773422517,960475,2392,2563,-171
2773422517,1020499,2530,2849,-319
2773422517,1080507,4691,3625,1066
2773422517,1140526,5443,3087,2356
2773422517,1200539,3372,4523,-1151
2773422517,1260547,5639,4001,1638
2773422517,1320578,5982,3140,2842
2773422517,1380608,7711,3928,3783
2773422517,1440635,7407,3169,4238
2773422517,1500666,2245,1671,574
2773422517,1560692,6837,3764,3073
2773422517,1620724,9628,2737,6891
2774056465,183,2500,2500,0
2774056465,60212,15,0,15
2774056465,120241,424,432,-8
2774056465,180273,2425,1659,766
2774056465,240276,4661,2836,1825
2774056465,300305,2083,2781,-698
2774056465,360319,3545,3971,-426
2774056465,420319,4775,5335,-560
2774056465,480320,5053,4693,360
2774056465,540336,6018,4663,1355
2774056465,600366,2485,1662,823
2774056465,660405,5441,1190,4251
2774056465,720422,3304,4157,-853
2774056465,780453,5441,2911,2530
2774056465,840465,3349,2510,839
2774056465,900477,4426,2566,1860
2774056465,960481,2806,4040,-1234
2774056465,1020488,3065,3926,-861
2774056465,1080488,5433,4880,553
2774056465,1140508,4304,1214,3090
2774056465,1200528,4762,2261,2501
2774056465,1260538,5494,3406,2088
2774056465,1320571,8313,2303,6010
2774056465,1380590,1615,2857,-1242
2774056465,1440594,4994,3321,1673
2774056465,1500609,2065,2884,-819
2774056465,1560610,4348,3500,848
2774056465,1620610,4740,3204,1536
2775186004,229,2500,2500,0
2775186004,60260,0,0,0
2775186004,120290,457,420,37
2775186004,180294,1798,1642,156
2775186004,240324,2056,3382,-1326
2775186004,300354,4057,1822,2235
2775186004,360385,5175,3107,2068
2775186004,420387,4122,2376,1746
2775186004,480415,4060,3113,947
2775186004,540418,2360,3417,-1057
2775186004,600418,2820,2483,337
2775186004,660435,1549,2881,-1332
2775186004,720438,3853,3106,747
2775186004,780442,5752,2311,3441
2775186004,840450,6944,3817,3127
2775186004,900468,5008,2889,2119
2775186004,960481,3443,3020,423
2775186004,1020511,3218,3780,-562
2775186004,1080527,2534,5559,-3025
2775186004,1140558,2463,3486,-1023
2775186004,1200583,3624,3135,489
2775186004,1260586,3479,4826,-1347
2775186004,1320609,4662,4247,415
2775186004,1380609,5364,3646,1718
2775186004,1440640,8524,3060,5464
2775186004,1500667,4771,3360,1411
2775186004,1560693,12610,1633,10977
2775186004,1620693,12104,1797,10307
2775572322,167,2500,2500,0
2775572322,60195,0,0,0
2775572322,120196,404,383,21
2775572322,180225,2447,1626,821
2775572322,240228,3422,3120,302
2775572322,300258,1506,2404,-898
2775572322,360263,2296,3845,-1549
2775572322,420291,3558,2664,894
2775572322,480292,2593,3098,-505
2775572322,540320,2535,2444,91
2775572322,600333,2613,3115,-502
2775572322,660352,1970,2869,-899
2775572322,720371,4869,2106,2763
2775572322,780392,5249,3421,1828
2775572322,840392,3260,1431,1829
2775572322,900399,4874,2679,2195
2775572322,960411,5878,3933,1945
2775572322,1020425,3929,1457,2472
2775572322,1080430,3343,3344,-1
2775572322,1140471,3861,2045,1816
2775572322,1200487,1728,4817,-3089
2775572322,1260508,2802,4651,-1849
2775572322,1320531,4080,3013,1067
2775572322,1380555,4735,2155,2580
2775572322,1440573,7616,3180,4436
2775572322,1500580,2404,2486,-82
2775572322,1560581,4226,1606,2620
2775572322,1620608,6400,2881,3519
2786524710,177,2500,2500,0
2786524710,60206,0,0,0
2786524710,120236,444,295,149
2786524710,180266,1701,1472,229
2786524710,240296,2461,2350,111
2786524710,300324,2498,3300,-802
2786524710,360326,3941,3385,556
2786524710,420355,1283,3521,-2238
2786524710,480359,2948,1223,1725
2786524710,540381,5069,3409,1660
2786524710,600395,3770,2501,1269
2786524710,660409,4856,1368,3488
2786524710,720428,4060,3419,641
2786524710,780455,1883,2515,-632
2786524710,840459,4398,3098,1300
2786524710,900470,4932,1547,3385
2786524710,960470,4555,2293,2262
2786524710,1020496,5653,3642,2011
2786524710,1080503,5054,2582,2472
2786524710,1140532,6346,1340,5006
2786524710,1200562,8179,3210,4969
2786524710,1260581,8746,5016,3730
2786524710,1320610,2208,2488,-280
2786524710,1380626,3054,3565,-511
2786524710,1440647,9205,3164,6041
2786524710,1500675,6460,3464,2996
2786524710,1560700,6197,4421,1776
2786524710,1620700,4487,711,3776
2789975239,41,7000,7000,0
2789975239,60071,225,190,35
2789975239,120100,2297,2757,-460
2789975239,180129,3697,4590,-893
2789975239,240158,3723,5233,-1510
2789975239,300188,5580,4298,1282
2789975239,360217,7682,6892,790
2789975239,420245,9013,9100,-87
2789975239,480274,5763,9592,-3829
2789975239,540304,5678,5036,642
2789975239,600333,4656,2579,2077
2789975239,660337,6984,4502,2482
2789975239,720366,10321,4871,5450
2789975239,780396,7814,2106,5708
2789975239,840423,4702,5281,-579
2789975239,900452,4799,7963,-3164
2789975239,960480,7948,8522,-574
2789975239,1020509,9333,3005,6328
2789975239,1080542,3814,6276,-2462
2789975239,1140553,2318,9221,-6903
2789975239,1200560,5188,8212,-3024
2789975239,1260560,6238,5949,289
2789975239,1320591,3970,8617,-4647
2789975239,1380614,4853,5967,-1114
2789975239,1440619,4089,6763,-2674
2789975239,1500627,2894,8890,-5996
2789975239,1560657,6385,7200,-815
2789975239,1620657,7095,5086,2009
2792106786,200,2500,2500,0
2792106786,60212,30,0,30
2792106786,120241,415,406,9
2792106786,180254,996,1686,-690
2792106786,240258,2695,2299,396
2792106786,300266,3141,1910,1231
2792106786,360266,1254,2726,-1472
2792106786,420289,2953,2119,834
2792106786,480317,1091,2900,-1809
2792106786,540333,3306,3401,-95
2792106786,600337,3961,3553,408
2792106786,660360,5078,1456,3622
2792106786,720375,1824,2060,-236
2792106786,780376,2826,2579,247
2792106786,840383,5998,1185,4813
2792106786,900388,2339,4952,-2613
2792106786,960421,3232,2239,993
2792106786,1020441,5583,1985,3598
2792106786,1080468,1689,4548,-2859
2792106786,1140489,2520,2650,-130
2792106786,1200492,4949,2126,2823
2792106786,1260513,2094,3627,-1533
2792106786,1320515,3419,1779,1640
2792106786,1380547,1922,2121,-199
2792106786,1440573,4813,2025,2788
2792106786,1500594,1681,3556,-1875
2792106786,1560618,5610,3380,2230
2792106786,1620618,5645,2749,2896
2792169436,155,2500,2500,0
2792169436,60165,25,0,25
2792169436,120174,506,395,111
2792169436,180207,1795,928,867
2792169436,240237,3669,1464,2205
2792169436,300241,4272,2833,1439
2792169436,360270,4278,3164,1114
2792169436,420274,5461,4161,1300
2792169436,480302,3135,3633,-498
2792169436,540308,1656,1271,385
2792169436,600324,3389,2315,1074
2792169436,660352,2900,2964,-64
2792169436,720359,4633,1199,3434
2792169436,780386,4083,2653,1430
2792169436,840396,3191,2952,239
2792169436,900406,1582,4216,-2634
2792169436,960430,4363,3087,1276
2792169436,1020458,4652,3631,1021
2792169436,1080474,2223,1408,815
2792169436,1140484,4514,3093,1421
2792169436,1200509,3986,4101,-115
2792169436,1260516,4489,4841,-352
2792169436,1320541,7200,2836,4364
2792169436,1380543,2964,2551,413
2792169436,1440543,4960,3566,1394
2792169436,1500544,5816,4850,966
2792169436,1560551,3491,3974,-483
2792169436,1620551,5907,2530,3377
2792171032,182,2500,2500,0
2792171032,60211,0,0,0
2792171032,120212,510,470,40
2792171032,180242,1670,1832,-162
2792171032,240275,2749,2467,282
2792171032,300280,2231,2302,-71
2792171032,360294,2031,3533,-1502
2792171032,420306,2706,1172,1534
2792171032,480323,2861,2315,546
2792171032,540348,2706,2040,666
2792171032,600354,4537,3499,1038
2792171032,660357,2488,5069,-2581
2792171032,720379,2442,1791,651
2792171032,780404,4726,2632,2094
2792171032,840422,4846,3670,1176
2792171032,900456,2812,2508,304
2792171032,960478,4389,4251,138
2792171032,1020500,4366,3461,905
2792171032,1080526,2048,3447,-1399
2792171032,1140538,3009,3501,-492
2792171032,1200547,2758,2900,-142
2792171032,1260567,3330,3573,-243
2792171032,1320585,7486,679,6807
2792171032,1380593,2999,2626,373
2792171032,1440602,6129,2439,3690
2792171032,1500627,2947,2437,510
2792171032,1560628,7969,3412,4557
2792171032,1620628,6564,3244,3320
2792600958,162,2500,2500,0
2792600958,60191,0,0,0
2792600958,120194,354,361,-7
2792600958,180223,1907,1566,341
2792600958,240254,3287,2579,708
2792600958,300262,3725,3425,300
2792600958,360264,3662,2375,1287
2792600958,420294,2738,2545,193
2792600958,480299,2418,1373,1045
2792600958,540304,2484,2428,56
2792600958,600315,4457,2704,1753
2792600958,660341,3282,1848,1434
2792600958,720345,4494,2485,2009
2792600958,780348,1022,1046,-24
2792600958,840371,4840,2296,2544
2792600958,900385,4219,2387,1832
2792600958,960405,5653,3418,2235
2792600958,1020428,7329,3283,4046
2792600958,1080438,9377,1526,7851
2792600958,1140444,8416,2703,5713
2792600958,1200468,8945,2058,6887
2792600958,1260500,11001,1637,9364
2792600958,1320507,3774,2006,1768
2792600958,1380535,2300,1439,861
2792600958,1440565,5860,1780,4080
2792600958,1500572,3924,2563,1361
2792600958,1560603,6532,3207,3325
2792600958,1620603,8730,4229,4501
2795476753,0,7000,7000,0
2795476753,60028,1450,250,1200
2795476753,120054,1770,2594,-824
2795476753,180084,2204,5168,-2964
2795476753,240113,3466,6958,-3492
2795476753,300120,4854,7403,-2549
2795476753,360149,7036,9815,-2779
2795476753,420178,6764,9413,-2649
2795476753,480210,10580,1832,8748
2795476753,540241,1446,4658,-3212
2795476753,600247,3029,5652,-2623
2795476753,660277,1772,7468,-5696
2795476753,720306,3203,9808,-6605
2795476753,780326,4481,5604,-1123
2795476753,840341,4739,4783,-44
2795476753,900362,3040,7815,-4775
2795476753,960369,2325,5177,-2852
2795476753,1020396,5773,4206,1567
2795476753,1080421,9148,2103,7045
2795476753,1140453,9192,5005,4187
2795476753,1200455,3290,6742,-3452
2795476753,1260485,4697,2602,2095
2795476753,1320516,5786,5041,745
2795476753,1380516,2996,4835,-1839
2795476753,1440543,6065,3973,2092
2795476753,1500563,7522,6469,1053
2795476753,1560586,9971,8921,1050
2795476753,1620586,9430,8039,1391
2796141266,0,2500,2500,0
2796141266,60027,0,0,0
2796141266,120029,378,380,-2
2796141266,180058,2732,1266,1466
2796141266,240072,2480,2318,162
2796141266,300103,3735,2650,1085
2796141266,360134,6434,1135,5299
2796141266,420164,672,2976,-2304
2796141266,480195,1818,2578,-760
2796141266,540208,3087,3153,-66
2796141266,600232,3110,3359,-249
2796141266,660237,3575,2711,864
2796141266,720258,7653,1255,6398
2796141266,780287,2309,2871,-562
2796141266,840309,3532,4155,-623
2796141266,900317,4123,4156,-33
2796141266,960333,2886,5691,-2805
2796141266,1020359,5054,3387,1667
2796141266,1080373,5041,2843,2198
2796141266,1140390,4002,4299,-297
2796141266,1200405,5242,3772,1470
2796141266,1260437,5421,2091,3330
2796141266,1320470,4586,2625,1961
2796141266,1380481,3300,3770,-470
2796141266,1440491,3104,1501,1603
2796141266,1500498,3949,3761,188
2796141266,1560516,3945,5102,-1157
2796141266,1620544,8167,1671,6496
2797066760,0,2500,2500,0
2797066760,60017,0,50,-50
2797066760,120018,552,416,136
2797066760,180047,1703,1503,200
2797066760,240053,2403,3495,-1092
2797066760,300081,2723,4063,-1340
2797066760,360084,2730,3360,-630
2797066760,420113,2469,2149,320
2797066760,480126,3321,3082,239
2797066760,540155,3580,4713,-1133
2797066760,600169,6269,4169,2100
2797066760,660200,3200,1627,1573
2797066760,720228,3060,2496,564
2797066760,780242,4175,3780,395
2797066760,840243,3095,3558,-463
2797066760,900250,2728,5026,-2298
2797066760,960273,4610,1613,2997
2797066760,1020300,3074,2259,815
2797066760,1080317,2988,4509,-1521
2797066760,1140322,3769,3981,-212
2797066760,1200347,6455,4609,1846
2797066760,1260379,4262,2023,2239
2797066760,1320399,4690,3217,1473
2797066760,1380406,6889,1471,5418
2797066760,1440424,3850,3680,170
2797066760,1500436,4424,2955,1469
2797066760,1560452,5463,1863,3600
2797066760,1620452,8272,-928,9200
2797404230,0,2500,2500,0
2797404230,60029,0,529,-529
2797404230,120062,652,796,-144
2797404230,180093,2105,2074,31
2797404230,240124,3986,1552,2434
2797404230,300145,3381,2775,606
2797404230,360147,5416,2989,2427
2797404230,420159,2985,3570,-585
2797404230,480187,2962,2558,404
2797404230,540203,5068,2598,2470
2797404230,600212,6535,4651,1884
2797404230,660240,2761,4770,-2009
2797404230,720245,3485,5245,-1760
2797404230,780259,6843,3174,3669
2797404230,840291,4439,2835,1604
2797404230,900312,2596,2961,-365
2797404230,960315,4409,1479,2930
2797404230,1020320,3363,2019,1344
2797404230,1080339,3252,3038,214
2797404230,1140352,5429,2144,3285
2797404230,1200362,9348,1014,8334
2797404230,1260375,3743,3567,176
2797404230,1320408,4170,2184,1986
2797404230,1380428,8348,3029,5319
2797404230,1440460,4678,3603,1075
2797404230,1500487,4432,4479,-47
2797404230,1560518,5890,2081,3809
2797404230,1620518,8645,2636,6009
2797439588,0,2500,2500,0
2797439588,60016,0,0,0
2797439588,120038,368,438,-70
2797439588,180039,2487,2217,270
2797439588,240066,2634,1440,1194
2797439588,300084,3539,1435,2104
2797439588,360096,4715,1510,3205
2797439588,420119,3123,2244,879
2797439588,480138,2690,1988,702
2797439588,540172,4061,2337,1724
2797439588,600172,4724,2020,2704
2797439588,660191,5494,1871,3623
2797439588,720196,4257,2122,2135
2797439588,780204,2019,3191,-1172
2797439588,840214,2394,2930,-536
2797439588,900244,5805,4234,1571
2797439588,960272,3254,3371,-117
2797439588,1020314,3779,2123,1656
2797439588,1080341,3137,2450,687
2797439588,1140344,3557,4612,-1055
2797439588,1200366,1335,4301,-2966
2797439588,1260393,1711,5230,-3519
2797439588,1320397,1588,6714,-5126
2797439588,1380408,3043,4538,-1495
2797439588,1440415,5136,3878,1258
2797439588,1500418,2112,4039,-1927
2797439588,1560433,4905,5030,-125
2797439588,1620433,3435,4211,-776
2798277081,0,7000,7000,0
2798277081,60007,0,100,-100
2798277081,120037,2197,2127,70
2798277081,180068,5326,2143,3183
2798277081,240096,4582,4357,225
2798277081,300127,3962,4264,-302
2798277081,360128,6089,6483,-394
2798277081,420134,5989,4340,1649
2798277081,480163,4749,4795,-46
2798277081,540193,1477,6278,-4801
2798277081,600225,3305,3143,162
2798277081,660234,1423,5688,-4265
2798277081,720256,4495,5992,-1497
2798277081,780257,3275,4099,-824
2798277081,840289,5464,3031,2433
2798277081,900302,6492,3257,3235
2798277081,960331,3082,5261,-2179
2798277081,1020356,5435,4738,697
2798277081,1080359,4276,5815,-1539
2798277081,1140372,3416,7503,-4087
2798277081,1200376,2881,4437,-1556
2798277081,1260405,3237,4346,-1109
2798277081,1320414,6336,3486,2850
2798277081,1380441,7678,6094,1584
2798277081,1440455,6947,4934,2013
2798277081,1500486,4754,8049,-3295
2798277081,1560502,5360,9275,-3915
2798277081,1620508,10354,6387,3967
2800114410,0,7000,7000,0
2800114410,60026,1500,1650,-150
2800114410,120055,1875,2686,-811
2800114410,180083,3187,3392,-205
2800114410,240112,5102,5528,-426
2800114410,300113,7402,2292,5110
2800114410,360123,8818,4218,4600
2800114410,420152,3212,5692,-2480
2800114410,480158,2204,1606,598
2800114410,540168,5748,1058,4690
2800114410,600197,6740,2471,4269
2800114410,660227,6718,6521,197
2800114410,720242,2803,2960,-157
2800114410,780243,4690,2696,1994
2800114410,840274,3751,3211,540
2800114410,900295,703,5947,-5244
2800114410,960310,4296,5921,-1625
2800114410,1020325,6798,4946,1852
2800114410,1080339,5448,1972,3476
2800114410,1140371,2293,2502,-209
2800114410,1200399,2998,3905,-907
2800114410,1260401,2262,6050,-3788
2800114410,1320403,5643,4292,1351
2800114410,1380431,7352,4491,2861
2800114410,1440442,6680,1951,4729
2800114410,1500466,3645,5443,-1798
2800114410,1560481,5809,4514,1295
2800114410,1620481,6348,4760,1588
2800120756,0,7000,7000,0
2800120756,60028,1700,50,1650
2800120756,120058,2353,1862,491
2800120756,180090,3985,3644,341
2800120756,240118,6026,5527,499
2800120756,300147,3524,5565,-2041
2800120756,360179,5784,4545,1239
2800120756,420209,5659,2812,2847
2800120756,480242,8672,3681,4991
2800120756,540271,5541,5754,-213
2800120756,600300,7938,5057,2881
2800120756,660304,5858,3536,2322
2800120756,720309,8906,4844,4062
2800120756,780320,9166,5110,4056
2800120756,840350,7717,2918,4799
2800120756,900352,5921,3554,2367
2800120756,960381,6945,6044,901
2800120756,1020387,8741,2315,6426
2800120756,1080391,6373,3619,2754
2800120756,1140396,5397,5001,396
2800120756,1200425,6188,3689,2499
2800120756,1260434,9453,4302,5151
2800120756,1320465,4271,4630,-359
2800120756,1380482,4333,8176,-3843
2800120756,1440510,4923,5568,-645
2800120756,1500539,1934,5773,-3839
2800120756,1560545,6047,4509,1538
2800120756,1620545,3033,3431,-398
2803440296,0,2500,2500,0
2803440296,60010,0,0,0
2803440296,120020,390,411,-21
2803440296,180024,2052,1492,560
2803440296,240036,4824,1507,3317
2803440296,300055,1402,2159,-757
2803440296,360057,3073,2781,292
2803440296,420073,3632,4132,-500
2803440296,480087,2732,839,1893
2803440296,540100,4852,1925,2927
2803440296,600113,7878,3284,4594
2803440296,660118,6554,4510,2044
2803440296,720133,7361,2608,4753
2803440296,780144,4295,2645,1650
2803440296,840170,3798,4516,-718
2803440296,900176,6007,4889,1118
2803440296,960186,3106,4172,-1066
2803440296,1020188,3865,3455,410
2803440296,1080213,6571,3467,3104
2803440296,1140228,6268,2365,3903
2803440296,1200228,4539,2568,1971
2803440296,1260229,3226,3150,76
2803440296,1320276,3606,5291,-1685
2803440296,1380287,3948,2667,1281
2803440296,1440309,4291,2872,1419
2803440296,1500338,1828,2707,-879
2803440296,1560370,4382,3301,1081
2803440296,1620370,6616,2062,4554
2806071121,0,2500,2500,0
2806071121,60027,0,0,0
2806071121,120031,525,352,173
2806071121,180075,1702,2455,-753
2806071121,240082,2367,2540,-173
2806071121,300085,4082,2711,1371
2806071121,360086,3718,3376,342
2806071121,420092,3344,2000,1344
2806071121,480100,1692,3234,-1542
2806071121,540115,3049,4122,-1073
2806071121,600129,2428,2059,369
2806071121,660161,2469,4289,-1820
2806071121,720167,1959,1799,160
2806071121,780186,3676,1941,1735
2806071121,840202,4263,2722,1541
2806071121,900207,5872,1813,4059
2806071121,960212,4074,4725,-651
2806071121,1020222,3889,2074,1815
2806071121,1080248,5285,1582,3703
2806071121,1140267,7996,1806,6190
2806071121,1200288,3688,1901,1787
2806071121,1260315,3599,3659,-60
2806071121,1320329,4579,5443,-864
2806071121,1380331,3523,5799,-2276
2806071121,1440334,4612,3431,1181
2806071121,1500352,7729,3966,3763
2806071121,1560370,8679,2188,6491
2806071121,1620370,8888,1258,7630
2807509103,0,2500,2500,0
2807509103,60006,0,0,0
2807509103,120018,540,339,201
2807509103,180031,2325,1843,482
2807509103,240063,2532,3037,-505
2807509103,300103,3719,2689,1030
2807509103,360132,2588,1693,895
2807509103,420136,3370,3098,272
2807509103,480168,2969,2621,348
2807509103,540177,6086,1471,4615
2807509103,600182,5710,3430,2280
2807509103,660199,5119,4378,741
2807509103,720225,3104,1908,1196
2807509103,780235,3598,2197,1401
2807509103,840267,4082,3363,719
2807509103,900306,2549,3065,-516
2807509103,960330,4402,3936,466
2807509103,1020338,3082,2227,855
2807509103,1080339,2650,4961,-2311
2807509103,1140350,5463,3977,1486
2807509103,1200365,7177,4036,3141
2807509103,1260388,2382,3060,-678
2807509103,1320417,3663,5048,-1385
2807509103,1380442,6564,3406,3158
2807509103,1440467,3777,1369,2408
2807509103,1500481,3879,2731,1148
2807509103,1560482,3827,4512,-685
2807509103,1620482,5211,4196,1015
2809416601,0,2500,2500,0
2809416601,60007,0,0,0
2809416601,120039,354,391,-37
2809416601,180069,1809,1670,139
2809416601,240100,2074,2897,-823
2809416601,300111,3914,3306,608
2809416601,360120,2628,3866,-1238
2809416601,420133,2926,2904,22
2809416601,480165,2666,1973,693
2809416601,540168,3455,3425,30
2809416601,600185,3659,3466,193
2809416601,660188,3263,2844,419
2809416601,720202,4197,4028,169
2809416601,780223,4351,2352,1999
2809416601,840224,3154,3080,74
2809416601,900263,3317,4178,-861
2809416601,960266,3457,4549,-1092
2809416601,1020268,2414,3923,-1509
2809416601,1080275,3533,3275,258
2809416601,1140281,1717,2623,-906
2809416601,1200303,2918,2044,874
2809416601,1260321,4555,3274,1281
2809416601,1320326,7553,1195,6358
2809416601,1380330,3208,2308,900
2809416601,1440358,4814,2244,2570
2809416601,1500362,5115,2460,2655
2809416601,1560363,3882,3459,423
2809416601,1620363,5674,1246,4428
2811162576,0,2500,2500,0
2811162576,60018,0,0,0
2811162576,120028,480,465,15
2811162576,180047,1855,1871,-16
2811162576,240070,1968,2984,-1016
2811162576,300099,2584,4250,-1666
2811162576,360117,2253,6141,-3888
2811162576,420132,3627,1694,1933
2811162576,480149,2528,2435,93
2811162576,540167,2460,2442,18
2811162576,600186,2759,2891,-132
2811162576,660218,2729,2084,645
2811162576,720240,3765,3661,104
2811162576,780266,2069,4603,-2534
2811162576,840285,2168,3663,-1495
2811162576,900292,3176,3882,-706
2811162576,960299,3467,6631,-3164
2811162576,1020305,2327,1246,1081
2811162576,1080320,4458,2091,2367
2811162576,1140337,2694,3222,-528
2811162576,1200338,2684,5099,-2415
2811162576,1260363,4691,3763,928
2811162576,1320387,4195,1401,2794
2811162576,1380416,5301,2669,2632
2811162576,1440431,6240,3690,2550
2811162576,1500462,7304,2644,4660
2811162576,1560471,9550,3289,6261
2811162576,1620499,10615,3246,7369
2811221008,0,2500,2500,0
2811221008,60025,30,0,30
2811221008,120053,541,412,129
2811221008,180077,2404,1975,429
2811221008,240085,2832,1579,1253
2811221008,300089,861,2306,-1445
2811221008,360113,2023,2132,-109
2811221008,420130,2701,4616,-1915
2811221008,480134,1643,2670,-1027
2811221008,540138,3506,2468,1038
2811221008,600163,2718,3365,-647
2811221008,660187,2018,4047,-2029
2811221008,720219,3078,4726,-1648
2811221008,780228,4309,2518,1791
2811221008,840240,2828,4432,-1604
2811221008,900268,2969,1813,1156
2811221008,960286,2524,2313,211
2811221008,1020300,4031,3843,188
2811221008,1080305,5346,5956,-610
2811221008,1140308,5953,2531,3422
2811221008,1200340,6500,3899,2601
2811221008,1260346,1955,2380,-425
2811221008,1320372,3351,3276,75
2811221008,1380385,1254,4974,-3720
2811221008,1440417,4171,2986,1185
2811221008,1500426,9542,2674,6868
2811221008,1560452,7294,2064,5230
2811221008,1620452,8064,2222,5842
2814073002,0,2500,2500,0
2814073002,60011,0,0,0
2814073002,120019,446,307,139
2814073002,180068,1721,1781,-60
2814073002,240072,2610,2829,-219
2814073002,300076,1510,1736,-226
2814073002,360107,2118,1779,339
2814073002,420108,2442,2352,90
2814073002,480112,3126,1174,1952
2814073002,540136,2378,1590,788
2814073002,600147,2934,3145,-211
2814073002,660180,4033,4368,-335
2814073002,720192,3254,4126,-872
2814073002,780198,5198,5485,-287
2814073002,840211,6869,1605,5264
2814073002,900214,3228,2818,410
2814073002,960219,3082,5061,-1979
2814073002,1020222,2541,2655,-114
2814073002,1080225,4354,7236,-2882
2814073002,1140226,6219,1974,4245
2814073002,1200226,4533,3486,1047
2814073002,1260272,7786,5440,2346
2814073002,1320292,7058,3547,3511
2814073002,1380320,4814,3537,1277
2814073002,1440348,9072,2112,6960
2814073002,1500361,6813,2572,4241
2814073002,1560367,6978,1779,5199
2814073002,1620367,9120,-5370,14490
2816748342,0,2500,2500,0
2816748342,60020,30,15,15
2816748342,120026,1407,450,957
2816748342,180038,1812,2470,-658
2816748342,240045,6593,1966,4627
2816748342,300049,4699,3686,1013
2816748342,360061,3129,3402,-273
2816748342,420067,4430,8208,-3778
2816748342,480093,2786,1964,822
2816748342,540116,5010,5017,-7
2816748342,600142,3158,4662,-1504
2816748342,660163,4623,2352,2271
2816748342,720191,5516,3438,2078
2816748342,780205,3567,2640,927
2816748342,840211,5466,5046,420
2816748342,900241,2598,7370,-4772
2816748342,960256,4818,7712,-2894
2816748342,1020266,5202,6232,-1030
2816748342,1080297,3621,7439,-3818
2816748342,1140314,5295,7640,-2345
2816748342,1200320,9372,4914,4458
2816748342,1260335,9542,7306,2236
2816748342,1320354,7531,8575,-1044
2816748342,1380359,5691,4646,1045
2816748342,1440367,9098,7800,1298
2816748342,1500389,11049,6994,4055
2816748342,1560408,9612,10801,-1189
2816748342,1620408,6454,10381,-3927
2818022047,0,2500,2500,0
2818022047,60016,0,500,-500
2818022047,120047,427,845,-418
2818022047,180082,1382,1999,-617
2818022047,240092,2642,2707,-65
2818022047,300094,4477,2109,2368
2818022047,360124,3611,3717,-106
2818022047,420132,4819,1779,3040
2818022047,480133,1785,2314,-529
2818022047,540134,2555,3391,-836
2818022047,600151,3733,4528,-795
2818022047,660164,3924,3790,134
2818022047,720182,5072,2395,2677
2818022047,780202,2638,1806,832
2818022047,840227,3561,2455,1106
2818022047,900235,5868,3890,1978
2818022047,960268,7175,3917,3258
2818022047,1020274,9085,973,8112
2818022047,1080290,2863,2442,421
2818022047,1140308,2992,1092,1900
2818022047,1200322,2939,2490,449
2818022047,1260329,3487,4655,-1168
2818022047,1320336,4859,5067,-208
2818022047,1380347,4137,2264,1873
2818022047,1440351,5999,7668,-1669
2818022047,1500369,4563,4038,525
2818022047,1560385,2772,3138,-366
2818022047,1620385,5811,-5287,11098
2818963771,0,2500,2500,0
2818963771,60008,45,65,-20
2818963771,120022,457,638,-181
2818963771,180024,1624,2329,-705
2818963771,240057,3989,3427,562
2818963771,300098,4623,3024,1599
2818963771,360120,5698,6247,-549
2818963771,420149,2345,2989,-644
2818963771,480180,3844,3703,141
2818963771,540200,2060,4869,-2809
2818963771,600205,3788,6488,-2700
2818963771,660231,3833,2128,1705
2818963771,720240,1147,3837,-2690
2818963771,780241,3455,4360,-905
2818963771,840241,2612,6557,-3945
2818963771,900247,5558,4858,700
2818963771,960259,4510,5123,-613
2818963771,1020263,3674,5832,-2158
2818963771,1080282,5960,3092,2868
2818963771,1140306,4271,6251,-1980
2818963771,1200330,5088,8761,-3673
2818963771,1260361,3403,7374,-3971
2818963771,1320381,4109,4965,-856
2818963771,1380393,5577,3691,1886
2818963771,1440424,6999,6175,824
2818963771,1500442,8376,6776,1600
2818963771,1560472,16400,6373,10027
2818963771,1620472,17490,-4057,21547
2821445394,0,2500,2500,0
2821445394,60018,0,0,0
2821445394,120030,373,520,-147
2821445394,180040,993,2019,-1026
2821445394,240068,2823,2669,154
2821445394,300100,3145,2321,824
2821445394,360109,870,3622,-2752
2821445394,420117,2056,3391,-1335
2821445394,480137,2200,3624,-1424
2821445394,540151,4031,3238,793
2821445394,600166,2541,2676,-135
2821445394,660188,3357,4354,-997
2821445394,720217,6422,1535,4887
2821445394,780226,1139,3303,-2164
2821445394,840244,3283,1273,2010
2821445394,900246,4191,4886,-695
2821445394,960267,2517,1217,1300
2821445394,1020306,2874,2221,653
2821445394,1080322,3043,4543,-1500
2821445394,1140332,6031,2187,3844
2821445394,1200334,2408,2835,-427
2821445394,1260357,2666,4255,-1589
2821445394,1320365,2712,2805,-93
2821445394,1380395,5017,3718,1299
2821445394,1440425,7005,3471,3534
2821445394,1500446,8804,6444,2360
2821445394,1560469,1403,2975,-1572
2821445394,1620469,3974,2352,1622
2824061828,0,2500,2500,0
2824061828,60025,500,0,500
2824061828,120029,537,434,103
2824061828,180036,1990,1654,336
2824061828,240038,2009,4183,-2174
2824061828,300050,1608,2959,-1351
2824061828,360067,2832,1799,1033
2824061828,420074,3355,1699,1656
2824061828,480078,3800,2512,1288
2824061828,540093,998,3967,-2969
2824061828,600114,1837,6186,-4349
2824061828,660117,1546,2568,-1022
2824061828,720130,1955,3431,-1476
2824061828,780144,955,2569,-1614
2824061828,840170,2275,4265,-1990
2824061828,900193,2143,4625,-2482
2824061828,960207,2005,1126,879
2824061828,1020216,1456,4307,-2851
2824061828,1080224,2602,1668,934
2824061828,1140257,2450,2261,189
2824061828,1200274,2525,2834,-309
2824061828,1260282,5190,2826,2364
2824061828,1320311,2550,4310,-1760
2824061828,1380311,5401,4697,704
2824061828,1440334,2788,3093,-305
2824061828,1500351,4191,3432,759
2824061828,1560376,7719,729,6990
2824061828,1620376,8325,-342,8667
2824103148,0,2500,2500,0
2824103148,60003,0,0,0
2824103148,120032,512,405,107
2824103148,180033,1250,2039,-789
2824103148,240051,3173,2058,1115
2824103148,300065,4439,1306,3133
2824103148,360097,2565,1808,757
2824103148,420114,3176,2978,198
2824103148,480134,2376,2910,-534
2824103148,540140,2629,1446,1183
2824103148,600168,4102,1883,2219
2824103148,660180,2565,3188,-623
2824103148,720184,3339,3333,6
2824103148,780216,6770,1341,5429
2824103148,840218,3756,2218,1538
2824103148,900232,2647,1240,1407
2824103148,960237,3269,2970,299
2824103148,1020254,4842,3124,1718
2824103148,1080276,2236,2431,-195
2824103148,1140295,4216,2751,1465
2824103148,1200310,6459,1633,4826
2824103148,1260326,1931,3625,-1694
2824103148,1320358,3227,2302,925
2824103148,1380366,2136,2160,-24
2824103148,1440388,2942,5116,-2174
2824103148,1500393,6237,5080,1157
2824103148,1560396,3730,4632,-902
2824103148,1620396,6380,-687,7067
2824153131,0,2500,2500,0
2824153131,60006,0,0,0
2824153131,120032,454,361,93
2824153131,180069,2198,1346,852
2824153131,240073,2608,1754,854
2824153131,300109,4157,2483,1674
2824153131,360127,2633,3699,-1066
2824153131,420128,1928,2916,-988
2824153131,480153,3323,2123,1200
2824153131,540179,3831,2095,1736
2824153131,600181,2200,3945,-1745
2824153131,660181,2474,3276,-802
2824153131,720197,2420,3431,-1011
2824153131,780223,2044,6362,-4318
2824153131,840255,2903,796,2107
2824153131,900255,2760,3496,-736
2824153131,960277,2596,3946,-1350
2824153131,1020284,3631,3679,-48
2824153131,1080285,6564,1960,4604
2824153131,1140297,3275,3181,94
2824153131,1200310,5852,3096,2756
2824153131,1260335,6233,1394,4839
2824153131,1320366,2937,3108,-171
2824153131,1380378,4878,3947,931
2824153131,1440399,9080,1010,8070
2824153131,1500413,7365,2423,4942
2824153131,1560430,4251,2912,1339
2824153131,1620430,7378,2138,5240
2825274472,0,2500,2500,0
2825274472,60027,0,0,0
2825274472,120059,347,354,-7
2825274472,180092,1739,1820,-81
2825274472,240106,2730,1794,936
2825274472,300108,3632,2043,1589
2825274472,360137,1867,3305,-1438
2825274472,420147,2500,2176,324
2825274472,480166,4144,3473,671
2825274472,540168,3816,1467,2349
2825274472,600173,2342,2463,-121
2825274472,660192,4130,3238,892
2825274472,720199,5369,1356,4013
2825274472,780224,3071,2698,373
2825274472,840234,2907,4704,-1797
2825274472,900253,2087,1443,644
2825274472,960268,4695,3688,1007
2825274472,1020274,8093,3239,4854
2825274472,1080281,4766,2642,2124
2825274472,1140304,4774,3088,1686
2825274472,1200336,3725,872,2853
2825274472,1260344,3631,2511,1120
2825274472,1320345,4688,1496,3192
2825274472,1380354,3368,3367,1
2825274472,1440384,4557,3238,1319
2825274472,1500413,1781,3693,-1912
2825274472,1560431,3886,4826,-940
2825274472,1620431,3868,1639,2229
2829212468,0,2500,2500,0
2829212468,60016,10,0,10
2829212468,120021,440,392,48
2829212468,180068,1629,2009,-380
2829212468,240071,4008,2309,1699
2829212468,300074,1781,2939,-1158
2829212468,360089,1516,3450,-1934
2829212468,420102,3859,923,2936
2829212468,480120,3021,1763,1258
2829212468,540151,2500,3527,-1027
2829212468,600159,3128,908,2220
2829212468,660184,3091,1513,1578
2829212468,720201,1670,3445,-1775
2829212468,780226,1927,4059,-2132
2829212468,840250,5878,1833,4045
2829212468,900256,1450,5159,-3709
2829212468,960278,3064,5289,-2225
2829212468,1020292,5056,1574,3482
2829212468,1080319,3602,3984,-382
2829212468,1140334,2723,2875,-152
2829212468,1200356,3906,5347,-1441
2829212468,1260369,4296,1915,2381
2829212468,1320372,8382,2241,6141
2829212468,1380400,8768,1254,7514
2829212468,1440431,3031,1696,1335
2829212468,1500442,3439,2873,566
2829212468,1560458,6669,5367,1302
2829212468,1620458,4175,5261,-1086
2832517576,0,2500,2500,0
2832517576,60006,0,0,0
2832517576,120008,468,398,70
2832517576,180028,1822,1848,-26
2832517576,240030,2345,3342,-997
2832517576,300037,1459,4483,-3024
2832517576,360053,2220,2955,-735
2832517576,420075,2241,2175,66
2832517576,480102,4114,2989,1125
2832517576,540110,2673,1742,931
2832517576,600118,2295,2662,-367
2832517576,660131,4436,2332,2104
2832517576,720158,2772,3753,-981
2832517576,780176,2163,2848,-685
2832517576,840179,2193,2313,-120
2832517576,900200,3604,3806,-202
2832517576,960228,6098,4892,1206
2832517576,1020257,2975,3999,-1024
2832517576,1080268,4728,2526,2202
2832517576,1140269,7233,1581,5652
2832517576,1200280,4277,3330,947
2832517576,1260298,4394,1200,3194
2832517576,1320306,2851,2877,-26
2832517576,1380324,4954,991,3963
2832517576,1440337,4308,1408,2900
2832517576,1500370,2921,1882,1039
2832517576,1560389,3117,2617,500
2832517576,1620389,4591,2643,1948
2834355869,0,2500,2500,0
2834355869,60025,0,0,0
2834355869,120042,432,367,65
2834355869,180051,1840,1704,136
2834355869,240070,3093,2971,122
2834355869,300098,4070,3932,138
2834355869,360101,3856,4218,-362
2834355869,420132,5025,5433,-408
2834355869,480155,2142,2071,71
2834355869,540157,1747,2734,-987
2834355869,600163,3709,2001,1708
2834355869,660180,3078,3916,-838
2834355869,720184,4690,4500,190
2834355869,780193,4315,3661,654
2834355869,840208,3173,1881,1292
2834355869,900240,2480,3618,-1138
2834355869,960248,6138,1736,4402
2834355869,1020282,6635,1636,4999
2834355869,1080302,1734,1673,61
2834355869,1140304,5388,2053,3335
2834355869,1200307,4768,2407,2361
2834355869,1260338,2887,6229,-3342
2834355869,1320354,4163,5648,-1485
2834355869,1380368,7875,2624,5251
2834355869,1440397,7308,2611,4697
2834355869,1500437,1808,2977,-1169
2834355869,1560448,4379,1938,2441
2834355869,1620448,6771,2181,4590
2840388149,0,2500,2500,0
2840388149,60020,0,0,0
2840388149,120050,1045,243,802
2840388149,180080,2008,1776,232
2840388149,240112,3017,2562,455
2840388149,300143,3844,2822,1022
2840388149,360152,4075,3815,260
2840388149,420168,2116,3828,-1712
2840388149,480170,3685,2680,1005
2840388149,540197,1988,4227,-2239
2840388149,600219,2909,4677,-1768
2840388149,660223,3573,3210,363
2840388149,720254,4613,4170,443
2840388149,780272,2422,4249,-1827
2840388149,840272,1723,5227,-3504
2840388149,900296,2571,5112,-2541
2840388149,960303,2835,6256,-3421
2840388149,1020314,5211,1628,3583
2840388149,1080336,4226,3043,1183
2840388149,1140354,4637,3308,1329
2840388149,1200372,2489,4061,-1572
2840388149,1260396,2524,4646,-2122
2840388149,1320397,4206,3793,413
2840388149,1380421,4657,1546,3111
2840388149,1440433,4266,4718,-452
2840388149,1500437,2816,3039,-223
2840388149,1560449,3843,3989,-146
2840388149,1620449,4915,2660,2255
2840558747,0,2500,2500,0
2840558747,60017,0,0,0
2840558747,120048,426,379,47
2840558747,180082,1945,1782,163
2840558747,240111,2953,2784,169
2840558747,300140,1667,2233,-566
2840558747,360169,2108,3442,-1334
2840558747,420201,3320,1840,1480
2840558747,480202,2857,3136,-279
2840558747,540203,2165,2198,-33
2840558747,600234,3767,3148,619
2840558747,660246,3248,2177,1071
2840558747,720278,4713,3166,1547
2840558747,780294,4275,4882,-607
2840558747,840303,4350,3970,380
2840558747,900335,5556,5203,353
2840558747,960341,2559,3201,-642
2840558747,1020361,4526,3530,996
2840558747,1080382,5859,2693,3166
2840558747,1140406,6835,4030,2805
2840558747,1200424,8606,4312,4294
2840558747,1260441,10228,2750,7478
2840558747,1320457,11227,2960,8267
2840558747,1380471,9845,4028,5817
2840558747,1440477,4054,1931,2123
2840558747,1500485,3290,2853,437
2840558747,1560510,2498,4856,-2358
2840558747,1620510,6631,3072,3559
2841918816,0,2500,2500,0
2841918816,60021,0,0,0
2841918816,120024,279,264,15
2841918816,180054,1664,1449,215
2841918816,240084,3916,1743,2173
2841918816,300117,3002,2578,424
2841918816,360148,1413,595,818
2841918816,420149,3047,1586,1461
2841918816,480181,3844,2899,945
2841918816,540194,1982,4332,-2350
2841918816,600204,6129,2379,3750
2841918816,660213,2648,1512,1136
2841918816,720232,1915,2458,-543
2841918816,780252,3811,2808,1003
2841918816,840270,1429,2935,-1506
2841918816,900283,2952,3250,-298
2841918816,960303,4452,3477,975
2841918816,1020329,5845,4212,1633
2841918816,1080348,8535,3878,4657
2841918816,1140373,1195,2322,-1127
2841918816,1200403,4449,3401,1048
2841918816,1260424,2049,2209,-160
2841918816,1320430,3672,3313,359
2841918816,1380433,6614,1153,5461
2841918816,1440451,5629,2576,3053
2841918816,1500458,2799,3379,-580
2841918816,1560461,9642,2645,6997
2841918816,1620461,7850,3433,4417
2842115818,0,2500,2500,0
2842115818,60007,500,0,500
2842115818,120041,368,371,-3
2842115818,180077,1534,1738,-204
2842115818,240097,2932,3441,-509
2842115818,300107,3087,1860,1227
2842115818,360126,4027,2450,1577
2842115818,420144,1990,1925,65
2842115818,480170,3924,2874,1050
2842115818,540185,3979,2018,1961
2842115818,600188,1981,1526,455
2842115818,660192,4035,2722,1313
2842115818,720204,3195,3020,175
2842115818,780215,4762,1333,3429
2842115818,840224,3672,2067,1605
2842115818,900254,3692,2305,1387
2842115818,960279,3823,4086,-263
2842115818,1020303,5445,4879,566
2842115818,1080321,4073,1685,2388
2842115818,1140326,2205,2889,-684
2842115818,1200356,3760,2365,1395
2842115818,1260376,7837,1873,5964
2842115818,1320397,6897,3079,3818
2842115818,1380426,1669,1257,412
2842115818,1440450,4463,2206,2257
2842115818,1500464,4943,3449,1494
2842115818,1560473,8942,1552,7390
2842115818,1620473,8895,2752,6143
2842481784,0,2500,2500,0
2842481784,60004,0,50,-50
2842481784,120007,397,420,-23
2842481784,180059,2219,1499,720
2842481784,240060,3883,1939,1944
2842481784,300063,2090,2307,-217
2842481784,360078,3211,1933,1278
2842481784,420081,2684,3253,-569
2842481784,480089,4469,3155,1314
2842481784,540098,3651,2997,654
2842481784,600123,2869,1842,1027
2842481784,660124,2816,1688,1128
2842481784,720146,3391,1344,2047
2842481784,780172,5648,2923,2725
2842481784,840201,2758,2247,511
2842481784,900210,4953,2574,2379
2842481784,960240,6811,2251,4560
2842481784,1020255,5335,3576,1759
2842481784,1080272,3154,1758,1396
2842481784,1140289,5636,2694,2942
2842481784,1200320,6394,3809,2585
2842481784,1260336,4547,4141,406
2842481784,1320359,8034,5474,2560
2842481784,1380392,4690,2945,1745
2842481784,1440418,3817,4481,-664
2842481784,1500426,5029,2607,2422
2842481784,1560450,5108,2367,2741
2842481784,1620457,7156,2994,4162
2843098336,0,2500,2500,0
2843098336,60029,0,0,0
2843098336,120030,448,423,25
2843098336,180059,1814,1620,194
2843098336,240067,2664,2861,-197
2843098336,300099,2687,1501,1186
2843098336,360111,1995,1243,752
2843098336,420143,1035,2150,-1115
2843098336,480160,3085,2062,1023
2843098336,540163,4042,1474,2568
2843098336,600167,3404,2563,841
2843098336,660174,2903,2453,450
2843098336,720186,4374,1618,2756
2843098336,780203,3251,2525,726
2843098336,840208,3881,6228,-2347
2843098336,900219,4463,6065,-1602
2843098336,960250,3644,2553,1091
2843098336,1020294,2033,3201,-1168
2843098336,1080305,4568,1880,2688
2843098336,1140335,1952,3869,-1917
2843098336,1200358,3316,3634,-318
2843098336,1260377,6203,4541,1662
2843098336,1320407,1259,2526,-1267
2843098336,1380416,2065,1533,532
2843098336,1440423,4587,2180,2407
2843098336,1500432,1225,2127,-902
2843098336,1560437,3141,2166,975
2843098336,1620437,6539,3184,3355
2845437183,0,2500,2500,0
2845437183,60022,0,0,0
2845437183,120053,448,441,7
2845437183,180089,2297,1472,825
2845437183,240119,2110,2817,-707
2845437183,300149,1914,1895,19
2845437183,360164,2510,1658,852
2845437183,420167,1925,1392,533
2845437183,480169,3418,2359,1059
2845437183,540181,1465,1078,387
2845437183,600202,3076,2364,712
2845437183,660231,3491,2445,1046
2845437183,720255,4356,2380,1976
2845437183,780282,2082,3194,-1112
2845437183,840295,3094,3782,-688
2845437183,900317,4973,3347,1626
2845437183,960322,2964,1868,1096
2845437183,1020351,5363,2526,2837
2845437183,1080351,4048,1951,2097
2845437183,1140358,4628,1701,2927
2845437183,1200366,5306,2613,2693
2845437183,1260394,3243,2098,1145
2845437183,1320415,5070,1449,3621
2845437183,1380428,5272,2672,2600
2845437183,1440429,8811,3346,5465
2845437183,1500440,3317,4510,-1193
2845437183,1560453,6638,3208,3430
2845437183,1620453,5749,3253,2496
2845987946,0,2500,2500,0
2845987946,60018,0,0,0
2845987946,120023,425,419,6
2845987946,180037,2121,1393,728
2845987946,240045,2891,2369,522
2845987946,300066,2517,4247,-1730
2845987946,360089,1559,3852,-2293
2845987946,420121,1937,2096,-159
2845987946,480122,2928,3870,-942
2845987946,540150,3295,1818,1477
2845987946,600181,2129,1743,386
2845987946,660184,2240,4457,-2217
2845987946,720192,4039,1848,2191
2845987946,780195,1893,1360,533
2845987946,840216,1245,5625,-4380
2845987946,900243,2303,480,1823
2845987946,960252,4733,1550,3183
2845987946,1020269,7625,2142,5483
2845987946,1080276,3128,2494,634
2845987946,1140302,3958,2763,1195
2845987946,1200305,1522,3873,-2351
2845987946,1260306,4639,2996,1643
2845987946,1320323,2078,2363,-285
2845987946,1380344,3368,2185,1183
2845987946,1440362,2624,4542,-1918
2845987946,1500389,7827,4007,3820
2845987946,1560401,13634,4459,9175
2845987946,1620401,12990,4776,8214
2846183468,0,2500,2500,0
2846183468,60024,1000,0,1000
2846183468,120056,422,470,-48
2846183468,180076,1655,1757,-102
2846183468,240094,2370,2657,-287
2846183468,300119,3267,3379,-112
2846183468,360143,3510,3514,-4
2846183468,420170,4554,1369,3185
2846183468,480187,3712,1606,2106
2846183468,540216,4044,1402,2642
2846183468,600246,2563,2930,-367
2846183468,660269,1825,1612,213
2846183468,720288,5012,1288,3724
2846183468,780318,3254,3374,-120
2846183468,840322,1037,4331,-3294
2846183468,900322,2684,5901,-3217
2846183468,960352,2709,3070,-361
2846183468,1020354,4468,3593,875
2846183468,1080355,2489,5252,-2763
2846183468,1140382,3438,2878,560
2846183468,1200399,2081,5539,-3458
2846183468,1260422,5155,580,4575
2846183468,1320429,1333,2087,-754
2846183468,1380443,4108,2763,1345
2846183468,1440464,2014,3420,-1406
2846183468,1500481,4693,3281,1412
2846183468,1560483,5350,2096,3254
2846183468,1620483,4165,1876,2289
2846256335,0,2500,2500,0
2846256335,60021,0,0,0
2846256335,120026,482,455,27
2846256335,180029,2377,2613,-236
2846256335,240052,3692,4352,-660
2846256335,300061,2388,3101,-713
2846256335,360086,2088,5495,-3407
2846256335,420125,3766,3602,164
2846256335,480128,5605,5433,172
2846256335,540139,5255,1696,3559
2846256335,600140,5888,4169,1719
2846256335,660149,4232,3959,273
2846256335,720153,4195,2364,1831
2846256335,780168,2199,2495,-296
2846256335,840174,4826,2324,2502
2846256335,900190,3849,4828,-979
2846256335,960197,5616,3528,2088
2846256335,1020229,6417,866,5551
2846256335,1080242,4126,2772,1354
2846256335,1140250,4785,2849,1936
2846256335,1200260,4164,3037,1127
2846256335,1260278,5657,4408,1249
2846256335,1320292,5288,3361,1927
2846256335,1380314,3172,3149,23
2846256335,1440314,4366,5982,-1616
2846256335,1500333,2136,3285,-1149
2846256335,1560335,4431,2741,1690
2846256335,1620335,7514,3257,4257
2846645807,0,2500,2500,0
2846645807,60008,0,0,0
2846645807,120026,363,284,79
2846645807,180032,1668,1262,406
2846645807,240061,4153,1125,3028
2846645807,300064,2578,1655,923
2846645807,360083,4324,1943,2381
2846645807,420112,5034,2224,2810
2846645807,480144,2283,2801,-518
2846645807,540156,2772,3938,-1166
2846645807,600163,3907,2309,1598
2846645807,660176,4527,2110,2417
2846645807,720194,3843,2415,1428
2846645807,780219,3160,3716,-556
2846645807,840250,3478,2760,718
2846645807,900275,2223,4054,-1831
2846645807,960281,3622,1160,2462
2846645807,1020284,2679,2257,422
2846645807,1080312,4795,2991,1804
2846645807,1140340,6349,2691,3658
2846645807,1200370,2545,4831,-2286
2846645807,1260379,2739,2663,76
2846645807,1320385,4284,3624,660
2846645807,1380396,2912,1398,1514
2846645807,1440417,4520,2086,2434
2846645807,1500424,4388,2005,2383
2846645807,1560454,3381,1563,1818
2846645807,1620454,8187,963,7224
2849920141,0,2500,2500,0
2849920141,60028,0,0,0
2849920141,120044,373,417,-44
2849920141,180075,1789,1680,109
2849920141,240106,1792,1297,495
2849920141,300141,1246,1996,-750
2849920141,360146,2522,3433,-911
2849920141,420175,1933,2496,-563
2849920141,480180,2555,2523,32
2849920141,540185,4386,2126,2260
2849920141,600202,5065,1664,3401
2849920141,660233,3570,2018,1552
2849920141,720242,5757,1436,4321
2849920141,780247,3888,3149,739
2849920141,840265,6204,1178,5026
2849920141,900289,9663,1914,7749
2849920141,960308,5032,2578,2454
2849920141,1020336,6819,2671,4148
2849920141,1080364,3221,3459,-238
2849920141,1140376,3518,804,2714
2849920141,1200408,4654,2767,1887
2849920141,1260421,3437,3186,251
2849920141,1320446,7728,1945,5783
2849920141,1380472,5319,3005,2314
2849920141,1440504,6343,4514,1829
2849920141,1500519,4089,2948,1141
2849920141,1560532,7415,4339,3076
2849920141,1620532,6345,2724,3621
2850556882,0,2500,2500,0
2850556882,60016,20,30,-10
2850556882,120047,430,419,11
2850556882,180080,1852,1839,13
2850556882,240108,3660,2564,1096
2850556882,300108,3756,3133,623
2850556882,360109,2222,3763,-1541
2850556882,420145,1466,3985,-2519
2850556882,480176,4009,2104,1905
2850556882,540207,3547,3354,193
2850556882,600238,2841,2474,367
2850556882,660259,4886,1913,2973
2850556882,720267,3245,3211,34
2850556882,780278,4787,877,3910
2850556882,840279,1765,2317,-552
2850556882,900312,3045,3707,-662
2850556882,960329,5127,1298,3829
2850556882,1020333,2226,2683,-457
2850556882,1080362,2932,2507,425
2850556882,1140363,4533,1448,3085
2850556882,1200381,4157,2354,1803
2850556882,1260395,4445,4322,123
2850556882,1320397,1269,3803,-2534
2850556882,1380421,3122,2583,539
2850556882,1440433,5856,3152,2704
2850556882,1500437,6901,3535,3366
2850556882,1560455,6115,4535,1580
2850556882,1620455,7179,2985,4194
2851648545,0,2500,2500,0
2851648545,60017,0,0,0
2851648545,120048,340,368,-28
2851648545,180072,2289,1584,705
2851648545,240103,2401,2398,3
2851648545,300115,2830,3054,-224
2851648545,360147,1656,2865,-1209
2851648545,420170,1711,989,722
2851648545,480179,3155,2917,238
2851648545,540206,2787,3257,-470
2851648545,600213,2154,2191,-37
2851648545,660243,2918,2641,277
2851648545,720247,4274,3799,475
2851648545,780254,5582,1482,4100
2851648545,840272,2428,2399,29
2851648545,900298,4507,3679,828
2851648545,960321,4945,3251,1694
2851648545,1020347,4143,2091,2052
2851648545,1080361,3706,1511,2195
2851648545,1140363,2333,3956,-1623
2851648545,1200374,2322,3667,-1345
2851648545,1260383,3488,4344,-856
2851648545,1320408,2295,1967,328
2851648545,1380415,5766,3958,1808
2851648545,1440434,3615,1711,1904
2851648545,1500460,3586,2554,1032
2851648545,1560466,3254,2170,1084
2851648545,1620466,3739,1975,1764
2852185353,0,2500,2500,0
2852185353,60028,0,0,0
2852185353,120057,386,420,-34
2852185353,180089,1765,1744,21
2852185353,240103,3474,3025,449
2852185353,300117,1938,3155,-1217
2852185353,360140,832,5570,-4738
2852185353,420159,2970,2522,448
2852185353,480187,3261,4289,-1028
2852185353,540216,2743,4177,-1434
2852185353,600247,2896,1412,1484
2852185353,660257,2974,2666,308
2852185353,720258,4686,3045,1641
2852185353,780284,4609,1801,2808
2852185353,840315,2477,3453,-976
2852185353,900320,6657,3237,3420
2852185353,960321,5120,3118,2002
2852185353,1020351,3699,3635,64
2852185353,1080361,4022,2852,1170
2852185353,1140378,4266,5406,-1140
2852185353,1200382,5268,3062,2206
2852185353,1260395,5167,3229,1938
2852185353,1320415,4926,4063,863
2852185353,1380429,2993,4241,-1248
2852185353,1440456,5486,2785,2701
2852185353,1500466,6589,2831,3758
2852185353,1560479,3127,3427,-300
2852185353,1620479,6073,1319,4754
2852256818,0,2500,2500,0
2852256818,60016,0,0,0
2852256818,120028,420,390,30
2852256818,180071,1798,1805,-7
2852256818,240103,2821,2125,696
2852256818,300132,2105,1016,1089
2852256818,360135,3197,2688,509
2852256818,420149,2375,3761,-1386
2852256818,480151,4888,2049,2839
2852256818,540168,1360,3951,-2591
2852256818,600178,2039,3773,-1734
2852256818,660200,4061,2691,1370
2852256818,720223,3059,3379,-320
2852256818,780238,3331,4287,-956
2852256818,840264,1622,2733,-1111
2852256818,900292,2937,5541,-2604
2852256818,960324,5096,5996,-900
2852256818,1020355,5472,5264,208
2852256818,1080376,2586,4814,-2228
2852256818,1140380,5381,2225,3156
2852256818,1200400,7399,3020,4379
2852256818,1260430,1294,5695,-4401
2852256818,1320453,4477,4626,-149
2852256818,1380474,2106,2398,-292
2852256818,1440495,6477,2673,3804
2852256818,1500518,2059,3091,-1032
2852256818,1560544,6303,3840,2463
2852256818,1620544,6727,3668,3059
2852969882,0,2500,2500,0
2852969882,60007,0,0,0
2852969882,120008,369,398,-29
2852969882,180037,2586,1543,1043
2852969882,240069,1694,1589,105
2852969882,300100,3249,2910,339
2852969882,360133,4740,2541,2199
2852969882,420162,5532,2142,3390
2852969882,480192,1648,1177,471
2852969882,540212,3567,2059,1508
2852969882,600220,5765,3146,2619
2852969882,660235,1435,5563,-4128
2852969882,720240,3912,2681,1231
2852969882,780264,2022,5107,-3085
2852969882,840293,2416,5382,-2966
2852969882,900323,1446,1914,-468
2852969882,960354,2852,3115,-263
2852969882,1020372,5837,1385,4452
2852969882,1080391,3654,2021,1633
2852969882,1140394,6461,3790,2671
2852969882,1200426,5884,4847,1037
2852969882,1260450,6608,3663,2945
2852969882,1320479,4778,4028,750
2852969882,1380489,6290,2085,4205
2852969882,1440492,9545,3373,6172
2852969882,1500501,10503,1509,8994
2852969882,1560503,2786,3245,-459
2852969882,1620503,5149,2598,2551
2853539446,0,2500,2500,0
2853539446,60009,0,0,0
2853539446,120013,421,381,40
2853539446,180055,1713,1541,172
2853539446,240065,2905,3497,-592
2853539446,300078,2260,2259,1
2853539446,360101,2426,1848,578
2853539446,420128,2773,2538,235
2853539446,480133,3282,1894,1388
2853539446,540147,3955,3553,402
2853539446,600152,2474,3031,-557
2853539446,660163,2862,3031,-169
2853539446,720183,2194,4930,-2736
2853539446,780193,5011,2677,2334
2853539446,840205,4800,1540,3260
2853539446,900212,2854,3440,-586
2853539446,960213,1379,3346,-1967
2853539446,1020254,3283,2565,718
2853539446,1080256,4844,2840,2004
2853539446,1140289,2491,1191,1300
2853539446,1200298,4068,3350,718
2853539446,1260312,1722,1943,-221
2853539446,1320319,5319,2184,3135
2853539446,1380324,7742,1800,5942
2853539446,1440325,2027,3290,-1263
2853539446,1500355,3919,2822,1097
2853539446,1560381,1996,1583,413
2853539446,1620389,6420,2387,4033
2853648190,0,2500,2500,0
2853648190,60002,0,100,-100
2853648190,120002,413,418,-5
2853648190,180032,2291,1438,853
2853648190,240046,612,1878,-1266
2853648190,300061,2546,2525,21
2853648190,360063,500,1408,-908
2853648190,420079,1757,2305,-548
2853648190,480093,2082,3191,-1109
2853648190,540123,3941,2749,1192
2853648190,600154,3500,1878,1622
2853648190,660159,1862,3462,-1600
2853648190,720174,4047,1985,2062
2853648190,780191,2449,3535,-1086
2853648190,840221,3797,3370,427
2853648190,900262,3941,4137,-196
2853648190,960265,4302,1841,2461
2853648190,1020270,2199,4177,-1978
2853648190,1080277,2763,4712,-1949
2853648190,1140302,2981,2713,268
2853648190,1200303,5191,2762,2429
2853648190,1260324,5610,1906,3704
2853648190,1320328,3057,3982,-925
2853648190,1380339,5960,2790,3170
2853648190,1440344,2241,4715,-2474
2853648190,1500371,6543,3634,2909
2853648190,1560374,6627,2054,4573
2853648190,1620374,8347,1178,7169
2853926406,0,2500,2500,0
2853926406,60000,0,0,0
2853926406,120002,321,476,-155
2853926406,180031,1284,2869,-1585
2853926406,240046,2857,3789,-932
2853926406,300080,2008,2707,-699
2853926406,360087,3627,2144,1483
2853926406,420092,1298,3221,-1923
2853926406,480122,2455,3350,-895
2853926406,540136,2429,5034,-2605
2853926406,600155,1839,5698,-3859
2853926406,660178,2190,3770,-1580
2853926406,720184,2619,5127,-2508
2853926406,780186,5780,5180,600
2853926406,840212,1969,2759,-790
2853926406,900214,3251,4806,-1555
2853926406,960221,2334,6227,-3893
2853926406,1020244,3161,7271,-4110
2853926406,1080264,2669,3691,-1022
2853926406,1140280,4295,4794,-499
2853926406,1200304,3113,6982,-3869
2853926406,1260336,6927,5595,1332
2853926406,1320340,4891,5892,-1001
2853926406,1380343,2563,5474,-2911
2853926406,1440371,4943,3632,1311
2853926406,1500385,4639,1688,2951
2853926406,1560396,5855,2955,2900
2853926406,1620426,7406,2860,4546
2854089169,0,2500,2500,0
2854089169,60011,0,0,0
2854089169,120041,386,404,-18
2854089169,180070,2295,1657,638
2854089169,240098,2691,2496,195
2854089169,300107,5003,1989,3014
2854089169,360140,3814,1875,1939
2854089169,420145,2059,1896,163
2854089169,480167,4105,3173,932
2854089169,540196,3956,1550,2406
2854089169,600217,2742,2227,515
2854089169,660246,5085,4050,1035
2854089169,720264,4018,3699,319
2854089169,780292,4426,3609,817
2854089169,840314,5478,4571,907
2854089169,900322,2351,4289,-1938
2854089169,960322,956,4689,-3733
2854089169,1020338,2575,3570,-995
2854089169,1080371,7354,2318,5036
2854089169,1140382,5048,2046,3002
2854089169,1200394,4372,3888,484
2854089169,1260395,4799,3535,1264
2854089169,1320409,2161,3001,-840
2854089169,1380437,3288,4190,-902
2854089169,1440470,1792,3924,-2132
2854089169,1500470,4546,2935,1611
2854089169,1560481,10797,3381,7416
2854089169,1620481,10865,2844,8021
2854805861,0,2500,2500,0
2854805861,60009,0,0,0
2854805861,120012,471,422,49
2854805861,180042,1972,1992,-20
2854805861,240072,1944,4372,-2428
2854805861,300105,3093,1954,1139
2854805861,360135,3911,1603,2308
2854805861,420165,5136,2052,3084
2854805861,480174,2522,1997,525
2854805861,540177,1612,3721,-2109
2854805861,600207,2677,2581,96
2854805861,660212,4479,4597,-118
2854805861,720226,2822,4528,-1706
2854805861,780240,3197,2809,388
2854805861,840261,4300,3935,365
2854805861,900276,2890,3837,-947
2854805861,960309,2712,1400,1312
2854805861,1020314,4188,2905,1283
2854805861,1080335,3622,3293,329
2854805861,1140359,3174,3785,-611
2854805861,1200377,2536,2016,520
2854805861,1260382,3702,3983,-281
2854805861,1320399,3954,2557,1397
2854805861,1380428,2579,2243,336
2854805861,1440429,4768,4457,311
2854805861,1500453,7410,2801,4609
2854805861,1560454,2440,3115,-675
2854805861,1620454,6457,4000,2457
2855292738,0,2500,2500,0
2855292738,60004,0,0,0
2855292738,120006,356,426,-70
2855292738,180037,1538,1725,-187
2855292738,240051,3827,1755,2072
2855292738,300052,3455,2658,797
2855292738,360058,5220,2692,2528
2855292738,420069,5407,1669,3738
2855292738,480070,2194,2373,-179
2855292738,540088,3425,3011,414
2855292738,600100,1573,3999,-2426
2855292738,660112,2523,5318,-2795
2855292738,720139,4177,3722,455
2855292738,780153,3629,3573,56
2855292738,840179,5365,2534,2831
2855292738,900210,6123,3265,2858
2855292738,960226,4089,5060,-971
2855292738,1020234,2319,4467,-2148
2855292738,1080242,3928,4064,-136
2855292738,1140285,5366,6389,-1023
2855292738,1200294,4526,3512,1014
2855292738,1260327,3940,3549,391
2855292738,1320353,2896,3810,-914
2855292738,1380364,3491,3176,315
2855292738,1440364,5261,2157,3104
2855292738,1500367,10354,2027,8327
2855292738,1560384,4770,2987,1783
2855292738,1620412,5948,4564,1384
2856227923,0,2500,2500,0
2856227923,60006,0,0,0
2856227923,120006,431,423,8
2856227923,180034,1567,1554,13
2856227923,240064,2403,3037,-634
2856227923,300067,1728,2997,-1269
2856227923,360079,2175,3078,-903
2856227923,420091,3434,2079,1355
2856227923,480119,5092,3563,1529
2856227923,540152,2375,967,1408
2856227923,600166,3913,2156,1757
2856227923,660205,3850,2260,1590
2856227923,720227,3427,3495,-68
2856227923,780233,1277,5015,-3738
2856227923,840261,2008,4312,-2304
2856227923,900263,3591,2367,1224
2856227923,960281,7376,3004,4372
2856227923,1020303,1034,5222,-4188
2856227923,1080308,4290,3259,1031
2856227923,1140325,6877,3747,3130
2856227923,1200350,3158,3667,-509
2856227923,1260351,6269,3832,2437
2856227923,1320352,5205,2377,2828
2856227923,1380382,2535,2241,294
2856227923,1440405,5537,3115,2422
2856227923,1500425,6727,1781,4946
2856227923,1560444,2450,2544,-94
2856227923,1620444,4187,2803,1384
2856870615,0,2500,2500,0
2856870615,60014,0,0,0
2856870615,120046,406,368,38
2856870615,180075,1903,1649,254
2856870615,240103,3313,2947,366
2856870615,300132,3568,4116,-548
2856870615,360161,1295,1053,242
2856870615,420162,2346,2646,-300
2856870615,480182,4108,4320,-212
2856870615,540190,5192,3071,2121
2856870615,600194,4078,1075,3003
2856870615,660217,2057,2553,-496
2856870615,720229,3527,3185,342
2856870615,780244,6524,2935,3589
2856870615,840267,9109,3867,5242
2856870615,900289,8645,3730,4915
2856870615,960316,9030,4945,4085
2856870615,1020324,5963,2044,3919
2856870615,1080329,4518,3758,760
2856870615,1140346,4638,3787,851
2856870615,1200370,3968,5746,-1778
2856870615,1260381,3550,2980,570
2856870615,1320387,5455,4848,607
2856870615,1380398,6698,5114,1584
2856870615,1440424,4317,6852,-2535
2856870615,1500449,2272,2633,-361
2856870615,1560453,4722,3552,1170
2856870615,1620453,4564,3549,1015
2857789881,0,2500,2500,0
2857789881,60013,0,0,0
2857789881,120016,341,342,-1
2857789881,180026,2235,1388,847
2857789881,240042,2544,3124,-580
2857789881,300076,3765,3655,110
2857789881,360093,5240,3823,1417
2857789881,420106,2820,3406,-586
2857789881,480114,2248,2402,-154
2857789881,540128,3671,2057,1614
2857789881,600149,4865,3026,1839
2857789881,660154,4480,2156,2324
2857789881,720176,4038,2932,1106
2857789881,780191,5344,1878,3466
2857789881,840221,7195,3782,3413
2857789881,900251,5133,3938,1195
2857789881,960271,4489,4951,-462
2857789881,1020272,3476,4717,-1241
2857789881,1080277,3110,5242,-2132
2857789881,1140308,4698,1896,2802
2857789881,1200341,4577,2533,2044
2857789881,1260362,2948,3515,-567
2857789881,1320366,2140,3580,-1440
2857789881,1380392,3898,3309,589
2857789881,1440396,6931,4441,2490
2857789881,1500405,3661,4599,-938
2857789881,1560425,5248,4059,1189
2857789881,1620425,6946,4302,2644
2857833933,0,2500,2500,0
2857833933,60006,0,500,-500
2857833933,120016,420,407,13
2857833933,180018,1367,1393,-26
2857833933,240041,2342,2398,-56
2857833933,300044,2770,3697,-927
2857833933,360048,4899,2269,2630
2857833933,420048,2111,1509,602
2857833933,480057,1692,2527,-835
2857833933,540072,3926,2811,1115
2857833933,600094,2953,3330,-377
2857833933,660110,1982,2036,-54
2857833933,720133,1619,3430,-1811
2857833933,780150,2296,2501,-205
2857833933,840154,3506,2722,784
2857833933,900171,1334,3432,-2098
2857833933,960188,2723,4730,-2007
2857833933,1020196,6190,4177,2013
2857833933,1080205,1242,3330,-2088
2857833933,1140224,4148,2058,2090
2857833933,1200226,5118,1764,3354
2857833933,1260228,2968,2222,746
2857833933,1320248,3725,3044,681
2857833933,1380274,3309,3307,2
2857833933,1440287,4433,3941,492
2857833933,1500340,7079,2228,4851
2857833933,1560355,8263,2540,5723
2857833933,1620355,9456,2155,7301
2857860209,0,2500,2500,0
2857860209,60010,0,0,0
2857860209,120037,347,487,-140
2857860209,180052,2008,2243,-235
2857860209,240056,2160,3678,-1518
2857860209,300078,3646,1060,2586
2857860209,360103,1878,1821,57
2857860209,420106,2951,3164,-213
2857860209,480120,5555,2528,3027
2857860209,540128,6470,3724,2746
2857860209,600135,3091,2845,246
2857860209,660175,2797,3632,-835
2857860209,720195,5748,1399,4349
2857860209,780196,4435,2196,2239
2857860209,840226,2777,3548,-771
2857860209,900229,1915,2526,-611
2857860209,960255,1417,4856,-3439
2857860209,1020273,4512,2474,2038
2857860209,1080287,4466,3702,764
2857860209,1140304,4900,2004,2896
2857860209,1200320,2442,3493,-1051
2857860209,1260326,4787,3379,1408
2857860209,1320354,2757,2741,16
2857860209,1380363,5288,2283,3005
2857860209,1440371,4670,2079,2591
2857860209,1500377,8035,1923,6112
2857860209,1560380,9248,1321,7927
2857860209,1620387,9839,2695,7144
2857990746,0,2500,2500,0
2857990746,60016,0,0,0
2857990746,120020,409,321,88
2857990746,180059,1326,1608,-282
2857990746,240091,2119,2591,-472
2857990746,300105,3136,2877,259
2857990746,360111,4037,4630,-593
2857990746,420114,4037,4313,-276
2857990746,480115,5999,1418,4581
2857990746,540147,4192,2121,2071
2857990746,600161,3602,2811,791
2857990746,660165,2985,2072,913
2857990746,720167,4541,3425,1116
2857990746,780169,4073,1919,2154
2857990746,840201,2450,1933,517
2857990746,900218,2913,1895,1018
2857990746,960240,4407,3838,569
2857990746,1020271,4481,2786,1695
2857990746,1080299,6212,4525,1687
2857990746,1140324,8324,4261,4063
2857990746,1200324,5384,5045,339
2857990746,1260327,3323,3240,83
2857990746,1320355,4900,1774,3126
2857990746,1380373,2354,1766,588
2857990746,1440400,6304,3854,2450
2857990746,1500412,2022,3319,-1297
2857990746,1560443,4710,1959,2751
2857990746,1620443,6112,1377,4735
2858280160,0,2500,2500,0
2858280160,60032,500,500,0
2858280160,120035,254,284,-30
2858280160,180043,2100,1229,871
2858280160,240074,2631,2539,92
2858280160,300106,3963,3919,44
2858280160,360118,3520,4893,-1373
2858280160,420154,1122,681,441
2858280160,480158,2646,2146,500
2858280160,540186,3166,2499,667
2858280160,600195,2027,2640,-613
2858280160,660201,2421,3150,-729
2858280160,720229,2171,1485,686
2858280160,780261,3753,2474,1279
2858280160,840266,4528,1846,2682
2858280160,900289,5468,3339,2129
2858280160,960314,2176,4772,-2596
2858280160,1020321,5300,2893,2407
2858280160,1080341,6068,1783,4285
2858280160,1140353,2414,4573,-2159
2858280160,1200381,2856,5122,-2266
2858280160,1260392,4255,3644,611
2858280160,1320400,4625,2728,1897
2858280160,1380404,6166,2921,3245
2858280160,1440421,9485,2849,6636
2858280160,1500446,4287,4286,1
2858280160,1560447,4928,2141,2787
2858280160,1620447,6073,3455,2618
2858509492,0,2500,2500,0
2858509492,60015,0,0,0
2858509492,120019,439,380,59
2858509492,180021,1708,1895,-187
2858509492,240045,1808,2409,-601
2858509492,300077,2938,3785,-847
2858509492,360090,1030,2990,-1960
2858509492,420092,1887,2956,-1069
2858509492,480105,3015,3108,-93
2858509492,540112,5421,3284,2137
2858509492,600129,1198,2106,-908
2858509492,660163,2782,3562,-780
2858509492,720184,3674,1981,1693
2858509492,780206,2498,4822,-2324
2858509492,840224,3225,3603,-378
2858509492,900256,3534,2067,1467
2858509492,960281,3671,2108,1563
2858509492,1020283,3637,5164,-1527
2858509492,1080291,2237,5721,-3484
2858509492,1140310,2077,2761,-684
2858509492,1200334,3552,3558,-6
2858509492,1260365,1959,3636,-1677
2858509492,1320381,2686,4446,-1760
2858509492,1380399,2149,2608,-459
2858509492,1440413,3416,2634,782
2858509492,1500438,6230,3644,2586
2858509492,1560459,2614,4032,-1418
2858509492,1620459,2570,4588,-2018
2858920009,0,2500,2500,0
2858920009,60027,0,0,0
2858920009,120036,453,428,25
2858920009,180040,2393,1564,829
2858920009,240055,3482,2365,1117
2858920009,300060,706,3590,-2884
2858920009,360080,2239,1053,1186
2858920009,420086,3448,2642,806
2858920009,480089,4764,1948,2816
2858920009,540130,3544,2786,758
2858920009,600142,1692,2316,-624
2858920009,660160,2124,3019,-895
2858920009,720165,3421,1380,2041
2858920009,780170,4100,2190,1910
2858920009,840185,2967,2939,28
2858920009,900197,3522,2339,1183
2858920009,960214,5450,965,4485
2858920009,1020235,1497,1966,-469
2858920009,1080268,3167,3476,-309
2858920009,1140298,5019,4585,434
2858920009,1200330,3388,2883,505
2858920009,1260359,3608,3939,-331
2858920009,1320387,2750,4777,-2027
2858920009,1380419,5800,1478,4322
2858920009,1440421,8583,2544,6039
2858920009,1500441,2670,5116,-2446
2858920009,1560472,4865,2104,2761
2858920009,1620472,9885,1560,8325
2859084098,0,2500,2500,0
2859084098,60015,0,0,0
2859084098,120045,378,359,19
2859084098,180065,1693,1505,188
2859084098,240074,3696,3372,324
2859084098,300104,3703,1593,2110
2859084098,360107,1537,1665,-128
2859084098,420116,2263,2591,-328
2859084098,480136,2487,1704,783
2859084098,540168,3897,2094,1803
2859084098,600187,5303,3705,1598
2859084098,660203,2025,2814,-789
2859084098,720212,4845,2283,2562
2859084098,780224,5612,2057,3555
2859084098,840257,2108,1726,382
2859084098,900260,2625,4251,-1626
2859084098,960275,4296,2313,1983
2859084098,1020282,2340,3996,-1656
2859084098,1080298,3375,3418,-43
2859084098,1140330,5580,4745,835
2859084098,1200334,2284,1607,677
2859084098,1260352,6368,2409,3959
2859084098,1320382,6508,3741,2767
2859084098,1380397,8331,3916,4415
2859084098,1440401,5964,6544,-580
2859084098,1500442,2802,4773,-1971
2859084098,1560445,4892,3121,1771
2859084098,1620445,8959,2507,6452
2859627900,0,2500,2500,0
2859627900,60032,0,30,-30
2859627900,120049,436,424,12
2859627900,180074,1654,1745,-91
2859627900,240090,4009,2496,1513
2859627900,300098,1560,1742,-182
2859627900,360108,1759,2937,-1178
2859627900,420128,3089,1537,1552
2859627900,480150,1557,1602,-45
2859627900,540161,2851,3641,-790
2859627900,600170,3566,3635,-69
2859627900,660173,2160,2572,-412
2859627900,720173,3742,3135,607
2859627900,780192,3276,2143,1133
2859627900,840193,3384,3127,257
2859627900,900218,3024,2851,173
2859627900,960218,1892,2572,-680
2859627900,1020248,4102,2490,1612
2859627900,1080253,3482,3475,7
2859627900,1140259,4833,2397,2436
2859627900,1200263,2219,4167,-1948
2859627900,1260319,2409,2691,-282
2859627900,1320336,2910,3463,-553
2859627900,1380351,2366,1679,687
2859627900,1440352,5496,1571,3925
2859627900,1500361,1796,2930,-1134
2859627900,1560384,4424,3074,1350
2859627900,1620384,5051,1372,3679
2861958630,0,2500,2500,0
2861958630,60028,0,0,0
2861958630,120068,345,312,33
2861958630,180090,1595,1601,-6
2861958630,240121,2903,1884,1019
2861958630,300145,3474,3299,175
2861958630,360176,4428,1554,2874
2861958630,420191,2154,3034,-880
2861958630,480205,3025,4213,-1188
2861958630,540212,2666,4645,-1979
2861958630,600226,3605,1534,2071
2861958630,660227,1263,3356,-2093
2861958630,720233,2759,2147,612
2861958630,780238,3887,2629,1258
2861958630,840246,6103,4367,1736
2861958630,900261,2767,3731,-964
2861958630,960273,3358,3707,-349
2861958630,1020276,3583,4090,-507
2861958630,1080285,3354,2406,948
2861958630,1140294,3471,2463,1008
2861958630,1200304,2786,3676,-890
2861958630,1260331,5470,3948,1522
2861958630,1320344,6230,1452,4778
2861958630,1380363,2387,2111,276
2861958630,1440371,4676,1860,2816
2861958630,1500392,3745,3134,611
2861958630,1560400,6539,2390,4149
2861958630,1620400,5992,2349,3643
2862823596,0,2500,2500,0
2862823596,60002,0,0,0
2862823596,120003,348,345,3
2862823596,180003,1724,1799,-75
2862823596,240005,3115,2492,623
2862823596,300019,4204,2328,1876
2862823596,360040,1838,2603,-765
2862823596,420069,2220,2508,-288
2862823596,480090,4162,3020,1142
2862823596,540116,1513,4472,-2959
2862823596,600144,3360,2383,977
2862823596,660151,3043,1563,1480
2862823596,720159,3703,2184,1519
2862823596,780172,2216,3081,-865
2862823596,840200,3141,1701,1440
2862823596,900201,5748,3468,2280
2862823596,960212,4252,3217,1035
2862823596,1020244,5146,3320,1826
2862823596,1080249,6145,4612,1533
2862823596,1140267,3712,3412,300
2862823596,1200296,4931,2976,1955
2862823596,1260311,5905,1716,4189
2862823596,1320339,6839,3244,3595
2862823596,1380357,7584,5750,1834
2862823596,1440363,6237,4201,2036
2862823596,1500373,6034,2103,3931
2862823596,1560394,10604,2340,8264
2862823596,1620394,14268,1985,12283
2862998470,0,2500,2500,0
2862998470,60023,0,500,-500
2862998470,120056,321,899,-578
2862998470,180077,1901,1523,378
2862998470,240092,2095,3113,-1018
2862998470,300123,2120,3027,-907
2862998470,360156,2758,973,1785
2862998470,420183,1747,1389,358
2862998470,480213,2301,2421,-120
2862998470,540236,2813,2318,495
2862998470,600248,3408,4853,-1445
2862998470,660259,3696,1129,2567
2862998470,720283,4722,3249,1473
2862998470,780303,2172,4540,-2368
2862998470,840318,3978,3453,525
2862998470,900324,2918,3187,-269
2862998470,960341,3554,2541,1013
2862998470,1020373,5970,3294,2676
2862998470,1080388,5384,2909,2475
2862998470,1140409,6569,2879,3690
2862998470,1200441,3198,2063,1135
2862998470,1260453,6907,2279,4628
2862998470,1320464,4650,2825,1825
2862998470,1380482,4277,2222,2055
2862998470,1440511,4284,4193,91
2862998470,1500521,6231,1444,4787
2862998470,1560522,4906,3184,1722
2862998470,1620522,6348,4085,2263
2863025681,0,2500,2500,0
2863025681,60005,0,0,0
2863025681,120014,405,380,25
2863025681,180063,1848,1709,139
2863025681,240074,2680,3727,-1047
2863025681,300087,2981,2919,62
2863025681,360119,3632,4159,-527
2863025681,420135,5212,2862,2350
2863025681,480140,2602,1962,640
2863025681,540140,4802,3586,1216
2863025681,600168,1390,2113,-723
2863025681,660185,4024,1498,2526
2863025681,720218,3245,2462,783
2863025681,780239,3478,4328,-850
2863025681,840239,2893,3762,-869
2863025681,900250,3686,1508,2178
2863025681,960261,3047,2622,425
2863025681,1020288,6553,4001,2552
2863025681,1080314,2617,4753,-2136
2863025681,1140324,2768,5448,-2680
2863025681,1200326,1659,2390,-731
2863025681,1260329,3958,3318,640
2863025681,1320335,2789,4068,-1279
2863025681,1380362,3571,2964,607
2863025681,1440362,7465,2801,4664
2863025681,1500366,2400,1249,1151
2863025681,1560374,5577,2370,3207
2863025681,1620374,8690,2583,6107
2863092728,0,2500,2500,0
2863092728,60016,70,0,70
2863092728,120031,385,455,-70
2863092728,180074,1821,1690,131
2863092728,240101,3078,2051,1027
2863092728,300116,3808,1983,1825
2863092728,360131,1098,1764,-666
2863092728,420153,1822,3645,-1823
2863092728,480168,3379,2889,490
2863092728,540169,3053,4196,-1143
2863092728,600182,2245,2209,36
2863092728,660214,2822,4618,-1796
2863092728,720246,4381,6883,-2502
2863092728,780273,2600,2265,335
2863092728,840293,5273,4209,1064
2863092728,900325,2156,2191,-35
2863092728,960343,5041,3239,1802
2863092728,1020358,4144,3248,896
2863092728,1080385,3828,6371,-2543
2863092728,1140397,4122,2496,1626
2863092728,1200409,3300,3531,-231
2863092728,1260409,5118,3680,1438
2863092728,1320419,1620,2550,-930
2863092728,1380436,3879,2609,1270
2863092728,1440465,4415,5279,-864
2863092728,1500492,2857,3394,-537
2863092728,1560499,6010,3178,2832
2863092728,1620499,8530,2550,5980
2863370021,0,2500,2500,0
2863370021,60002,0,0,0
2863370021,120032,345,527,-182
2863370021,180032,1867,1652,215
2863370021,240045,2370,2218,152
2863370021,300076,2564,2141,423
2863370021,360085,1311,2231,-920
2863370021,420113,2609,2010,599
2863370021,480129,3963,2310,1653
2863370021,540149,3704,2698,1006
2863370021,600169,3144,2586,558
2863370021,660183,4299,2498,1801
2863370021,720192,4222,4103,119
2863370021,780198,2161,3874,-1713
2863370021,840211,2288,4190,-1902
2863370021,900222,3658,6244,-2586
2863370021,960229,3745,1719,2026
2863370021,1020240,2444,2442,2
2863370021,1080250,4064,2441,1623
2863370021,1140280,6915,968,5947
2863370021,1200309,1156,2904,-1748
2863370021,1260342,3084,2164,920
2863370021,1320370,3462,1203,2259
2863370021,1380376,4591,2695,1896
2863370021,1440394,3677,4253,-576
2863370021,1500408,6416,2208,4208
2863370021,1560432,5354,3739,1615
2863370021,1620440,6087,3294,2793
2863418712,0,2500,2500,0
2863418712,60000,0,500,-500
2863418712,120005,432,526,-94
2863418712,180022,2276,1740,536
2863418712,240045,3257,905,2352
2863418712,300048,3272,1045,2227
2863418712,360074,1755,2073,-318
2863418712,420083,3066,1760,1306
2863418712,480096,4959,1770,3189
2863418712,540097,2084,2605,-521
2863418712,600122,3126,1319,1807
2863418712,660153,3314,1063,2251
2863418712,720165,1344,2492,-1148
2863418712,780196,2701,3038,-337
2863418712,840207,4291,4000,291
2863418712,900214,5950,3510,2440
2863418712,960219,2819,4079,-1260
2863418712,1020233,2591,1809,782
2863418712,1080263,4344,2078,2266
2863418712,1140292,4931,2192,2739
2863418712,1200307,5455,1776,3679
2863418712,1260315,7566,857,6709
2863418712,1320325,10125,1978,8147
2863418712,1380335,2758,1374,1384
2863418712,1440362,4203,2219,1984
2863418712,1500368,2859,3146,-287
2863418712,1560375,4289,2343,1946
2863418712,1620375,3927,2791,1136
2863497019,0,2500,2500,0
2863497019,60028,0,500,-500
2863497019,120060,282,371,-89
2863497019,180099,2055,2086,-31
2863497019,240132,2997,2304,693
2863497019,300164,1918,2816,-898
2863497019,360177,2717,4178,-1461
2863497019,420204,3530,3165,365
2863497019,480225,2435,2671,-236
2863497019,540253,1740,3671,-1931
2863497019,600266,3228,2757,471
2863497019,660299,2288,2590,-302
2863497019,720326,3123,3441,-318
2863497019,780333,2707,4479,-1772
2863497019,840356,4748,3494,1254
2863497019,900371,4076,2620,1456
2863497019,960377,3325,2066,1259
2863497019,1020395,6400,3526,2874
2863497019,1080405,9806,2746,7060
2863497019,1140428,5292,3000,2292
2863497019,1200459,2994,4211,-1217
2863497019,1260488,4532,1423,3109
2863497019,1320511,5972,5019,953
2863497019,1380518,4274,4147,127
2863497019,1440534,4514,3012,1502
2863497019,1500565,2248,3623,-1375
2863497019,1560580,3864,3527,337
2863497019,1620580,5088,3048,2040
2864179726,0,2500,2500,0
2864179726,60003,30,1000,-970
2864179726,120007,413,419,-6
2864179726,180051,2314,1617,697
2864179726,240060,2374,1563,811
2864179726,300074,3013,3298,-285
2864179726,360104,2386,1577,809
2864179726,420117,2817,2539,278
2864179726,480127,4584,2331,2253
2864179726,540158,3693,3361,332
2864179726,600165,2829,2144,685
2864179726,660195,2139,2923,-784
2864179726,720219,4371,2412,1959
2864179726,780227,3137,2774,363
2864179726,840229,6053,2294,3759
2864179726,900248,4339,2291,2048
2864179726,960279,4243,2420,1823
2864179726,1020302,6251,3228,3023
2864179726,1080307,9416,1538,7878
2864179726,1140324,1662,2090,-428
2864179726,1200352,3419,2839,580
2864179726,1260375,4295,2228,2067
2864179726,1320380,3082,4082,-1000
2864179726,1380408,4569,1803,2766
2864179726,1440436,6830,1877,4953
2864179726,1500454,5441,2889,2552
2864179726,1560458,3563,2758,805
2864179726,1620458,5741,2201,3540
2866360478,0,2500,2500,0
2866360478,60008,0,0,0
2866360478,120011,383,384,-1
2866360478,180040,1685,1684,1
2866360478,240073,2506,2033,473
2866360478,300075,3859,3107,752
2866360478,360084,3634,3403,231
2866360478,420116,2335,1421,914
2866360478,480149,2319,2920,-601
2866360478,540165,3079,3315,-236
2866360478,600196,5342,3497,1845
2866360478,660217,1222,1121,101
2866360478,720249,1528,2278,-750
2866360478,780272,3030,2252,778
2866360478,840273,3455,3782,-327
2866360478,900304,4743,2874,1869
2866360478,960327,7870,2019,5851
2866360478,1020360,2774,2650,124
2866360478,1080383,3611,1825,1786
2866360478,1140409,3313,3483,-170
2866360478,1200413,2689,2140,549
2866360478,1260439,4940,1836,3104
2866360478,1320446,2827,4470,-1643
2866360478,1380475,3462,2028,1434
2866360478,1440476,6270,3371,2899
2866360478,1500483,6825,1895,4930
2866360478,1560506,6086,3495,2591
2866360478,1620509,9913,3254,6659
2867920932,0,2500,2500,0
2867920932,60006,0,0,0
2867920932,120011,978,341,637
2867920932,180052,1655,2537,-882
2867920932,240082,2797,1722,1075
2867920932,300095,3044,2138,906
2867920932,360128,3567,3445,122
2867920932,420146,4160,2660,1500
2867920932,480176,5671,3911,1760
2867920932,540180,3966,2787,1179
2867920932,600185,1974,2921,-947
2867920932,660205,3898,1391,2507
2867920932,720214,4360,2604,1756
2867920932,780247,3219,5607,-2388
2867920932,840279,3488,2842,646
2867920932,900310,4753,2031,2722
2867920932,960321,6394,3391,3003
2867920932,1020323,5989,3060,2929
2867920932,1080354,5775,4192,1583
2867920932,1140382,6972,1707,5265
2867920932,1200414,8603,1952,6651
2867920932,1260427,3884,3360,524
2867920932,1320431,7799,4635,3164
2867920932,1380438,3414,2423,991
2867920932,1440458,4674,4669,5
2867920932,1500491,5523,3421,2102
2867920932,1560507,3827,4591,-764
2867920932,1620507,6257,3180,3077
2868342181,0,2500,2500,0
2868342181,60008,0,0,0
2868342181,120038,447,361,86
2868342181,180073,1883,1619,264
2868342181,240103,2004,2785,-781
2868342181,300136,3401,1684,1717
2868342181,360165,2049,2191,-142
2868342181,420166,3888,1732,2156
2868342181,480167,2299,2634,-335
2868342181,540198,3300,3284,16
2868342181,600230,2909,2834,75
2868342181,660236,3410,3789,-379
2868342181,720259,4670,3008,1662
2868342181,780284,2992,3952,-960
2868342181,840313,2683,3049,-366
2868342181,900323,5159,1713,3446
2868342181,960344,2156,1758,398
2868342181,1020374,2747,2594,153
2868342181,1080375,6271,617,5654
2868342181,1140400,3946,1662,2284
2868342181,1200433,5956,3654,2302
2868342181,1260454,6963,1577,5386
2868342181,1320484,2255,3975,-1720
2868342181,1380488,3276,900,2376
2868342181,1440520,5987,2666,3321
2868342181,1500540,3073,2248,825
2868342181,1560556,6498,2595,3903
2868342181,1620556,7243,2616,4627
2868684645,0,2500,2500,0
2868684645,60003,0,500,-500
2868684645,120006,421,441,-20
2868684645,180013,1916,1505,411
2868684645,240044,4023,1594,2429
2868684645,300071,2415,1632,783
2868684645,360094,2340,1735,605
2868684645,420102,3030,3454,-424
2868684645,480122,4241,1823,2418
2868684645,540137,3938,3122,816
2868684645,600167,3873,3899,-26
2868684645,660173,4913,2250,2663
2868684645,720197,3373,1666,1707
2868684645,780203,4096,2288,1808
2868684645,840223,2428,3835,-1407
2868684645,900235,5267,2220,3047
2868684645,960265,6938,3845,3093
2868684645,1020293,8258,1498,6760
2868684645,1080316,4470,3057,1413
2868684645,1140341,6807,3174,3633
2868684645,1200342,9019,1794,7225
2868684645,1260368,6843,2846,3997
2868684645,1320376,2514,3068,-554
2868684645,1380390,4761,2651,2110
2868684645,1440421,5954,3473,2481
2868684645,1500442,4425,3222,1203
2868684645,1560471,3911,2988,923
2868684645,1620471,6174,3775,2399
2869179530,0,2500,2500,0
2869179530,60032,0,0,0
2869179530,120062,417,472,-55
2869179530,180090,1474,2975,-1501
2869179530,240121,2019,463,1556
2869179530,300154,2159,2800,-641
2869179530,360164,1307,2972,-1665
2869179530,420171,3689,1762,1927
2869179530,480200,1365,3151,-1786
2869179530,540201,2783,2962,-179
2869179530,600207,1809,2356,-547
2869179530,660207,3800,3485,315
2869179530,720225,2312,4254,-1942
2869179530,780248,2348,3915,-1567
2869179530,840255,3214,3001,213
2869179530,900285,3349,3672,-323
2869179530,960298,4947,4626,321
2869179530,1020325,4753,4252,501
2869179530,1080335,2790,4752,-1962
2869179530,1140360,1663,5998,-4335
2869179530,1200361,3756,3709,47
2869179530,1260374,6154,2625,3529
2869179530,1320404,8702,2203,6499
2869179530,1380425,1010,4310,-3300
2869179530,1440435,3873,6123,-2250
2869179530,1500452,3641,1270,2371
2869179530,1560477,3340,2657,683
2869179530,1620477,6795,2003,4792
2869255247,0,2500,2500,0
2869255247,60031,0,200,-200
2869255247,120063,478,380,98
2869255247,180092,2208,1635,573
2869255247,240122,3188,1935,1253
2869255247,300128,2524,1869,655
2869255247,360129,2740,2877,-137
2869255247,420161,2850,1810,1040
2869255247,480193,3509,1919,1590
2869255247,540194,2042,2934,-892
2869255247,600198,4520,2783,1737
2869255247,660199,3864,2429,1435
2869255247,720209,6314,3986,2328
2869255247,780235,1853,2421,-568
2869255247,840263,2899,2988,-89
2869255247,900274,3492,3119,373
2869255247,960278,1591,1602,-11
2869255247,1020287,3419,3650,-231
2869255247,1080301,5050,2744,2306
2869255247,1140327,1928,1247,681
2869255247,1200332,4547,2638,1909
2869255247,1260353,6862,2666,4196
2869255247,1320361,1830,2744,-914
2869255247,1380390,5621,3724,1897
2869255247,1440415,7273,4242,3031
2869255247,1500422,4009,4888,-879
2869255247,1560433,3064,3393,-329
2869255247,1620465,4689,4176,513
2869813717,0,7000,7000,0
2869813717,60023,40,115,-75
2869813717,120053,2210,2208,2
2869813717,180065,5140,2903,2237
2869813717,240097,3843,3873,-30
2869813717,300104,4426,3136,1290
2869813717,360109,3608,4206,-598
2869813717,420138,5003,5430,-427
2869813717,480168,2383,5229,-2846
2869813717,540179,4502,5210,-708
2869813717,600181,7766,4274,3492
2869813717,660190,6468,5392,1076
2869813717,720203,2192,8432,-6240
2869813717,780205,4953,3461,1492
2869813717,840221,3335,5815,-2480
2869813717,900244,6568,7817,-1249
2869813717,960248,3460,5577,-2117
2869813717,1020258,3815,8148,-4333
2869813717,1080289,4722,4945,-223
2869813717,1140312,5096,4666,430
2869813717,1200343,4379,4767,-388
2869813717,1260345,5466,8094,-2628
2869813717,1320374,5137,10308,-5171
2869813717,1380382,8858,5509,3349
2869813717,1440383,6719,8544,-1825
2869813717,1500391,10873,2589,8284
2869813717,1560398,10399,5022,5377
2869813717,1620416,10721,5173,5548
2870136859,0,2500,2500,0
2870136859,60001,0,0,0
2870136859,120006,332,411,-79
2870136859,180028,2035,1595,440
2870136859,240039,2487,1875,612
2870136859,300061,3457,3035,422
2870136859,360082,4381,3302,1079
2870136859,420112,4046,3202,844
2870136859,480136,3420,3230,190
2870136859,540142,2552,2815,-263
2870136859,600146,2948,2936,12
2870136859,660162,3747,5632,-1885
2870136859,720169,4010,3339,671
2870136859,780188,3054,3100,-46
2870136859,840218,4223,1990,2233
2870136859,900243,7514,3729,3785
2870136859,960272,7257,3169,4088
2870136859,1020276,4880,4161,719
2870136859,1080300,2370,1944,426
2870136859,1140316,4013,1713,2300
2870136859,1200345,3572,2437,1135
2870136859,1260353,6450,3510,2940
2870136859,1320359,3675,5335,-1660
2870136859,1380378,4107,3796,311
2870136859,1440403,6894,2720,4174
2870136859,1500434,4023,2993,1030
2870136859,1560437,5665,2325,3340
2870136859,1620437,7151,2624,4527
2870396288,0,2500,2500,0
2870396288,60020,0,0,0
2870396288,120024,395,523,-128
2870396288,180034,1482,1484,-2
2870396288,240055,2388,2649,-261
2870396288,300059,878,3628,-2750
2870396288,360088,2276,4571,-2295
2870396288,420106,2658,3582,-924
2870396288,480110,4361,3511,850
2870396288,540139,3238,1789,1449
2870396288,600155,3318,2589,729
2870396288,660159,3802,3829,-27
2870396288,720162,3998,2489,1509
2870396288,780167,5828,2150,3678
2870396288,840182,1226,1371,-145
2870396288,900201,2244,4363,-2119
2870396288,960207,3029,3865,-836
2870396288,1020241,3474,3125,349
2870396288,1080262,6441,1221,5220
2870396288,1140281,6825,1720,5105
2870396288,1200283,3435,2218,1217
2870396288,1260284,6442,2436,4006
2870396288,1320297,6644,3871,2773
2870396288,1380316,1572,2567,-995
2870396288,1440358,3831,2790,1041
2870396288,1500362,4491,2894,1597
2870396288,1560381,6760,3537,3223
2870396288,1620381,7879,3480,4399
2870529997,0,2500,2500,0
2870529997,60006,0,0,0
2870529997,120024,328,411,-83
2870529997,180033,2009,1180,829
2870529997,240036,2323,2332,-9
2870529997,300039,2338,3460,-1122
2870529997,360072,3548,2255,1293
2870529997,420103,2113,1617,496
2870529997,480115,4085,2163,1922
2870529997,540123,5845,2162,3683
2870529997,600144,1585,2981,-1396
2870529997,660148,3417,5229,-1812
2870529997,720159,4395,1653,2742
2870529997,780192,3754,2431,1323
2870529997,840219,3952,4133,-181
2870529997,900243,3426,3069,357
2870529997,960256,1672,4964,-3292
2870529997,1020271,3197,1475,1722
2870529997,1080294,5131,2550,2581
2870529997,1140313,5400,2947,2453
2870529997,1200317,6464,4350,2114
2870529997,1260334,3567,674,2893
2870529997,1320338,4459,2002,2457
2870529997,1380342,5701,3269,2432
2870529997,1440364,6195,1854,4341
2870529997,1500383,7342,2484,4858
2870529997,1560403,9720,3114,6606
2870529997,1620403,3609,3607,2
2871134245,0,2500,2500,0
2871134245,60023,0,0,0
2871134245,120052,429,427,2
2871134245,180052,1967,1898,69
2871134245,240081,3270,3170,100
2871134245,300111,3025,3604,-579
2871134245,360121,4508,3976,532
2871134245,420125,2458,2592,-134
2871134245,480153,2567,1670,897
2871134245,540185,3591,2860,731
2871134245,600188,4151,2681,1470
2871134245,660196,5246,2798,2448
2871134245,720217,4872,4303,569
2871134245,780235,1408,2802,-1394
2871134245,840261,3389,2734,655
2871134245,900285,2946,2705,241
2871134245,960311,3635,3836,-201
2871134245,1020343,2606,2885,-279
2871134245,1080365,4530,2199,2331
2871134245,1140391,4773,2955,1818
2871134245,1200414,3912,3789,123
2871134245,1260414,6905,4800,2105
2871134245,1320428,3105,1238,1867
2871134245,1380446,2101,2365,-264
2871134245,1440472,4573,2996,1577
2871134245,1500473,2163,2381,-218
2871134245,1560476,4019,3270,749
2871134245,1620476,7023,3630,3393
2871539892,0,2500,2500,0
2871539892,60028,0,0,0
2871539892,120047,382,475,-93
2871539892,180055,1749,1844,-95
2871539892,240058,2995,2018,977
2871539892,300065,2437,1702,735
2871539892,360088,2823,1744,1079
2871539892,420095,2929,2274,655
2871539892,480107,3187,2093,1094
2871539892,540130,3416,3827,-411
2871539892,600135,1897,755,1142
2871539892,660154,3505,2347,1158
2871539892,720181,2327,1992,335
2871539892,780211,2051,2744,-693
2871539892,840241,3855,3613,242
2871539892,900252,3917,3917,0
2871539892,960269,7880,2516,5364
2871539892,1020299,695,3092,-2397
2871539892,1080306,2826,2438,388
2871539892,1140329,5571,2082,3489
2871539892,1200336,1678,1701,-23
2871539892,1260341,2164,3597,-1433
2871539892,1320348,3597,3459,138
2871539892,1380372,3768,3830,-62
2871539892,1440388,5211,4055,1156
2871539892,1500408,7744,1357,6387
2871539892,1560432,3711,2895,816
2871539892,1620449,7483,1212,6271
2872169546,0,2500,2500,0
2872169546,60023,0,0,0
2872169546,120043,383,381,2
2872169546,180073,1688,1468,220
2872169546,240089,1959,2265,-306
2872169546,300090,2717,2788,-71
2872169546,360091,1686,2366,-680
2872169546,420117,3480,2353,1127
2872169546,480146,3419,1513,1906
2872169546,540147,2739,2295,444
2872169546,600154,4146,2703,1443
2872169546,660170,6713,1993,4720
2872169546,720177,5382,3045,2337
2872169546,780185,2621,4541,-1920
2872169546,840194,2132,2347,-215
2872169546,900214,2771,4876,-2105
2872169546,960224,1661,4001,-2340
2872169546,1020255,4906,3254,1652
2872169546,1080279,7413,3141,4272
2872169546,1140296,6222,2103,4119
2872169546,1200316,2114,2202,-88
2872169546,1260323,3710,4575,-865
2872169546,1320355,3416,3527,-111
2872169546,1380416,2686,5776,-3090
2872169546,1440438,6661,3444,3217
2872169546,1500441,5796,2677,3119
2872169546,1560464,6175,2649,3526
2872169546,1620464,9073,2170,6903
2872522097,0,7000,7000,0
2872522097,60017,150,1408,-1258
2872522097,120025,2271,1982,289
2872522097,180074,5111,2876,2235
2872522097,240104,6541,3715,2826
2872522097,300113,7382,6206,1176
2872522097,360120,4999,1193,3806
2872522097,420130,7098,3267,3831
2872522097,480143,9375,4965,4410
2872522097,540155,2400,2586,-186
2872522097,600165,3506,3937,-431
2872522097,660185,3370,3482,-112
2872522097,720217,5117,3116,2001
2872522097,780234,5776,4255,1521
2872522097,840237,3209,6570,-3361
2872522097,900269,4356,3085,1271
2872522097,960288,6485,4025,2460
2872522097,1020302,5662,3696,1966
2872522097,1080332,3168,6652,-3484
2872522097,1140347,4996,6316,-1320
2872522097,1200354,4982,9284,-4302
2872522097,1260366,8346,11490,-3144
2872522097,1320394,10447,3666,6781
2872522097,1380418,3581,2573,1008
2872522097,1440452,4882,4813,69
2872522097,1500472,5826,9358,-3532
2872522097,1560495,6358,11413,-5055
2872522097,1620495,11112,4134,6978
2872653190,0,2500,2500,0
2872653190,60031,500,0,500
2872653190,120045,404,458,-54
2872653190,180081,1567,2203,-636
2872653190,240112,3066,1489,1577
2872653190,300121,2622,2896,-274
2872653190,360153,3392,4532,-1140
2872653190,420177,4321,5213,-892
2872653190,480201,3501,4364,-863
2872653190,540233,4445,2254,2191
2872653190,600249,2061,3136,-1075
2872653190,660261,3573,3452,121
2872653190,720266,3168,5042,-1874
2872653190,780271,4148,4855,-707
2872653190,840301,3567,2754,813
2872653190,900329,3047,5032,-1985
2872653190,960342,4435,4181,254
2872653190,1020370,2735,2625,110
2872653190,1080396,1822,5526,-3704
2872653190,1140419,2477,6919,-4442
2872653190,1200433,2111,7339,-5228
2872653190,1260437,3167,6392,-3225
2872653190,1320438,2138,6989,-4851
2872653190,1380445,5176,3530,1646
2872653190,1440458,1302,4838,-3536
2872653190,1500465,1963,6865,-4902
2872653190,1560472,4287,4212,75
2872653190,1620472,6548,3889,2659
2875115805,0,2500,2500,0
2875115805,60027,0,0,0
2875115805,120033,389,333,56
2875115805,180084,1640,2066,-426
2875115805,240087,2158,2838,-680
2875115805,300090,3246,3169,77
2875115805,360093,4434,3686,748
2875115805,420098,3673,3957,-284
2875115805,480102,3895,2519,1376
2875115805,540108,2944,3709,-765
2875115805,600130,1970,4616,-2646
2875115805,660150,3456,4468,-1012
2875115805,720183,4037,5336,-1299
2875115805,780209,4640,4288,352
2875115805,840224,3930,3267,663
2875115805,900241,5281,4533,748
2875115805,960266,7485,3940,3545
2875115805,1020272,1823,2985,-1162
2875115805,1080293,3603,3666,-63
2875115805,1140325,6424,4494,1930
2875115805,1200356,6153,4587,1566
2875115805,1260377,9163,4357,4806
2875115805,1320403,4538,5088,-550
2875115805,1380417,2915,5243,-2328
2875115805,1440449,2558,6388,-3830
2875115805,1500461,2243,4597,-2354
2875115805,1560489,6020,4956,1064
2875115805,1620489,7519,4766,2753
2875228550,0,2500,2500,0
2875228550,60017,15,0,15
2875228550,120024,449,347,102
2875228550,180066,2588,1499,1089
2875228550,240069,3509,3213,296
2875228550,300080,4282,2179,2103
2875228550,360112,2699,1591,1108
2875228550,420145,1775,2189,-414
2875228550,480161,2238,3508,-1270
2875228550,540175,2626,1782,844
2875228550,600184,4548,3720,828
2875228550,660199,1063,3213,-2150
2875228550,720230,3530,2257,1273
2875228550,780249,2557,4438,-1881
2875228550,840252,4293,4890,-597
2875228550,900265,3181,4938,-1757
2875228550,960282,4754,2248,2506
2875228550,1020299,6377,3088,3289
2875228550,1080321,3349,1871,1478
2875228550,1140331,4184,2742,1442
2875228550,1200334,5407,3488,1919
2875228550,1260356,5394,3656,1738
2875228550,1320385,3255,3397,-142
2875228550,1380392,2925,5467,-2542
2875228550,1440395,4143,5213,-1070
2875228550,1500417,2687,1597,1090
2875228550,1560439,2643,2222,421
2875228550,1620442,7931,2138,5793
2875702198,0,2500,2500,0
2875702198,60004,0,0,0
2875702198,120036,412,388,24
2875702198,180083,2019,2149,-130
2875702198,240113,1780,1180,600
2875702198,300115,2052,1608,444
2875702198,360144,2426,2212,214
2875702198,420155,3057,2894,163
2875702198,480163,5273,1490,3783
2875702198,540191,1332,3542,-2210
2875702198,600196,3669,1819,1850
2875702198,660227,4520,3637,883
2875702198,720236,3626,5334,-1708
2875702198,780255,2056,3738,-1682
2875702198,840281,2653,2957,-304
2875702198,900293,3986,3457,529
2875702198,960325,6205,1015,5190
2875702198,1020350,3238,3231,7
2875702198,1080365,2319,5052,-2733
2875702198,1140383,2849,2721,128
2875702198,1200415,2188,3595,-1407
2875702198,1260421,3238,5725,-2487
2875702198,1320443,3688,6476,-2788
2875702198,1380461,3423,3023,400
2875702198,1440468,9503,3502,6001
2875702198,1500485,2376,2445,-69
2875702198,1560510,5938,3546,2392
2875702198,1620510,8335,4260,4075
2875765153,0,7000,7000,0
2875765153,60009,15,580,-565
2875765153,120014,2046,2490,-444
2875765153,180015,4148,4795,-647
2875765153,240030,5763,1839,3924
2875765153,300074,4270,4608,-338
2875765153,360085,6011,3213,2798
2875765153,420096,1539,6054,-4515
2875765153,480100,3427,2498,929
2875765153,540131,4425,2497,1928
2875765153,600147,6824,4065,2759
2875765153,660175,4701,3513,1188
2875765153,720176,2832,6789,-3957
2875765153,780187,6644,2103,4541
2875765153,840201,9457,3413,6044
2875765153,900223,1786,7656,-5870
2875765153,960226,4079,4341,-262
2875765153,1020259,6726,5269,1457
2875765153,1080266,4832,8903,-4071
2875765153,1140280,4805,9686,-4881
2875765153,1200304,4548,3562,986
2875765153,1260335,5815,2698,3117
2875765153,1320337,6364,3037,3327
2875765153,1380343,8971,4924,4047
2875765153,1440367,7572,3559,4013
2875765153,1500375,7905,4244,3661
2875765153,1560404,10719,6888,3831
2875765153,1620404,5734,6379,-645
2875906511,0,2500,2500,0
2875906511,60004,0,0,0
2875906511,120035,442,404,38
2875906511,180036,1782,1547,235
2875906511,240042,2819,2407,412
2875906511,300067,2917,3410,-493
2875906511,360082,3326,3787,-461
2875906511,420087,1755,1551,204
2875906511,480099,3381,3309,72
2875906511,540110,4380,3688,692
2875906511,600120,3387,1712,1675
2875906511,660137,1799,3200,-1401
2875906511,720159,3018,1424,1594
2875906511,780178,3595,2384,1211
2875906511,840195,4251,3902,349
2875906511,900204,6429,3048,3381
2875906511,960218,7626,4642,2984
2875906511,1020260,5274,3270,2004
2875906511,1080268,5308,4059,1249
2875906511,1140289,9977,3338,6639
2875906511,1200290,2694,5954,-3260
2875906511,1260307,2052,1461,591
2875906511,1320333,4653,4503,150
2875906511,1380353,2322,2295,27
2875906511,1440356,4055,4158,-103
2875906511,1500373,7126,1644,5482
2875906511,1560383,2670,2763,-93
2875906511,1620416,7580,3015,4565
2876365803,0,2500,2500,0
2876365803,60019,0,0,0
2876365803,120048,428,499,-71
2876365803,180098,1898,1828,70
2876365803,240121,3463,1512,1951
2876365803,300152,2107,2230,-123
2876365803,360175,3159,1847,1312
2876365803,420197,2993,2822,171
2876365803,480210,4729,1707,3022
2876365803,540240,3159,3156,3
2876365803,600243,5234,2495,2739
2876365803,660267,2532,2248,284
2876365803,720275,2279,2874,-595
2876365803,780297,4167,2027,2140
2876365803,840322,4875,3489,1386
2876365803,900354,6440,3137,3303
2876365803,960355,3615,1263,2352
2876365803,1020358,6773,2719,4054
2876365803,1080384,5907,2691,3216
2876365803,1140398,3776,1341,2435
2876365803,1200413,4730,1931,2799
2876365803,1260436,8113,2320,5793
2876365803,1320461,8245,4240,4005
2876365803,1380493,2152,2213,-61
2876365803,1440501,6323,3397,2926
2876365803,1500520,7748,2308,5440
2876365803,1560526,4069,2780,1289
2876365803,1620526,5788,4427,1361
2877365918,0,2500,2500,0
2877365918,60000,0,0,0
2877365918,120006,374,391,-17
2877365918,180006,2085,1606,479
2877365918,240040,3709,2796,913
2877365918,300082,3076,2264,812
2877365918,360113,4670,3177,1493
2877365918,420123,5611,1809,3802
2877365918,480149,2535,3071,-536
2877365918,540161,4293,3158,1135
2877365918,600192,3569,4552,-983
2877365918,660218,2468,3265,-797
2877365918,720233,2551,1707,844
2877365918,780240,2179,4566,-2387
2877365918,840243,2873,3262,-389
2877365918,900251,4804,2805,1999
2877365918,960252,6019,2306,3713
2877365918,1020278,4148,3208,940
2877365918,1080287,3737,3350,387
2877365918,1140305,6362,2875,3487
2877365918,1200308,5026,2737,2289
2877365918,1260320,2905,1923,982
2877365918,1320336,4545,2574,1971
2877365918,1380348,5293,2709,2584
2877365918,1440359,6098,2740,3358
2877365918,1500390,6227,3165,3062
2877365918,1560403,5156,2608,2548
2877365918,1620403,7766,2875,4891
2877392943,0,2500,2500,0
2877392943,60031,0,0,0
2877392943,120061,941,388,553
2877392943,180082,3124,1459,1665
2877392943,240091,1962,2185,-223
2877392943,300122,2940,1863,1077
2877392943,360152,3488,3247,241
2877392943,420170,3679,4054,-375
2877392943,480187,3600,2542,1058
2877392943,540217,4157,3490,667
2877392943,600249,4522,3389,1133
2877392943,660249,3167,3131,36
2877392943,720259,3119,2127,992
2877392943,780291,2114,1877,237
2877392943,840294,4016,2598,1418
2877392943,900322,3824,3173,651
2877392943,960333,2893,3601,-708
2877392943,1020351,4814,2990,1824
2877392943,1080364,4253,3997,256
2877392943,1140370,6314,1774,4540
2877392943,1200385,4539,3679,860
2877392943,1260391,3780,3517,263
2877392943,1320405,4312,2740,1572
2877392943,1380438,8403,3282,5121
2877392943,1440444,3723,3325,398
2877392943,1500460,2383,4445,-2062
2877392943,1560468,3860,3743,117
2877392943,1620468,4664,3578,1086
2877394806,0,2500,2500,0
2877394806,60011,530,40,490
2877394806,120028,359,483,-124
2877394806,180054,1810,2022,-212
2877394806,240056,3021,2201,820
2877394806,300078,2097,4017,-1920
2877394806,360088,1759,1036,723
2877394806,420097,2152,3188,-1036
2877394806,480117,2854,4098,-1244
2877394806,540126,1974,1550,424
2877394806,600166,3274,3376,-102
2877394806,660170,1638,1586,52
2877394806,720179,3247,2804,443
2877394806,780187,4849,4256,593
2877394806,840214,4074,6485,-2411
2877394806,900262,2164,3196,-1032
2877394806,960263,4619,4410,209
2877394806,1020273,2454,3805,-1351
2877394806,1080300,3209,1746,1463
2877394806,1140302,5646,2579,3067
2877394806,1200332,4813,2685,2128
2877394806,1260349,2506,4852,-2346
2877394806,1320376,2122,647,1475
2877394806,1380391,3253,2688,565
2877394806,1440416,4204,3643,561
2877394806,1500417,2781,3041,-260
2877394806,1560440,6687,2492,4195
2877394806,1620440,10018,2524,7494
2877674964,0,2500,2500,0
2877674964,60023,0,0,0
2877674964,120046,454,536,-82
2877674964,180053,2564,1769,795
2877674964,240063,1243,2422,-1179
2877674964,300095,2136,2090,46
2877674964,360120,3576,2005,1571
2877674964,420120,2343,1520,823
2877674964,480145,1368,2463,-1095
2877674964,540175,3363,1403,1960
2877674964,600191,2225,2928,-703
2877674964,660196,2295,3324,-1029
2877674964,720219,5028,3831,1197
2877674964,780236,4011,2341,1670
2877674964,840266,1987,4033,-2046
2877674964,900287,3813,2535,1278
2877674964,960310,7122,3045,4077
2877674964,1020342,3147,1295,1852
2877674964,1080370,3934,2264,1670
2877674964,1140379,5063,3064,1999
2877674964,1200389,4060,2533,1527
2877674964,1260392,1959,3770,-1811
2877674964,1320399,4402,4570,-168
2877674964,1380414,5463,2858,2605
2877674964,1440435,5261,2890,2371
2877674964,1500462,7764,1789,5975
2877674964,1560493,2829,2515,314
2877674964,1620493,5825,3336,2489
2878181278,0,2500,2500,0
2878181278,60017,0,100,-100
2878181278,120047,374,578,-204
2878181278,180084,2844,1126,1718
2878181278,240098,5066,2096,2970
2878181278,300099,2374,2585,-211
2878181278,360112,3044,1883,1161
2878181278,420123,3273,2768,505
2878181278,480149,5002,1076,3926
2878181278,540181,1928,2982,-1054
2878181278,600193,2375,2955,-580
2878181278,660213,4108,4045,63
2878181278,720234,3453,1608,1845
2878181278,780257,3093,3206,-113
2878181278,840273,1981,4027,-2046
2878181278,900283,5785,1560,4225
2878181278,960301,7901,2161,5740
2878181278,1020325,3395,3103,292
2878181278,1080351,3771,667,3104
2878181278,1140352,7107,1717,5390
2878181278,1200373,2448,2654,-206
2878181278,1260398,5661,4238,1423
2878181278,1320413,5208,2745,2463
2878181278,1380443,6348,3764,2584
2878181278,1440459,2741,4382,-1641
2878181278,1500467,4242,3619,623
2878181278,1560500,8404,2501,5903
2878181278,1620500,6985,2202,4783
2878315072,0,2500,2500,0
2878315072,60032,0,0,0
2878315072,120064,382,405,-23
2878315072,180074,2479,1530,949
2878315072,240078,2627,956,1671
2878315072,300086,3975,1255,2720
2878315072,360087,2571,2258,313
2878315072,420095,2869,1199,1670
2878315072,480104,3913,2397,1516
2878315072,540134,5048,2991,2057
2878315072,600159,4843,2157,2686
2878315072,660189,2527,5005,-2478
2878315072,720206,5469,2409,3060
2878315072,780220,8350,2142,6208
2878315072,840229,2101,1521,580
2878315072,900258,3586,2816,770
2878315072,960273,4495,3170,1325
2878315072,1020295,4226,4358,-132
2878315072,1080299,4227,2525,1702
2878315072,1140314,4142,1541,2601
2878315072,1200345,4408,2062,2346
2878315072,1260361,3879,2520,1359
2878315072,1320391,3603,2638,965
2878315072,1380403,2599,2869,-270
2878315072,1440417,5168,3553,1615
2878315072,1500421,7658,3589,4069
2878315072,1560448,5775,3115,2660
2878315072,1620451,4983,2172,2811
2878673296,0,2500,2500,0
2878673296,60025,0,0,0
2878673296,120042,331,936,-605
2878673296,180072,1582,2113,-531
2878673296,240095,2295,2734,-439
2878673296,300126,2990,3349,-359
2878673296,360134,3381,3905,-524
2878673296,420164,1050,2394,-1344
2878673296,480188,2681,1672,1009
2878673296,540215,3514,2871,643
2878673296,600233,3938,3514,424
2878673296,660247,1994,4690,-2696
2878673296,720251,3114,4140,-1026
2878673296,780266,2109,4312,-2203
2878673296,840285,4107,3697,410
2878673296,900313,3884,3164,720
2878673296,960342,2111,2297,-186
2878673296,1020346,3734,2827,907
2878673296,1080368,4189,2382,1807
2878673296,1140396,5249,3268,1981
2878673296,1200398,3178,2884,294
2878673296,1260412,5502,1276,4226
2878673296,1320420,7676,3402,4274
2878673296,1380431,6352,988,5364
2878673296,1440434,6777,2652,4125
2878673296,1500455,9525,1646,7879
2878673296,1560474,1718,3371,-1653
2878673296,1620487,5402,3655,1747
2878901200,0,7000,7000,0
2878901200,60022,150,1500,-1350
2878901200,120053,2233,2256,-23
2878901200,180082,4415,4080,335
2878901200,240111,4540,4220,320
2878901200,300141,5624,6140,-516
2878901200,360170,4043,4358,-315
2878901200,420200,4157,7222,-3065
2878901200,480200,1357,9102,-7745
2878901200,540229,3646,1321,2325
2878901200,600232,2600,3948,-1348
2878901200,660261,3407,6258,-2851
2878901200,720290,3149,6818,-3669
2878901200,780319,5647,2316,3331
2878901200,840348,6429,4384,2045
2878901200,900352,8972,5496,3476
2878901200,960352,3413,5134,-1721
2878901200,1020371,6113,6185,-72
2878901200,1080400,8216,8574,-358
2878901200,1140400,7422,11338,-3916
2878901200,1200413,11304,4372,6932
2878901200,1260442,3242,5551,-2309
2878901200,1320455,5757,7742,-1985
2878901200,1380462,5784,8575,-2791
2878901200,1440464,3681,9064,-5383
2878901200,1500476,6484,4839,1645
2878901200,1560481,5854,6718,-864
2878901200,1620481,6581,8421,-1840
2879147696,0,2500,2500,0
2879147696,60004,0,0,0
2879147696,120032,467,438,29
2879147696,180068,2102,1371,731
2879147696,240085,2398,1436,962
2879147696,300102,2015,2252,-237
2879147696,360140,3579,3476,103
2879147696,420170,4340,3187,1153
2879147696,480179,3312,5193,-1881
2879147696,540200,5070,1984,3086
2879147696,600223,3373,4504,-1131
2879147696,660234,3136,3186,-50
2879147696,720237,3151,1869,1282
2879147696,780244,6081,4209,1872
2879147696,840248,3248,1754,1494
2879147696,900269,4746,3477,1269
2879147696,960284,2831,3805,-974
2879147696,1020295,3286,3131,155
2879147696,1080302,4423,1782,2641
2879147696,1140308,2496,2489,7
2879147696,1200322,3047,1825,1222
2879147696,1260342,4627,1833,2794
2879147696,1320358,3453,2849,604
2879147696,1380372,4946,3390,1556
2879147696,1440379,6539,4899,1640
2879147696,1500401,3813,4854,-1041
2879147696,1560427,7666,2596,5070
2879147696,1620427,8485,2848,5637
2879153024,0,2500,2500,0
2879153024,60032,0,0,0
2879153024,120038,418,523,-105
2879153024,180075,1308,1825,-517
2879153024,240084,2545,3210,-665
2879153024,300091,3970,3959,11
2879153024,360114,3427,2701,726
2879153024,420121,1089,2603,-1514
2879153024,480122,3083,3588,-505
2879153024,540136,3250,5109,-1859
2879153024,600166,3783,1990,1793
2879153024,660192,4185,2289,1896
2879153024,720193,2274,2373,-99
2879153024,780217,3587,2676,911
2879153024,840231,1952,2020,-68
2879153024,900254,3837,1928,1909
2879153024,960285,4309,4445,-136
2879153024,1020305,5438,1650,3788
2879153024,1080314,3831,2916,915
2879153024,1140329,3003,3223,-220
2879153024,1200333,5481,1324,4157
2879153024,1260347,7064,2140,4924
2879153024,1320350,2025,3892,-1867
2879153024,1380371,3666,1909,1757
2879153024,1440380,6910,2575,4335
2879153024,1500387,1675,3561,-1886
2879153024,1560403,3526,4701,-1175
2879153024,1620403,6144,4132,2012
2879208491,0,2500,2500,0
2879208491,60012,0,0,0
2879208491,120016,410,338,72
2879208491,180016,1918,1912,6
2879208491,240020,4260,3572,688
2879208491,300033,5446,3338,2108
2879208491,360043,2483,1349,1134
2879208491,420044,1824,2471,-647
2879208491,480049,2534,3989,-1455
2879208491,540060,2380,2833,-453
2879208491,600077,5719,3081,2638
2879208491,660092,7410,4296,3114
2879208491,720093,4198,4746,-548
2879208491,780123,1009,3737,-2728
2879208491,840128,3104,2378,726
2879208491,900131,4577,2538,2039
2879208491,960148,4271,2513,1758
2879208491,1020153,4042,2151,1891
2879208491,1080159,7062,4772,2290
2879208491,1140175,3787,3990,-203
2879208491,1200201,2878,4087,-1209
2879208491,1260228,3912,1472,2440
2879208491,1320247,2858,2692,166
2879208491,1380276,5615,2529,3086
2879208491,1440300,7580,2226,5354
2879208491,1500323,3758,2321,1437
2879208491,1560328,6453,2888,3565
2879208491,1620328,9909,2274,7635
2879235509,0,2500,2500,0
2879235509,60029,0,0,0
2879235509,120033,421,358,63
2879235509,180062,1711,1680,31
2879235509,240070,2646,2002,644
2879235509,300083,3605,3148,457
2879235509,360089,3485,3740,-255
2879235509,420099,3218,4312,-1094
2879235509,480112,1792,3461,-1669
2879235509,540138,2820,1979,841
2879235509,600162,6433,1802,4631
2879235509,660183,2848,1633,1215
2879235509,720193,2667,2040,627
2879235509,780202,4878,1352,3526
2879235509,840217,7151,2697,4454
2879235509,900229,3180,4047,-867
2879235509,960257,2764,3915,-1151
2879235509,1020290,2373,891,1482
2879235509,1080315,2770,1754,1016
2879235509,1140319,4905,1845,3060
2879235509,1200338,6931,3187,3744
2879235509,1260339,4166,2676,1490
2879235509,1320359,5303,1088,4215
2879235509,1380376,5146,2024,3122
2879235509,1440404,3811,2529,1282
2879235509,1500412,4675,2108,2567
2879235509,1560429,3085,3499,-414
2879235509,1620442,6987,4016,2971
2879332690,0,2500,2500,0
2879332690,60013,0,0,0
2879332690,120022,404,418,-14
2879332690,180080,2324,1562,762
2879332690,240105,3759,3183,576
2879332690,300116,3840,4664,-824
2879332690,360134,5214,5172,42
2879332690,420144,2760,6859,-4099
2879332690,480154,3576,2903,673
2879332690,540176,3639,2074,1565
2879332690,600197,2894,3598,-704
2879332690,660223,1923,7363,-5440
2879332690,720244,3629,4574,-945
2879332690,780252,4413,2619,1794
2879332690,840278,2402,2765,-363
2879332690,900286,3906,4431,-525
2879332690,960299,5111,4125,986
2879332690,1020329,1444,3829,-2385
2879332690,1080343,4418,2075,2343
2879332690,1140350,2386,1696,690
2879332690,1200357,4400,5127,-727
2879332690,1260362,2243,2829,-586
2879332690,1320376,4256,2938,1318
2879332690,1380393,4960,3731,1229
2879332690,1440409,2077,3157,-1080
2879332690,1500424,3682,4873,-1191
2879332690,1560427,2701,5602,-2901
2879332690,1620455,7209,2305,4904
2879384412,0,2500,2500,0
2879384412,60027,0,520,-520
2879384412,120042,463,1302,-839
2879384412,180050,1602,2665,-1063
2879384412,240051,3292,2652,640
2879384412,300080,3696,3032,664
2879384412,360111,1565,2428,-863
2879384412,420147,3082,3382,-300
2879384412,480149,2272,1929,343
2879384412,540160,4147,3796,351
2879384412,600165,4452,3562,890
2879384412,660198,4284,1568,2716
2879384412,720209,3169,3623,-454
2879384412,780225,3975,2383,1592
2879384412,840247,3891,1308,2583
2879384412,900257,7362,2509,4853
2879384412,960286,4139,2230,1909
2879384412,1020297,3910,3266,644
2879384412,1080321,6080,4437,1643
2879384412,1140347,2944,3310,-366
2879384412,1200354,3494,2595,899
2879384412,1260367,3576,3707,-131
2879384412,1320369,6740,2920,3820
2879384412,1380399,7352,3446,3906
2879384412,1440408,4989,4904,85
2879384412,1500427,8173,4814,3359
2879384412,1560472,2021,2498,-477
2879384412,1620472,6420,2651,3769
2879662923,0,2500,2500,0
2879662923,60029,0,0,0
2879662923,120032,248,444,-196
2879662923,180075,1911,1442,469
2879662923,240103,3815,1841,1974
2879662923,300115,4337,1500,2837
2879662923,360147,4368,2431,1937
2879662923,420178,1980,4595,-2615
2879662923,480204,2121,1282,839
2879662923,540223,2445,3108,-663
2879662923,600244,4356,3525,831
2879662923,660252,3023,1787,1236
2879662923,720263,1737,3232,-1495
2879662923,780296,3978,3909,69
2879662923,840309,5626,4384,1242
2879662923,900331,6660,1752,4908
2879662923,960356,2420,3406,-986
2879662923,1020364,3745,2687,1058
2879662923,1080369,5785,2086,3699
2879662923,1140378,4104,4928,-824
2879662923,1200410,4313,3646,667
2879662923,1260429,7913,3085,4828
2879662923,1320432,5904,2357,3547
2879662923,1380454,3056,2931,125
2879662923,1440476,4826,4213,613
2879662923,1500495,8261,1154,7107
2879662923,1560520,7552,2636,4916
2879662923,1620520,10853,2611,8242
2879907797,0,2500,2500,0
2879907797,60031,500,10,490
2879907797,120036,332,464,-132
2879907797,180055,2156,1773,383
2879907797,240072,3121,3256,-135
2879907797,300081,4808,3913,895
2879907797,360114,3046,1911,1135
2879907797,420151,1874,3224,-1350
2879907797,480168,1634,2322,-688
2879907797,540185,3098,2413,685
2879907797,600218,3016,2988,28
2879907797,660223,3664,3459,205
2879907797,720237,4296,2241,2055
2879907797,780265,3312,2567,745
2879907797,840283,2754,2250,504
2879907797,900290,6686,2393,4293
2879907797,960297,5247,2728,2519
2879907797,1020316,6531,4030,2501
2879907797,1080340,8866,3345,5521
2879907797,1140363,8985,4096,4889
2879907797,1200400,1031,6030,-4999
2879907797,1260430,4738,1369,3369
2879907797,1320454,7355,3345,4010
2879907797,1380480,1961,3051,-1090
2879907797,1440523,4001,2253,1748
2879907797,1500549,5304,2855,2449
2879907797,1560551,6133,2752,3381
2879907797,1620551,7060,3010,4050
2879921159,0,2500,2500,0
2879921159,60027,50,500,-450
2879921159,120036,509,926,-417
2879921159,180091,1823,1414,409
2879921159,240104,2821,2499,322
2879921159,300162,978,1917,-939
2879921159,360165,2815,793,2022
2879921159,420181,3346,2034,1312
2879921159,480186,3877,2320,1557
2879921159,540192,3684,2835,849
2879921159,600219,3369,2666,703
2879921159,660231,2240,2760,-520
2879921159,720256,3116,3960,-844
2879921159,780279,5002,1541,3461
2879921159,840285,2909,3835,-926
2879921159,900301,4334,4845,-511
2879921159,960307,3146,4382,-1236
2879921159,1020337,4350,3089,1261
2879921159,1080341,3268,3404,-136
2879921159,1140372,3467,3742,-275
2879921159,1200394,3431,5156,-1725
2879921159,1260399,1902,1543,359
2879921159,1320422,2873,2897,-24
2879921159,1380439,3427,3061,366
2879921159,1440470,3415,2178,1237
2879921159,1500488,3660,2970,690
2879921159,1560503,6645,3885,2760
2879921159,1620503,6650,-146,6796
2879936457,0,2500,2500,0
2879936457,60009,0,0,0
2879936457,120014,402,410,-8
2879936457,180016,2267,1612,655
2879936457,240034,2643,2292,351
2879936457,300046,2634,2102,532
2879936457,360061,2888,2800,88
2879936457,420093,1543,2373,-830
2879936457,480108,3303,1201,2102
2879936457,540135,2671,2691,-20
2879936457,600141,4182,2822,1360
2879936457,660158,3008,1962,1046
2879936457,720173,1886,3259,-1373
2879936457,780196,3491,3601,-110
2879936457,840227,4629,2710,1919
2879936457,900240,965,3736,-2771
2879936457,960265,2542,4694,-2152
2879936457,1020283,2235,4211,-1976
2879936457,1080298,3020,2942,78
2879936457,1140310,5713,2851,2862
2879936457,1200313,7925,2877,5048
2879936457,1260326,3249,2888,361
2879936457,1320349,2621,4535,-1914
2879936457,1380364,7197,4976,2221
2879936457,1440388,9451,3520,5931
2879936457,1500413,4739,3023,1716
2879936457,1560422,2848,2253,595
2879936457,1620422,5098,2681,2417
2880009538,0,2500,2500,0
2880009538,60031,0,500,-500
2880009538,120036,464,419,45
2880009538,180045,1991,1381,610
2880009538,240053,2115,1793,322
2880009538,300062,2180,1888,292
2880009538,360066,3132,1756,1376
2880009538,420069,1541,2063,-522
2880009538,480102,3263,3401,-138
2880009538,540117,4242,2873,1369
2880009538,600136,1356,2949,-1593
2880009538,660150,4145,1969,2176
2880009538,720155,2790,3039,-249
2880009538,780186,2185,3763,-1578
2880009538,840190,3891,2819,1072
2880009538,900201,3233,3895,-662
2880009538,960227,2065,4978,-2913
2880009538,1020240,3351,3098,253
2880009538,1080270,2572,4272,-1700
2880009538,1140291,2103,5115,-3012
2880009538,1200320,2249,4086,-1837
2880009538,1260336,4428,1614,2814
2880009538,1320340,3732,3201,531
2880009538,1380354,1670,2245,-575
2880009538,1440377,2291,2127,164
2880009538,1500399,5167,2095,3072
2880009538,1560420,3442,3639,-197
2880009538,1620420,8077,3557,4520
2880018378,0,2500,2500,0
2880018378,60004,0,0,0
2880018378,120012,331,475,-144
2880018378,180064,1511,1712,-201
2880018378,240091,2505,3177,-672
2880018378,300121,3044,2787,257
2880018378,360153,3237,1639,1598
2880018378,420164,2342,2201,141
2880018378,480174,3456,2003,1453
2880018378,540185,2167,1727,440
2880018378,600189,3442,1824,1618
2880018378,660220,5928,3059,2869
2880018378,720224,2345,3666,-1321
2880018378,780251,4231,2700,1531
2880018378,840278,6991,2627,4364
2880018378,900303,7431,2794,4637
2880018378,960322,3904,2974,930
2880018378,1020334,7097,1648,5449
2880018378,1080336,3904,3518,386
2880018378,1140358,5080,4535,545
2880018378,1200381,2490,2446,44
2880018378,1260391,3008,1606,1402
2880018378,1320416,5305,2820,2485
2880018378,1380429,4423,1649,2774
2880018378,1440440,3596,3964,-368
2880018378,1500455,3403,4104,-701
2880018378,1560456,4894,2216,2678
2880018378,1620456,7748,1145,6603
2880074731,0,2500,2500,0
2880074731,60001,0,0,0
2880074731,120031,440,417,23
2880074731,180054,1839,1644,195
2880074731,240087,2431,2251,180
2880074731,300108,969,1720,-751
2880074731,360138,2088,2677,-589
2880074731,420145,3763,3020,743
2880074731,480178,1601,1811,-210
2880074731,540187,2576,1076,1500
2880074731,600220,3246,2433,813
2880074731,660225,2930,2773,157
2880074731,720241,5584,2234,3350
2880074731,780242,4196,2825,1371
2880074731,840249,3509,1788,1721
2880074731,900270,4459,2892,1567
2880074731,960277,3584,3235,349
2880074731,1020286,5084,569,4515
2880074731,1080299,1520,2362,-842
2880074731,1140308,4207,2383,1824
2880074731,1200339,4235,2782,1453
2880074731,1260349,6978,3758,3220
2880074731,1320377,4009,3186,823
2880074731,1380380,4889,6757,-1868
2880074731,1440386,2412,2818,-406
2880074731,1500413,3829,2000,1829
2880074731,1560421,7250,1078,6172
2880074731,1620421,12167,1137,11030
2880123277,0,2500,2500,0
2880123277,60031,0,0,0
2880123277,120033,396,520,-124
2880123277,180063,1847,1367,480
2880123277,240074,3354,2181,1173
2880123277,300081,4170,3454,716
2880123277,360100,2156,2494,-338
2880123277,420105,4215,2343,1872
2880123277,480138,3877,2578,1299
2880123277,540159,4681,1245,3436
2880123277,600174,5365,1975,3390
2880123277,660188,3384,3837,-453
2880123277,720205,3752,2316,1436
2880123277,780240,6694,2662,4032
2880123277,840272,7090,4251,2839
2880123277,900279,6467,2683,3784
2880123277,960291,6551,2313,4238
2880123277,1020304,2942,4172,-1230
2880123277,1080322,5735,4812,923
2880123277,1140347,4885,2032,2853
2880123277,1200358,2393,3281,-888
2880123277,1260369,4138,3566,572
2880123277,1320393,1907,7981,-6074
2880123277,1380419,2901,4143,-1242
2880123277,1440445,3456,3355,101
2880123277,1500454,3364,2850,514
2880123277,1560477,3171,2637,534
2880123277,1620507,7905,2510,5395
2880177182,0,2500,2500,0
2880177182,60022,0,0,0
2880177182,120034,349,368,-19
2880177182,180088,1823,1873,-50
2880177182,240097,2309,3139,-830
2880177182,300124,2663,2272,391
2880177182,360157,1690,1764,-74
2880177182,420162,3256,2932,324
2880177182,480170,1843,5416,-3573
2880177182,540188,3171,2259,912
2880177182,600195,3418,3973,-555
2880177182,660225,2416,1187,1229
2880177182,720256,2042,4131,-2089
2880177182,780289,3069,3990,-921
2880177182,840301,4031,1821,2210
2880177182,900309,3023,3263,-240
2880177182,960312,2129,3380,-1251
2880177182,1020345,2612,3542,-930
2880177182,1080372,2357,4438,-2081
2880177182,1140376,5164,1819,3345
2880177182,1200377,3184,2889,295
2880177182,1260393,3122,4729,-1607
2880177182,1320403,3065,3384,-319
2880177182,1380424,2332,1195,1137
2880177182,1440452,6868,2804,4064
2880177182,1500458,1483,4745,-3262
2880177182,1560472,3376,3496,-120
2880177182,1620472,5950,496,5454
2880303952,0,2500,2500,0
2880303952,60025,0,0,0
2880303952,120031,473,384,89
2880303952,180047,1828,1566,262
2880303952,240071,3838,2401,1437
2880303952,300106,5725,1210,4515
2880303952,360124,3174,3144,30
2880303952,420130,1901,2107,-206
2880303952,480156,4570,2181,2389
2880303952,540172,3514,3123,391
2880303952,600193,947,2594,-1647
2880303952,660220,2401,3588,-1187
2880303952,720225,4048,2406,1642
2880303952,780254,2055,1964,91
2880303952,840256,2592,3435,-843
2880303952,900274,6006,2373,3633
2880303952,960289,8487,1756,6731
2880303952,1020290,3782,2329,1453
2880303952,1080297,6284,3136,3148
2880303952,1140322,2511,2193,318
2880303952,1200327,1981,3675,-1694
2880303952,1260344,5188,1985,3203
2880303952,1320344,4747,3665,1082
2880303952,1380364,2138,1892,246
2880303952,1440377,3261,2379,882
2880303952,1500397,7166,2879,4287
2880303952,1560421,8220,3028,5192
2880303952,1620421,4055,5471,-1416
2880371673,0,2500,2500,0
2880371673,60008,500,0,500
2880371673,120009,882,501,381
2880371673,180036,2382,1355,1027
2880371673,240043,2718,2430,288
2880371673,300045,3213,2460,753
2880371673,360077,2350,2459,-109
2880371673,420107,1538,3452,-1914
2880371673,480116,1553,4068,-2515
2880371673,540125,2751,3903,-1152
2880371673,600150,4041,4840,-799
2880371673,660160,4357,4399,-42
2880371673,720169,4595,2893,1702
2880371673,780205,4429,3711,718
2880371673,840232,5719,1756,3963
2880371673,900266,3230,3151,79
2880371673,960273,4526,2612,1914
2880371673,1020285,7361,2944,4417
2880371673,1080310,3151,1214,1937
2880371673,1140340,3539,1808,1731
2880371673,1200360,6767,1829,4938
2880371673,1260388,8136,1067,7069
2880371673,1320402,2558,2487,71
2880371673,1380413,4754,2343,2411
2880371673,1440422,6276,3626,2650
2880371673,1500435,7213,2698,4515
2880371673,1560452,4673,3027,1646
2880371673,1620476,7119,2438,4681
2880416811,0,2500,2500,0
2880416811,60026,0,500,-500
2880416811,120054,322,438,-116
2880416811,180082,1656,1949,-293
2880416811,240097,2734,3099,-365
2880416811,300098,2732,3635,-903
2880416811,360107,3189,1261,1928
2880416811,420148,3279,1692,1587
2880416811,480170,2992,2073,919
2880416811,540187,2647,2529,118
2880416811,600212,2471,4472,-2001
2880416811,660222,2219,4430,-2211
2880416811,720236,2106,4726,-2620
2880416811,780239,2201,4756,-2555
2880416811,840241,5387,3904,1483
2880416811,900261,4606,4726,-120
2880416811,960272,4898,3396,1502
2880416811,1020275,4520,5357,-837
2880416811,1080292,5738,2362,3376
2880416811,1140302,6158,3637,2521
2880416811,1200329,6144,5261,883
2880416811,1260333,3816,1666,2150
2880416811,1320352,3509,2549,960
2880416811,1380355,8495,1639,6856
2880416811,1440363,5017,4334,683
2880416811,1500375,1778,5811,-4033
2880416811,1560408,3709,4221,-512
2880416811,1620408,4584,4783,-199
2880641438,0,2500,2500,0
2880641438,60006,0,0,0
2880641438,120008,493,328,165
2880641438,180037,2255,1455,800
2880641438,240065,3653,3315,338
2880641438,300101,2997,2330,667
2880641438,360129,3061,2573,488
2880641438,420157,2176,3243,-1067
2880641438,480185,2489,3897,-1408
2880641438,540191,3246,2724,522
2880641438,600222,2628,3248,-620
2880641438,660228,3444,3334,110
2880641438,720260,4574,2963,1611
2880641438,780275,2191,2415,-224
2880641438,840278,2822,5266,-2444
2880641438,900288,3079,2492,587
2880641438,960295,4853,1848,3005
2880641438,1020325,6662,4922,1740
2880641438,1080332,5668,3662,2006
2880641438,1140364,3835,3207,628
2880641438,1200391,2094,2388,-294
2880641438,1260405,3606,2041,1565
2880641438,1320413,1276,2318,-1042
2880641438,1380427,3333,2474,859
2880641438,1440455,6784,4995,1789
2880641438,1500464,4625,1355,3270
2880641438,1560481,4101,2892,1209
2880641438,1620481,6358,3106,3252
2880893986,0,2500,2500,0
2880893986,60029,50,520,-470
2880893986,120031,444,911,-467
2880893986,180060,2017,1998,19
2880893986,240063,2207,2561,-354
2880893986,300065,3912,2413,1499
2880893986,360067,3444,2325,1119
2880893986,420075,2331,2368,-37
2880893986,480099,3030,3089,-59
2880893986,540115,4092,3446,646
2880893986,600125,3924,956,2968
2880893986,660130,3297,1855,1442
2880893986,720158,4374,2121,2253
2880893986,780202,2950,4968,-2018
2880893986,840224,2311,2226,85
2880893986,900251,1742,3778,-2036
2880893986,960251,5603,1995,3608
2880893986,1020276,1888,1360,528
2880893986,1080282,5354,1062,4292
2880893986,1140288,1848,3699,-1851
2880893986,1200291,2875,2426,449
2880893986,1260305,2788,2898,-110
2880893986,1320338,1901,3568,-1667
2880893986,1380344,5025,3453,1572
2880893986,1440361,5056,3780,1276
2880893986,1500375,6264,1548,4716
2880893986,1560385,1328,2227,-899
2880893986,1620385,4595,2565,2030
2880921310,0,7000,7000,0
2880921310,60021,1402,1840,-438
2880921310,120051,2354,3893,-1539
2880921310,180084,4060,5834,-1774
2880921310,240113,5226,6180,-954
2880921310,300143,4007,6176,-2169
2880921310,360173,7429,3324,4105
2880921310,420201,6730,3520,3210
2880921310,480231,7502,3992,3510
2880921310,540262,2935,7269,-4334
2880921310,600292,4074,9854,-5780
2880921310,660321,6278,3294,2984
2880921310,720351,5104,6387,-1283
2880921310,780356,3225,5274,-2049
2880921310,840373,5604,3834,1770
2880921310,900405,5747,1747,4000
2880921310,960408,5982,4485,1497
2880921310,1020437,8084,4702,3382
2880921310,1080452,5329,4083,1246
2880921310,1140477,5094,6040,-946
2880921310,1200478,6347,5461,886
2880921310,1260486,8876,6718,2158
2880921310,1320504,5869,2110,3759
2880921310,1380528,3741,3739,2
2880921310,1440556,5179,4645,534
2880921310,1500568,9297,5407,3890
2880921310,1560578,8803,7995,808
2880921310,1620578,8398,2516,5882
2881283872,0,2500,2500,0
2881283872,60026,0,0,0
2881283872,120029,420,366,54
2881283872,180042,1969,1761,208
2881283872,240045,1887,2439,-552
2881283872,300049,3400,1125,2275
2881283872,360065,1767,2856,-1089
2881283872,420070,2906,1694,1212
2881283872,480097,2587,3327,-740
2881283872,540101,3985,3750,235
2881283872,600121,3405,2242,1163
2881283872,660138,3760,2773,987
2881283872,720150,1674,3569,-1895
2881283872,780194,3172,2167,1005
2881283872,840208,2965,1853,1112
2881283872,900233,2059,4606,-2547
2881283872,960235,5438,1453,3985
2881283872,1020237,3640,3070,570
2881283872,1080268,1239,5181,-3942
2881283872,1140297,3376,3431,-55
2881283872,1200305,3925,5357,-1432
2881283872,1260328,7561,4594,2967
2881283872,1320348,3853,2590,1263
2881283872,1380377,5214,2062,3152
2881283872,1440414,5539,3146,2393
2881283872,1500431,2269,6998,-4729
2881283872,1560453,7831,2415,5416
2881283872,1620453,11890,3342,8548
2881302834,0,2500,2500,0
2881302834,60012,0,20,-20
2881302834,120025,400,379,21
2881302834,180028,1764,1818,-54
2881302834,240057,3173,2168,1005
2881302834,300095,2246,4119,-1873
2881302834,360097,2376,3716,-1340
2881302834,420115,3626,2656,970
2881302834,480141,2284,1890,394
2881302834,540168,4380,2395,1985
2881302834,600200,2967,3720,-753
2881302834,660217,2572,3633,-1061
2881302834,720247,1840,4482,-2642
2881302834,780260,1249,1902,-653
2881302834,840272,2725,1852,873
2881302834,900284,3453,3260,193
2881302834,960293,3779,2769,1010
2881302834,1020295,7338,2355,4983
2881302834,1080325,4072,2656,1416
2881302834,1140358,3179,2843,336
2881302834,1200361,4679,2079,2600
2881302834,1260363,2994,3622,-628
2881302834,1320364,3587,4380,-793
2881302834,1380368,4032,3396,636
2881302834,1440393,4472,2547,1925
2881302834,1500431,3154,1748,1406
2881302834,1560463,4720,1882,2838
2881302834,1620463,9886,1555,8331
2881393229,0,2500,2500,0
2881393229,60008,0,20,-20
2881393229,120016,386,410,-24
2881393229,180064,1546,1747,-201
2881393229,240072,2794,823,1971
2881393229,300096,2242,2467,-225
2881393229,360123,3405,2369,1036
2881393229,420153,3190,2634,556
2881393229,480156,2238,2099,139
2881393229,540177,3095,2407,688
2881393229,600179,3749,3422,327
2881393229,660183,3216,2814,402
2881393229,720191,5576,2293,3283
2881393229,780219,2808,3446,-638
2881393229,840246,2996,3358,-362
2881393229,900256,5016,1589,3427
2881393229,960283,4823,2411,2412
2881393229,1020286,6285,3454,2831
2881393229,1080290,3535,3767,-232
2881393229,1140294,6068,1065,5003
2881393229,1200305,7012,1736,5276
2881393229,1260324,4278,3557,721
2881393229,1320333,3957,5809,-1852
2881393229,1380339,2881,5704,-2823
2881393229,1440361,3936,5316,-1380
2881393229,1500378,4533,5861,-1328
2881393229,1560391,6743,2192,4551
2881393229,1620400,12074,1134,10940
2881433803,0,2500,2500,0
2881433803,60013,0,500,-500
2881433803,120016,416,264,152
2881433803,180045,2468,1551,917
2881433803,240053,3711,3342,369
2881433803,300056,1835,2943,-1108
2881433803,360059,1458,1817,-359
2881433803,420086,1984,2715,-731
2881433803,480108,3161,3554,-393
2881433803,540133,4100,3435,665
2881433803,600150,2196,2675,-479
2881433803,660180,3291,3877,-586
2881433803,720208,3253,1526,1727
2881433803,780239,3849,2899,950
2881433803,840244,2979,4336,-1357
2881433803,900253,3834,4703,-869
2881433803,960272,6780,2991,3789
2881433803,1020287,3645,3814,-169
2881433803,1080297,2183,3905,-1722
2881433803,1140328,3684,5629,-1945
2881433803,1200351,2606,7224,-4618
2881433803,1260372,5682,4401,1281
2881433803,1320392,6425,3438,2987
2881433803,1380401,4735,1668,3067
2881433803,1440411,3202,3062,140
2881433803,1500420,7586,4756,2830
2881433803,1560428,9305,3574,5731
2881433803,1620428,10296,3090,7206
2881544744,0,2500,2500,0
2881544744,60028,500,0,500
2881544744,120036,364,488,-124
2881544744,180081,1728,2004,-276
2881544744,240082,3448,1862,1586
2881544744,300109,3378,2632,746
2881544744,360135,2043,2378,-335
2881544744,420146,3588,3608,-20
2881544744,480161,4944,2740,2204
2881544744,540171,5871,1808,4063
2881544744,600175,4635,2528,2107
2881544744,660201,5134,3806,1328
2881544744,720224,4696,5922,-1226
2881544744,780245,1987,1809,178
2881544744,840250,3630,3173,457
2881544744,900270,4623,3460,1163
2881544744,960285,6064,2087,3977
2881544744,1020315,8112,3415,4697
2881544744,1080342,11670,1808,9862
2881544744,1140370,6608,1881,4727
2881544744,1200378,3240,2968,272
2881544744,1260409,3527,3188,339
2881544744,1320420,4527,3050,1477
2881544744,1380423,5162,4432,730
2881544744,1440454,7763,5439,2324
2881544744,1500474,4414,7687,-3273
2881544744,1560507,5215,8475,-3260
2881544744,1620507,9804,4878,4926
2881650401,0,2500,2500,0
2881650401,60032,0,150,-150
2881650401,120035,367,559,-192
2881650401,180039,2004,1538,466
2881650401,240041,3269,2802,467
2881650401,300072,2910,1152,1758
2881650401,360105,3173,1590,1583
2881650401,420114,3444,3240,204
2881650401,480126,1924,3335,-1411
2881650401,540160,4613,4573,40
2881650401,600184,2677,2036,641
2881650401,660189,4100,3559,541
2881650401,720195,3957,5534,-1577
2881650401,780213,3744,3254,490
2881650401,840214,5446,2709,2737
2881650401,900216,4099,4045,54
2881650401,960226,2665,5752,-3087
2881650401,1020239,3827,4992,-1165
2881650401,1080260,6383,4140,2243
2881650401,1140279,3231,2815,416
2881650401,1200294,1868,5589,-3721
2881650401,1260304,4720,2209,2511
2881650401,1320313,3110,3334,-224
2881650401,1380340,3134,4735,-1601
2881650401,1440350,4958,1419,3539
2881650401,1500365,2907,2814,93
2881650401,1560397,7873,1617,6256
2881650401,1620397,8177,1402,6775
2881881819,0,2500,2500,0
2881881819,60009,0,0,0
2881881819,120013,388,475,-87
2881881819,180058,1702,1970,-268
2881881819,240087,3821,1947,1874
2881881819,300105,3607,3181,426
2881881819,360106,2874,2204,670
2881881819,420107,1545,2354,-809
2881881819,480123,2985,2543,442
2881881819,540145,4236,2791,1445
2881881819,600146,3301,2442,859
2881881819,660152,2035,1538,497
2881881819,720164,2864,3395,-531
2881881819,780182,4624,2986,1638
2881881819,840188,5876,3288,2588
2881881819,900188,5498,1913,3585
2881881819,960196,8109,2161,5948
2881881819,1020225,5079,4402,677
2881881819,1080252,2123,2511,-388
2881881819,1140254,6525,831,5694
2881881819,1200262,4623,1998,2625
2881881819,1260273,4498,3465,1033
2881881819,1320292,7653,2986,4667
2881881819,1380318,5334,2562,2772
2881881819,1440350,2115,3090,-975
2881881819,1500362,5354,3639,1715
2881881819,1560365,7274,2829,4445
2881881819,1620365,8440,2889,5551
2881910852,0,2500,2500,0
2881910852,60012,0,0,0
2881910852,120019,759,443,316
2881910852,180020,1404,1891,-487
2881910852,240058,2731,2511,220
2881910852,300075,3617,2469,1148
2881910852,360090,3225,2964,261
2881910852,420119,2303,1973,330
2881910852,480120,4185,2744,1441
2881910852,540144,2440,1878,562
2881910852,600169,4112,1994,2118
2881910852,660180,5930,2339,3591
2881910852,720187,2758,4306,-1548
2881910852,780198,1641,2177,-536
2881910852,840214,2288,2040,248
2881910852,900217,5657,1732,3925
2881910852,960229,6538,2740,3798
2881910852,1020239,4122,2919,1203
2881910852,1080267,4734,2946,1788
2881910852,1140292,4765,4262,503
2881910852,1200319,4360,1013,3347
2881910852,1260334,5019,3494,1525
2881910852,1320342,2498,3164,-666
2881910852,1380367,4303,1328,2975
2881910852,1440389,6054,2939,3115
2881910852,1500404,4197,2371,1826
2881910852,1560430,8650,2531,6119
2881910852,1620430,9789,504,9285
2882004418,0,2500,2500,0
2882004418,60011,0,500,-500
2882004418,120014,348,355,-7
2882004418,180018,2400,1361,1039
2882004418,240028,3162,1707,1455
2882004418,300045,4452,2548,1904
2882004418,360058,2778,3299,-521
2882004418,420083,1014,3893,-2879
2882004418,480096,2157,2373,-216
2882004418,540128,2793,2509,284
2882004418,600152,2191,579,1612
2882004418,660166,2388,3033,-645
2882004418,720188,2512,3608,-1096
2882004418,780193,3276,4278,-1002
2882004418,840199,5349,6070,-721
2882004418,900224,3750,4802,-1052
2882004418,960241,2347,2632,-285
2882004418,1020266,5777,2990,2787
2882004418,1080295,5837,3531,2306
2882004418,1140317,5524,4533,991
2882004418,1200334,2944,1974,970
2882004418,1260366,7793,2049,5744
2882004418,1320387,5912,6126,-214
2882004418,1380405,1582,5832,-4250
2882004418,1440429,3602,6757,-3155
2882004418,1500442,4384,5267,-883
2882004418,1560452,5939,5464,475
2882004418,1620452,7973,5133,2840
2882020516,0,2500,2500,0
2882020516,60010,0,0,0
2882020516,120018,331,488,-157
2882020516,180038,1589,1700,-111
2882020516,240039,2570,2343,227
2882020516,300055,3192,2505,687
2882020516,360062,5118,2675,2443
2882020516,420076,3648,2108,1540
2882020516,480093,3034,2379,655
2882020516,540142,3297,3180,117
2882020516,600146,3374,2362,1012
2882020516,660176,1932,3584,-1652
2882020516,720181,3465,2514,951
2882020516,780210,4144,3881,263
2882020516,840230,1677,6051,-4374
2882020516,900237,4742,5158,-416
2882020516,960238,4865,1957,2908
2882020516,1020247,4504,2620,1884
2882020516,1080266,7159,3603,3556
2882020516,1140291,2189,2576,-387
2882020516,1200304,4612,2467,2145
2882020516,1260316,7935,2996,4939
2882020516,1320343,2656,3141,-485
2882020516,1380352,5324,2709,2615
2882020516,1440374,2581,2239,342
2882020516,1500377,3723,2535,1188
2882020516,1560378,7992,4001,3991
2882020516,1620378,8032,-954,8986
2882027809,0,2500,2500,0
2882027809,60005,0,0,0
2882027809,120035,357,461,-104
2882027809,180035,2114,1766,348
2882027809,240036,2078,3494,-1416
2882027809,300064,842,2744,-1902
2882027809,360080,1966,1767,199
2882027809,420112,1776,2623,-847
2882027809,480130,3198,3508,-310
2882027809,540144,3660,3042,618
2882027809,600175,2473,3214,-741
2882027809,660178,3567,2444,1123
2882027809,720203,4926,4502,424
2882027809,780225,2655,3392,-737
2882027809,840227,2140,3116,-976
2882027809,900261,4523,1989,2534
2882027809,960287,2895,3514,-619
2882027809,1020290,6705,3377,3328
2882027809,1080305,1690,3532,-1842
2882027809,1140328,3304,1273,2031
2882027809,1200356,5396,2329,3067
2882027809,1260385,2219,2883,-664
2882027809,1320393,3937,2418,1519
2882027809,1380412,1628,5137,-3509
2882027809,1440417,6292,1528,4764
2882027809,1500440,3297,2986,311
2882027809,1560450,5161,1728,3433
2882027809,1620450,7573,3685,3888
2882042483,0,2500,2500,0
2882042483,60008,0,500,-500
2882042483,120010,466,550,-84
2882042483,180022,1987,1821,166
2882042483,240036,3582,3148,434
2882042483,300066,3540,3299,241
2882042483,360072,3905,1315,2590
2882042483,420094,2012,2535,-523
2882042483,480127,1713,1418,295
2882042483,540162,3280,2634,646
2882042483,600184,2466,2773,-307
2882042483,660194,2504,5547,-3043
2882042483,720217,2720,2567,153
2882042483,780230,3592,2166,1426
2882042483,840239,4187,2496,1691
2882042483,900263,3762,1859,1903
2882042483,960273,3089,2797,292
2882042483,1020294,3914,3946,-32
2882042483,1080324,5742,1189,4553
2882042483,1140337,4020,2630,1390
2882042483,1200364,4657,3768,889
2882042483,1260374,2498,1675,823
2882042483,1320382,5800,2649,3151
2882042483,1380416,3936,1778,2158
2882042483,1440417,7212,2298,4914
2882042483,1500437,2153,2203,-50
2882042483,1560453,2610,2818,-208
2882042483,1620453,4476,3718,758
2882078496,0,2500,2500,0
2882078496,60022,0,500,-500
2882078496,120023,403,316,87
2882078496,180051,1757,3025,-1268
2882078496,240066,1887,3137,-1250
2882078496,300069,3468,4020,-552
2882078496,360093,5480,3309,2171
2882078496,420112,3834,2768,1066
2882078496,480124,997,2013,-1016
2882078496,540147,2793,3682,-889
2882078496,600173,1400,1742,-342
2882078496,660200,3035,4132,-1097
2882078496,720206,3348,2974,374
2882078496,780232,1712,3887,-2175
2882078496,840255,5288,2418,2870
2882078496,900282,2036,2010,26
2882078496,960300,5490,2964,2526
2882078496,1020306,6270,4112,2158
2882078496,1080325,5270,2758,2512
2882078496,1140329,7315,5181,2134
2882078496,1200359,4742,2196,2546
2882078496,1260374,3217,3045,172
2882078496,1320383,6828,2450,4378
2882078496,1380392,2410,3407,-997
2882078496,1440404,4969,3919,1050
2882078496,1500404,3798,3454,344
2882078496,1560408,5611,3169,2442
2882078496,1620439,3147,2759,388
2882172464,0,2500,2500,0
2882172464,60003,0,0,0
2882172464,120008,379,428,-49
2882172464,180059,1533,2503,-970
2882172464,240090,2856,823,2033
2882172464,300105,2128,2478,-350
2882172464,360112,3523,2152,1371
2882172464,420138,1810,2473,-663
2882172464,480162,3263,2281,982
2882172464,540186,3574,3327,247
2882172464,600192,4742,3508,1234
2882172464,660193,5495,2771,2724
2882172464,720220,6943,1993,4950
2882172464,780221,2565,4124,-1559
2882172464,840226,2908,1883,1025
2882172464,900243,4135,1820,2315
2882172464,960272,6053,3313,2740
2882172464,1020305,4750,1751,2999
2882172464,1080336,3339,2534,805
2882172464,1140340,6417,3220,3197
2882172464,1200346,7209,5047,2162
2882172464,1260365,4455,3559,896
2882172464,1320372,5759,4377,1382
2882172464,1380406,10581,3128,7453
2882172464,1440435,8519,4078,4441
2882172464,1500468,1809,2441,-632
2882172464,1560477,4936,1443,3493
2882172464,1620477,-263,1805,-2068
2882199456,0,2500,2500,0
2882199456,60002,0,500,-500
2882199456,120035,520,839,-319
2882199456,180076,1767,2242,-475
2882199456,240109,3198,3408,-210
2882199456,300118,4527,3131,1396
2882199456,360119,5951,3303,2648
2882199456,420125,5363,2904,2459
2882199456,480133,4938,2718,2220
2882199456,540150,5705,1099,4606
2882199456,600152,2345,1797,548
2882199456,660171,2509,1518,991
2882199456,720195,4028,2491,1537
2882199456,780219,5165,1930,3235
2882199456,840250,5179,2396,2783
2882199456,900263,6703,2150,4553
2882199456,960272,1275,2510,-1235
2882199456,1020285,3072,1955,1117
2882199456,1080292,4872,2908,1964
2882199456,1140310,6423,3788,2635
2882199456,1200337,5715,2572,3143
2882199456,1260360,4629,3369,1260
2882199456,1320391,6387,1665,4722
2882199456,1380423,5850,2951,2899
2882199456,1440445,3576,2869,707
2882199456,1500476,2971,2697,274
2882199456,1560503,6795,3113,3682
2882199456,1620503,8184,2527,5657
2882454217,0,2500,2500,0
2882454217,60015,0,0,0
2882454217,120021,412,368,44
2882454217,180038,2062,1314,748
2882454217,240045,3095,3370,-275
2882454217,300055,2269,3642,-1373
2882454217,360088,3531,2344,1187
2882454217,420107,4159,2911,1248
2882454217,480110,6266,4419,1847
2882454217,540127,2665,1798,867
2882454217,600142,2949,1393,1556
2882454217,660163,3331,2473,858
2882454217,720164,3160,2047,1113
2882454217,780167,3149,4061,-912
2882454217,840194,3374,4300,-926
2882454217,900200,2934,4786,-1852
2882454217,960231,2083,5647,-3564
2882454217,1020278,4646,2596,2050
2882454217,1080297,5012,3693,1319
2882454217,1140327,6467,2841,3626
2882454217,1200346,3379,3348,31
2882454217,1260361,3713,2302,1411
2882454217,1320384,5949,4230,1719
2882454217,1380395,3264,3470,-206
2882454217,1440417,3570,6376,-2806
2882454217,1500435,4444,3075,1369
2882454217,1560445,7605,4949,2656
2882454217,1620445,8936,3710,5226
2882600556,0,2500,2500,0
2882600556,60007,0,0,0
2882600556,120012,341,411,-70
2882600556,180060,1515,2244,-729
2882600556,240074,2336,3482,-1146
2882600556,300090,1118,2370,-1252
2882600556,360106,2502,2726,-224
2882600556,420131,2124,2489,-365
2882600556,480152,3508,4335,-827
2882600556,540171,3998,4437,-439
2882600556,600183,4070,3815,255
2882600556,660216,3220,3247,-27
2882600556,720219,2171,4354,-2183
2882600556,780238,1941,2747,-806
2882600556,840251,2897,4103,-1206
2882600556,900281,4738,4504,234
2882600556,960305,1795,4990,-3195
2882600556,1020316,3145,5545,-2400
2882600556,1080316,2529,4042,-1513
2882600556,1140327,4156,3556,600
2882600556,1200329,6513,3746,2767
2882600556,1260349,5085,3932,1153
2882600556,1320354,3207,4930,-1723
2882600556,1380372,4850,5745,-895
2882600556,1440378,2622,3036,-414
2882600556,1500402,5440,3327,2113
2882600556,1560444,2203,2172,31
2882600556,1620461,8344,3175,5169
2882696383,0,2500,2500,0
2882696383,60017,0,0,0
2882696383,120031,429,334,95
2882696383,180051,2408,1444,964
2882696383,240072,2138,2783,-645
2882696383,300091,2164,1715,449
2882696383,360116,1998,3322,-1324
2882696383,420138,2360,3496,-1136
2882696383,480158,3839,2197,1642
2882696383,540163,6748,1907,4841
2882696383,600195,1060,2669,-1609
2882696383,660213,2894,2431,463
2882696383,720244,3174,4576,-1402
2882696383,780278,3356,4567,-1211
2882696383,840296,3959,4489,-530
2882696383,900306,3632,4090,-458
2882696383,960329,3325,1418,1907
2882696383,1020381,4773,2389,2384
2882696383,1080382,4855,4949,-94
2882696383,1140410,5050,4271,779
2882696383,1200434,2931,3487,-556
2882696383,1260436,5318,4337,981
2882696383,1320466,3275,2112,1163
2882696383,1380471,4091,3598,493
2882696383,1440492,6021,2677,3344
2882696383,1500517,2337,4130,-1793
2882696383,1560548,6760,1765,4995
2882696383,1620548,7451,1596,5855
2882799401,0,2500,2500,0
2882799401,60020,0,500,-500
2882799401,120063,402,511,-109
2882799401,180093,1563,1823,-260
2882799401,240115,2950,3264,-314
2882799401,300144,3585,3373,212
2882799401,360157,1000,1243,-243
2882799401,420187,3510,1915,1595
2882799401,480198,812,1503,-691
2882799401,540223,2329,2357,-28
2882799401,600239,4138,2416,1722
2882799401,660246,2791,2641,150
2882799401,720255,4776,2426,2350
2882799401,780277,5777,1813,3964
2882799401,840280,5730,3118,2612
2882799401,900296,6446,2810,3636
2882799401,960326,3015,5639,-2624
2882799401,1020350,3025,4755,-1730
2882799401,1080379,6619,2602,4017
2882799401,1140412,3574,2972,602
2882799401,1200433,3383,5020,-1637
2882799401,1260445,5008,2427,2581
2882799401,1320463,2129,5201,-3072
2882799401,1380468,3573,4168,-595
2882799401,1440479,4391,2943,1448
2882799401,1500488,2614,3598,-984
2882799401,1560515,6004,3747,2257
2882799401,1620515,6413,3915,2498
2882879122,0,2500,2500,0
2882879122,60028,0,0,0
2882879122,120053,407,385,22
2882879122,180073,1763,1634,129
2882879122,240075,3524,2847,677
2882879122,300093,2547,1956,591
2882879122,360115,2593,1440,1153
2882879122,420148,2993,2724,269
2882879122,480150,2618,2430,188
2882879122,540172,3031,3237,-206
2882879122,600201,862,3269,-2407
2882879122,660220,1721,3419,-1698
2882879122,720252,3009,3461,-452
2882879122,780274,3663,3689,-26
2882879122,840291,2370,3587,-1217
2882879122,900314,2985,2543,442
2882879122,960322,2650,3120,-470
2882879122,1020333,2091,1809,282
2882879122,1080348,3596,2322,1274
2882879122,1140366,2988,3019,-31
2882879122,1200389,5546,1297,4249
2882879122,1260419,4322,2268,2054
2882879122,1320422,5510,3217,2293
2882879122,1380452,1728,2182,-454
2882879122,1440452,3785,2731,1054
2882879122,1500470,6217,2728,3489
2882879122,1560496,1097,3670,-2573
2882879122,1620506,5707,2903,2804
2882997297,0,2500,2500,0
2882997297,60003,0,0,0
2882997297,120008,411,373,38
2882997297,180013,2168,1573,595
2882997297,240043,3144,2318,826
2882997297,300076,3458,2279,1179
2882997297,360093,2632,3087,-455
2882997297,420103,4327,2365,1962
2882997297,480135,1172,1719,-547
2882997297,540158,1962,2160,-198
2882997297,600167,2688,1106,1582
2882997297,660193,2676,2576,100
2882997297,720217,3069,2216,853
2882997297,780228,3789,1624,2165
2882997297,840254,2440,4161,-1721
2882997297,900274,5004,1346,3658
2882997297,960286,7939,2626,5313
2882997297,1020291,3313,2621,692
2882997297,1080317,4763,4349,414
2882997297,1140317,4310,1279,3031
2882997297,1200339,4694,2081,2613
2882997297,1260343,7602,2066,5536
2882997297,1320375,3794,2216,1578
2882997297,1380391,3555,3308,247
2882997297,1440396,4125,2027,2098
2882997297,1500428,5489,1561,3928
2882997297,1560452,4214,2420,1794
2882997297,1620452,7101,2002,5099
2883080155,0,2500,2500,0
2883080155,60013,500,500,0
2883080155,120044,432,414,18
2883080155,180057,1840,1753,87
2883080155,240065,3153,2552,601
2883080155,300069,3779,2237,1542
2883080155,360083,1313,1098,215
2883080155,420100,1690,1555,135
2883080155,480106,2697,3388,-691
2883080155,540122,4658,839,3819
2883080155,600129,1998,1687,311
2883080155,660149,1943,4344,-2401
2883080155,720156,1493,2212,-719
2883080155,780189,4045,3373,672
2883080155,840211,3135,2746,389
2883080155,900227,4628,2109,2519
2883080155,960253,1261,2016,-755
2883080155,1020279,4045,2911,1134
2883080155,1080309,4647,1957,2690
2883080155,1140328,5907,1587,4320
2883080155,1200356,2349,2699,-350
2883080155,1260384,4472,3518,954
2883080155,1320410,3225,1963,1262
2883080155,1380440,3513,3247,266
2883080155,1440452,6260,4755,1505
2883080155,1500458,5765,2634,3131
2883080155,1560489,4251,3667,584
2883080155,1620489,6530,-1320,7850
2883103548,0,2500,2500,0
2883103548,60012,0,0,0
2883103548,120041,391,468,-77
2883103548,180073,1811,1707,104
2883103548,240104,3428,3056,372
2883103548,300108,2804,3485,-681
2883103548,360116,3912,2624,1288
2883103548,420142,2216,2907,-691
2883103548,480171,2851,2846,5
2883103548,540177,3512,4280,-768
2883103548,600205,3304,3042,262
2883103548,660226,1747,2708,-961
2883103548,720233,2651,2045,606
2883103548,780239,2487,3826,-1339
2883103548,840242,3066,5593,-2527
2883103548,900248,2833,1595,1238
2883103548,960255,1171,3141,-1970
2883103548,1020277,2872,1522,1350
2883103548,1080290,3240,1739,1501
2883103548,1140296,1192,3055,-1863
2883103548,1200302,3936,2780,1156
2883103548,1260303,7353,2320,5033
2883103548,1320307,4924,2952,1972
2883103548,1380323,8620,1606,7014
2883103548,1440351,3839,4559,-720
2883103548,1500360,1995,3946,-1951
2883103548,1560373,2635,4256,-1621
2883103548,1620373,5027,1961,3066
2883110126,0,2500,2500,0
2883110126,60005,0,0,0
2883110126,120009,464,482,-18
2883110126,180057,1877,1799,78
2883110126,240069,3171,2655,516
2883110126,300075,3054,3243,-189
2883110126,360108,4503,4453,50
2883110126,420128,3549,2881,668
2883110126,480139,1598,3423,-1825
2883110126,540165,2606,3607,-1001
2883110126,600188,4183,5145,-962
2883110126,660213,4167,6822,-2655
2883110126,720233,2811,1644,1167
2883110126,780260,6546,1416,5130
2883110126,840262,1140,2670,-1530
2883110126,900284,4149,2179,1970
2883110126,960290,2973,3237,-264
2883110126,1020307,5977,4995,982
2883110126,1080320,2944,2260,684
2883110126,1140346,5533,3055,2478
2883110126,1200347,6136,1221,4915
2883110126,1260359,5241,3533,1708
2883110126,1320361,6553,2065,4488
2883110126,1380394,4248,2865,1383
2883110126,1440419,7382,1137,6245
2883110126,1500419,3214,2507,707
2883110126,1560448,4785,1886,2899
2883110126,1620449,7204,1333,5871
2883243899,0,2500,2500,0
2883243899,60032,0,10,-10
2883243899,120038,419,267,152
2883243899,180067,2215,1406,809
2883243899,240073,3365,2276,1089
2883243899,300102,3777,2322,1455
2883243899,360131,2530,3144,-614
2883243899,420135,2676,2474,202
2883243899,480164,2319,1730,589
2883243899,540194,4054,2107,1947
2883243899,600195,1926,4581,-2655
2883243899,660198,5140,2813,2327
2883243899,720209,4222,1719,2503
2883243899,780216,4856,3263,1593
2883243899,840228,5216,3863,1353
2883243899,900232,5728,5191,537
2883243899,960233,8281,2064,6217
2883243899,1020252,2335,2442,-107
2883243899,1080254,3113,3647,-534
2883243899,1140266,3877,3572,305
2883243899,1200275,2093,2570,-477
2883243899,1260276,5863,4429,1434
2883243899,1320303,2358,2870,-512
2883243899,1380322,4278,1518,2760
2883243899,1440338,6347,2951,3396
2883243899,1500361,4633,3354,1279
2883243899,1560389,6959,3960,2999
2883243899,1620389,9279,4129,5150
2883244465,0,2500,2500,0
2883244465,60030,0,0,0
2883244465,120038,495,500,-5
2883244465,180047,1901,1973,-72
2883244465,240076,2787,3761,-974
2883244465,300095,2808,2802,6
2883244465,360113,1860,2309,-449
2883244465,420131,2160,3048,-888
2883244465,480160,4763,1056,3707
2883244465,540185,858,2320,-1462
2883244465,600205,3397,2046,1351
2883244465,660220,2752,3327,-575
2883244465,720238,3878,4368,-490
2883244465,780261,2566,2071,495
2883244465,840291,4580,4353,227
2883244465,900315,4850,1903,2947
2883244465,960333,1901,3804,-1903
2883244465,1020347,2166,1106,1060
2883244465,1080367,5135,2849,2286
2883244465,1140393,3574,3273,301
2883244465,1200426,3834,756,3078
2883244465,1260435,2322,3786,-1464
2883244465,1320442,2496,3093,-597
2883244465,1380445,3280,5776,-2496
2883244465,1440463,4674,2484,2190
2883244465,1500468,6646,2512,4134
2883244465,1560477,2314,2563,-249
2883244465,1620490,6170,4583,1587
2883286596,0,2500,2500,0
2883286596,60005,0,0,0
2883286596,120011,498,443,55
2883286596,180018,2702,1402,1300
2883286596,240050,4084,2494,1590
2883286596,300077,4336,1971,2365
2883286596,360099,2684,1250,1434
2883286596,420120,4280,2702,1578
2883286596,480138,2803,3053,-250
2883286596,540148,3173,4597,-1424
2883286596,600154,2233,5597,-3364
2883286596,660164,5477,2968,2509
2883286596,720165,9100,3519,5581
2883286596,780173,4196,2476,1720
2883286596,840209,3854,1634,2220
2883286596,900210,5275,2667,2608
2883286596,960235,2788,3478,-690
2883286596,1020236,3272,2256,1016
2883286596,1080240,2570,3728,-1158
2883286596,1140266,5594,1824,3770
2883286596,1200293,3878,4503,-625
2883286596,1260320,4246,1978,2268
2883286596,1320339,3879,1359,2520
2883286596,1380371,7892,2507,5385
2883286596,1440404,4103,3361,742
2883286596,1500413,1948,3371,-1423
2883286596,1560422,4150,4182,-32
2883286596,1620422,5419,2960,2459
2883324550,0,2500,2500,0
2883324550,60005,0,0,0
2883324550,120009,470,428,42
2883324550,180025,1745,1467,278
2883324550,240033,3174,2436,738
2883324550,300055,2703,2891,-188
2883324550,360057,3921,4670,-749
2883324550,420058,959,2272,-1313
2883324550,480060,2184,4500,-2316
2883324550,540063,2843,2015,828
2883324550,600095,1991,2077,-86
2883324550,660107,4521,1953,2568
2883324550,720127,4443,2303,2140
2883324550,780140,3829,5573,-1744
2883324550,840159,5045,7032,-1987
2883324550,900188,3886,4837,-951
2883324550,960204,2168,2150,18
2883324550,1020211,3928,4126,-198
2883324550,1080225,4549,4008,541
2883324550,1140234,8200,2441,5759
2883324550,1200247,2929,3763,-834
2883324550,1260248,3517,3571,-54
2883324550,1320276,4642,4445,197
2883324550,1380286,2211,5007,-2796
2883324550,1440308,5744,2959,2785
2883324550,1500322,5453,5111,342
2883324550,1560341,10395,4461,5934
2883324550,1620341,10801,4109,6692
2883525237,0,2500,2500,0
2883525237,60010,0,0,0
2883525237,120016,424,374,50
2883525237,180025,1793,1750,43
2883525237,240051,2432,2206,226
2883525237,300093,602,2064,-1462
2883525237,360096,1853,4233,-2380
2883525237,420104,2937,2104,833
2883525237,480111,2074,3464,-1390
2883525237,540132,1955,2857,-902
2883525237,600156,3999,2237,1762
2883525237,660159,2106,4015,-1909
2883525237,720186,2795,2615,180
2883525237,780206,1616,4918,-3302
2883525237,840233,3062,3622,-560
2883525237,900265,3944,4383,-439
2883525237,960285,2349,4526,-2177
2883525237,1020293,2309,5661,-3352
2883525237,1080300,2788,3813,-1025
2883525237,1140322,1760,2469,-709
2883525237,1200328,3561,3981,-420
2883525237,1260342,3639,1502,2137
2883525237,1320356,4095,3663,432
2883525237,1380387,2711,5246,-2535
2883525237,1440401,3812,2435,1377
2883525237,1500423,904,1555,-651
2883525237,1560456,3879,3369,510
2883525237,1620456,6693,2359,4334
2883624277,0,7000,7000,0
2883624277,60026,1812,253,1559
2883624277,120028,2194,3089,-895
2883624277,180056,5904,603,5301
2883624277,240085,2673,3214,-541
2883624277,300089,5386,3159,2227
2883624277,360090,6028,4749,1279
2883624277,420119,5437,1088,4349
2883624277,480148,2613,4547,-1934
2883624277,540152,5003,3866,1137
2883624277,600184,2374,3341,-967
2883624277,660213,2989,5632,-2643
2883624277,720243,2649,5848,-3199
2883624277,780244,2501,2045,456
2883624277,840246,3729,2199,1530
2883624277,900275,5931,3932,1999
2883624277,960308,5606,4460,1146
2883624277,1020314,2891,5040,-2149
2883624277,1080318,5048,5157,-109
2883624277,1140329,2324,4975,-2651
2883624277,1200361,4836,3130,1706
2883624277,1260377,4870,3637,1233
2883624277,1320378,7650,3710,3940
2883624277,1380401,7451,4833,2618
2883624277,1440414,5617,6718,-1101
2883624277,1500429,8109,7203,906
2883624277,1560460,7559,5973,1586
2883624277,1620460,6888,6669,219
2883853705,0,2500,2500,0
2883853705,60006,500,0,500
2883853705,120008,575,369,206
2883853705,180061,1622,1763,-141
2883853705,240062,3344,1526,1818
2883853705,300067,517,2804,-2287
2883853705,360083,1767,2264,-497
2883853705,420089,3210,1776,1434
2883853705,480107,1854,3461,-1607
2883853705,540122,2775,4097,-1322
2883853705,600141,3720,3620,100
2883853705,660161,3941,2672,1269
2883853705,720174,1583,2755,-1172
2883853705,780204,3471,3644,-173
2883853705,840210,1386,2991,-1605
2883853705,900236,4286,2016,2270
2883853705,960255,1395,3184,-1789
2883853705,1020277,3547,1984,1563
2883853705,1080308,7303,2463,4840
2883853705,1140312,953,1611,-658
2883853705,1200327,3036,3196,-160
2883853705,1260344,2650,2678,-28
2883853705,1320348,3653,4026,-373
2883853705,1380372,4603,1318,3285
2883853705,1440377,5984,2186,3798
2883853705,1500385,3049,3329,-280
2883853705,1560400,7963,3972,3991
2883853705,1620400,8538,2235,6303
2883971639,0,2500,2500,0
2883971639,60031,0,0,0
2883971639,120035,447,403,44
2883971639,180041,1768,1945,-177
2883971639,240053,2983,3086,-103
2883971639,300064,3773,3748,25
2883971639,360082,2092,2100,-8
2883971639,420087,1761,2064,-303
2883971639,480113,2097,4286,-2189
2883971639,540143,2144,3226,-1082
2883971639,600164,751,2260,-1509
2883971639,660196,2529,2666,-137
2883971639,720219,2490,5135,-2645
2883971639,780223,2120,2692,-572
2883971639,840245,845,5995,-5150
2883971639,900252,2813,5156,-2343
2883971639,960282,1930,3430,-1500
2883971639,1020283,3665,2810,855
2883971639,1080305,5528,2105,3423
2883971639,1140326,3741,3262,479
2883971639,1200355,4229,3119,1110
2883971639,1260375,4647,4983,-336
2883971639,1320376,3441,3513,-72
2883971639,1380398,3821,4161,-340
2883971639,1440422,9654,2602,7052
2883971639,1500454,4048,2619,1429
2883971639,1560471,6628,5496,1132
2883971639,1620471,3568,1594,1974
2884916791,0,2500,2500,0
2884916791,60025,0,0,0
2884916791,120038,479,516,-37
2884916791,180067,1658,1559,99
2884916791,240067,2691,2690,1
2884916791,300100,3618,3468,150
2884916791,360105,950,2428,-1478
2884916791,420124,1916,1400,516
2884916791,480128,3274,2406,868
2884916791,540151,1975,3091,-1116
2884916791,600165,4466,1297,3169
2884916791,660196,3363,3012,351
2884916791,720207,2100,3516,-1416
2884916791,780222,3744,4594,-850
2884916791,840250,4692,4456,236
2884916791,900259,6963,4395,2568
2884916791,960268,4362,5176,-814
2884916791,1020285,2950,2134,816
2884916791,1080315,4595,1923,2672
2884916791,1140333,4205,2770,1435
2884916791,1200354,3211,1613,1598
2884916791,1260378,3103,3841,-738
2884916791,1320402,4266,3518,748
2884916791,1380410,3178,1536,1642
2884916791,1440422,4582,3274,1308
2884916791,1500424,1739,3798,-2059
2884916791,1560445,5012,2806,2206
2884916791,1620445,5131,2192,2939
2884975916,0,7000,7000,0
2884975916,60028,715,1110,-395
2884975916,120058,2910,1573,1337
2884975916,180062,3398,4509,-1111
2884975916,240093,2180,2183,-3
2884975916,300124,2885,4926,-2041
2884975916,360153,5435,5942,-507
2884975916,420182,1874,6061,-4187
2884975916,480213,2969,5543,-2574
2884975916,540225,3766,4002,-236
2884975916,600255,1599,5225,-3626
2884975916,660284,2641,3179,-538
2884975916,720285,1901,4208,-2307
2884975916,780287,2323,5662,-3339
2884975916,840316,2656,10142,-7486
2884975916,900346,7736,3713,4023
2884975916,960378,5787,5774,13
2884975916,1020408,2910,2921,-11
2884975916,1080438,4207,5632,-1425
2884975916,1140468,4966,6349,-1383
2884975916,1200487,3416,8452,-5036
2884975916,1260498,3923,7491,-3568
2884975916,1320498,2589,4850,-2261
2884975916,1380505,4106,5743,-1637
2884975916,1440518,6316,8520,-2204
2884975916,1500550,8330,6307,2023
2884975916,1560582,5539,7139,-1600
2884975916,1620584,9445,4804,4641
2885099161,0,2500,2500,0
2885099161,60026,0,10,-10
2885099161,120034,455,399,56
2885099161,180037,2602,2029,573
2885099161,240070,2557,2247,310
2885099161,300076,4740,2266,2474
2885099161,360076,3608,3640,-32
2885099161,420112,4339,4739,-400
2885099161,480120,5729,3915,1814
2885099161,540145,2099,1582,517
2885099161,600151,3238,3131,107
2885099161,660168,5012,3005,2007
2885099161,720178,2956,2680,276
2885099161,780209,4136,3154,982
2885099161,840222,6753,1923,4830
2885099161,900251,3372,2445,927
2885099161,960259,1916,6622,-4706
2885099161,1020271,3434,5114,-1680
2885099161,1080279,2190,1088,1102
2885099161,1140308,4054,2761,1293
2885099161,1200330,3229,1883,1346
2885099161,1260362,2978,2172,806
2885099161,1320384,2760,4084,-1324
2885099161,1380399,3499,4234,-735
2885099161,1440419,9663,2320,7343
2885099161,1500426,1824,3705,-1881
2885099161,1560428,4132,2646,1486
2885099161,1620428,5511,902,4609
2885101629,0,2500,2500,0
2885101629,60014,25,0,25
2885101629,120022,564,342,222
2885101629,180073,2535,1654,881
2885101629,240083,2725,2258,467
2885101629,300113,3152,2753,399
2885101629,360123,1423,2063,-640
2885101629,420144,2693,1971,722
2885101629,480162,4222,2448,1774
2885101629,540174,6904,1457,5447
2885101629,600185,3603,3551,52
2885101629,660217,4715,1700,3015
2885101629,720244,6017,2937,3080
2885101629,780275,6287,3514,2773
2885101629,840288,4867,1999,2868
2885101629,900297,2696,3499,-803
2885101629,960317,4160,4199,-39
2885101629,1020323,3245,3924,-679
2885101629,1080346,2466,2166,300
2885101629,1140349,5215,2563,2652
2885101629,1200366,7352,3727,3625
2885101629,1260382,5661,3255,2406
2885101629,1320409,6095,4502,1593
2885101629,1380422,4079,1954,2125
2885101629,1440434,6250,2170,4080
2885101629,1500460,8519,3153,5366
2885101629,1560470,10920,2588,8332
2885101629,1620470,10745,2304,8441
2885146187,0,2500,2500,0
2885146187,60020,150,0,150
2885146187,120027,291,377,-86
2885146187,180035,1822,1900,-78
2885146187,240037,3677,3202,475
2885146187,300042,1964,2735,-771
2885146187,360045,1879,3283,-1404
2885146187,420061,1915,2372,-457
2885146187,480070,796,2809,-2013
2885146187,540102,2330,1873,457
2885146187,600112,2421,2158,263
2885146187,660123,2928,2042,886
2885146187,720139,2305,2868,-563
2885146187,780165,2738,3410,-672
2885146187,840194,4618,2947,1671
2885146187,900213,5100,4191,909
2885146187,960235,900,1948,-1048
2885146187,1020242,2444,3149,-705
2885146187,1080250,2306,2728,-422
2885146187,1140273,2641,3023,-382
2885146187,1200282,4296,2945,1351
2885146187,1260286,1467,3837,-2370
2885146187,1320311,2303,4279,-1976
2885146187,1380340,5265,4124,1141
2885146187,1440359,3700,3283,417
2885146187,1500366,2761,2457,304
2885146187,1560392,2139,2634,-495
2885146187,1620392,5424,3242,2182
2885224328,0,2500,2500,0
2885224328,60010,0,500,-500
2885224328,120013,411,328,83
2885224328,180040,2031,1397,634
2885224328,240056,2866,1872,994
2885224328,300068,4107,3201,906
2885224328,360070,5696,800,4896
2885224328,420072,2497,2058,439
2885224328,480087,4358,2603,1755
2885224328,540088,3454,2441,1013
2885224328,600109,2656,1711,945
2885224328,660149,3327,3194,133
2885224328,720168,6974,2334,4640
2885224328,780200,3503,3210,293
2885224328,840226,4018,3564,454
2885224328,900239,5369,4218,1151
2885224328,960240,4969,1902,3067
2885224328,1020260,4850,3164,1686
2885224328,1080281,3843,3618,225
2885224328,1140289,1843,3184,-1341
2885224328,1200298,2732,2642,90
2885224328,1260317,5012,3104,1908
2885224328,1320332,7427,1235,6192
2885224328,1380350,7323,2667,4656
2885224328,1440373,6500,3034,3466
2885224328,1500389,7846,3451,4395
2885224328,1560418,1946,4771,-2825
2885224328,1620418,5557,2269,3288
2885245618,0,2500,2500,0
2885245618,60012,0,500,-500
2885245618,120021,390,770,-380
2885245618,180081,1509,1971,-462
2885245618,240089,2675,1864,811
2885245618,300092,4297,1780,2517
2885245618,360104,4141,1654,2487
2885245618,420108,3150,3636,-486
2885245618,480134,2888,4047,-1159
2885245618,540146,3014,3310,-296
2885245618,600174,4416,2552,1864
2885245618,660190,3684,2615,1069
2885245618,720215,2620,1860,760
2885245618,780228,3139,2842,297
2885245618,840258,2338,4045,-1707
2885245618,900266,5065,1407,3658
2885245618,960280,5562,1925,3637
2885245618,1020283,1135,3426,-2291
2885245618,1080316,4763,1799,2964
2885245618,1140339,2344,1760,584
2885245618,1200346,5226,1369,3857
2885245618,1260374,4895,1663,3232
2885245618,1320404,3648,3505,143
2885245618,1380435,4916,3092,1824
2885245618,1440443,6465,3122,3343
2885245618,1500464,2263,2374,-111
2885245618,1560465,4018,2158,1860
2885245618,1620465,4750,2113,2637
2885270406,0,2500,2500,0
2885270406,60023,539,0,539
2885270406,120062,1279,270,1009
2885270406,180087,2783,1479,1304
2885270406,240112,3065,2929,136
2885270406,300123,1696,1724,-28
2885270406,360146,3558,2648,910
2885270406,420167,1758,1627,131
2885270406,480179,1578,2727,-1149
2885270406,540192,2949,3600,-651
2885270406,600204,3121,4216,-1095
2885270406,660219,2765,2644,121
2885270406,720237,4103,3828,275
2885270406,780241,5942,1546,4396
2885270406,840269,2735,1391,1344
2885270406,900274,4319,2755,1564
2885270406,960275,4639,3585,1054
2885270406,1020291,2988,1455,1533
2885270406,1080306,3617,4027,-410
2885270406,1140336,4120,5510,-1390
2885270406,1200360,7151,1487,5664
2885270406,1260360,3580,2011,1569
2885270406,1320379,1898,6581,-4683
2885270406,1380400,3493,2270,1223
2885270406,1440417,5741,2115,3626
2885270406,1500445,3989,4218,-229
2885270406,1560474,3537,1905,1632
2885270406,1620474,8276,1759,6517
2885320394,0,2500,2500,0
2885320394,60004,550,0,550
2885320394,120020,429,405,24
2885320394,180084,1501,2233,-732
2885320394,240089,2858,3039,-181
2885320394,300105,4397,939,3458
2885320394,360125,3964,1326,2638
2885320394,420126,5399,2902,2497
2885320394,480150,2387,3116,-729
2885320394,540156,2176,2035,141
2885320394,600165,4452,4249,203
2885320394,660167,5702,4585,1117
2885320394,720182,3902,2364,1538
2885320394,780185,4001,3042,959
2885320394,840210,2570,3533,-963
2885320394,900211,4472,1476,2996
2885320394,960230,6713,2944,3769
2885320394,1020260,4666,3011,1655
2885320394,1080281,3577,3290,287
2885320394,1140295,2876,2290,586
2885320394,1200298,5519,2822,2697
2885320394,1260302,9028,5189,3839
2885320394,1320326,4858,6207,-1349
2885320394,1380326,5009,4588,421
2885320394,1440341,8195,4794,3401
2885320394,1500358,9605,3013,6592
2885320394,1560367,4275,4133,142
2885320394,1620398,7248,4103,3145
2885428447,0,7000,7000,0
2885428447,60029,1400,15,1385
2885428447,120057,2031,2691,-660
2885428447,180086,3841,5333,-1492
2885428447,240117,4951,6972,-2021
2885428447,300147,5964,2358,3606
2885428447,360176,2789,4244,-1455
2885428447,420205,5406,6109,-703
2885428447,480234,2663,4706,-2043
2885428447,540264,5339,5501,-162
2885428447,600294,2090,6883,-4793
2885428447,660324,2063,5471,-3408
2885428447,720354,2919,7578,-4659
2885428447,780366,3855,9094,-5239
2885428447,840367,6214,11224,-5010
2885428447,900368,5265,6950,-1685
2885428447,960396,7747,8486,-739
2885428447,1020425,880,5950,-5070
2885428447,1080458,2035,8800,-6765
2885428447,1140460,2939,3672,-733
2885428447,1200485,4092,5185,-1093
2885428447,1260499,7592,5699,1893
2885428447,1320531,8745,2693,6052
2885428447,1380559,10708,5569,5139
2885428447,1440564,6146,5976,170
2885428447,1500583,4793,9028,-4235
2885428447,1560600,3806,9951,-6145
2885428447,1620600,8756,8688,68
2885444232,0,7000,7000,0
2885444232,60021,1450,350,1100
2885444232,120029,2194,2962,-768
2885444232,180073,4524,5549,-1025
2885444232,240076,4891,6908,-2017
2885444232,300109,6653,8285,-1632
2885444232,360134,10609,2459,8150
2885444232,420150,8824,4697,4127
2885444232,480156,9159,5772,3387
2885444232,540157,5051,9530,-4479
2885444232,600186,3361,2580,781
2885444232,660214,5962,3883,2079
2885444232,720229,8577,3058,5519
2885444232,780233,12955,2015,10940
2885444232,840241,8033,4265,3768
2885444232,900250,11020,7629,3391
2885444232,960269,7880,4301,3579
2885444232,1020285,10786,3788,6998
2885444232,1080307,11963,4871,7092
2885444232,1140322,11140,4780,6360
2885444232,1200354,7674,7229,445
2885444232,1260369,8028,3569,4459
2885444232,1320396,3126,4886,-1760
2885444232,1380426,3295,5304,-2009
2885444232,1440452,3859,8453,-4594
2885444232,1500483,5558,7038,-1480
2885444232,1560509,7351,7242,109
2885444232,1620509,11580,2023,9557
2885555398,0,2500,2500,0
2885555398,60022,0,0,0
2885555398,120031,569,404,165
2885555398,180081,1833,1420,413
2885555398,240113,3109,2207,902
2885555398,300144,2959,3728,-769
2885555398,360173,3823,4503,-680
2885555398,420202,2556,946,1610
2885555398,480204,1472,2748,-1276
2885555398,540232,2817,2546,271
2885555398,600261,2660,2722,-62
2885555398,660262,3366,3872,-506
2885555398,720276,3742,3773,-31
2885555398,780306,2684,2268,416
2885555398,840319,4587,3298,1289
2885555398,900352,3787,4015,-228
2885555398,960380,1535,5981,-4446
2885555398,1020388,2659,3919,-1260
2885555398,1080411,4165,1584,2581
2885555398,1140420,2760,3454,-694
2885555398,1200438,4455,4960,-505
2885555398,1260463,4865,3423,1442
2885555398,1320488,5693,4174,1519
2885555398,1380511,4927,5848,-921
2885555398,1440514,2621,3854,-1233
2885555398,1500534,5277,4490,787
2885555398,1560553,12360,3669,8691
2885555398,1620553,12591,3611,8980
2885560162,0,2500,2500,0
2885560162,60024,0,0,0
2885560162,120055,385,402,-17
2885560162,180073,1389,2108,-719
2885560162,240102,2875,2117,758
2885560162,300126,4199,3213,986
2885560162,360132,938,4949,-4011
2885560162,420150,2226,1150,1076
2885560162,480173,2069,2589,-520
2885560162,540187,4462,4305,157
2885560162,600219,4817,2770,2047
2885560162,660247,3763,3123,640
2885560162,720261,1958,3009,-1051
2885560162,780287,5189,2929,2260
2885560162,840294,3043,4095,-1052
2885560162,900323,3649,1910,1739
2885560162,960336,5759,2877,2882
2885560162,1020338,2192,5889,-3697
2885560162,1080370,1884,1876,8
2885560162,1140385,3298,3292,6
2885560162,1200395,7935,3559,4376
2885560162,1260415,5347,2522,2825
2885560162,1320437,2417,1919,498
2885560162,1380473,3997,2307,1690
2885560162,1440499,3630,4291,-661
2885560162,1500514,2406,2750,-344
2885560162,1560517,5725,3726,1999
2885560162,1620517,8702,3502,5200
2885579729,0,2500,2500,0
2885579729,60008,0,0,0
2885579729,120014,408,503,-95
2885579729,180033,1785,1832,-47
2885579729,240048,2424,3191,-767
2885579729,300097,3637,4624,-987
2885579729,360109,1765,3792,-2027
2885579729,420126,1709,1369,340
2885579729,480154,3404,1874,1530
2885579729,540165,2495,2924,-429
2885579729,600186,1915,3008,-1093
2885579729,660211,3978,2463,1515
2885579729,720221,3325,2945,380
2885579729,780246,5974,1321,4653
2885579729,840270,2381,3432,-1051
2885579729,900273,3421,6624,-3203
2885579729,960303,4240,1759,2481
2885579729,1020323,3648,4854,-1206
2885579729,1080335,3659,1525,2134
2885579729,1140338,3438,3791,-353
2885579729,1200342,4595,1824,2771
2885579729,1260343,4254,1934,2320
2885579729,1320350,7646,2107,5539
2885579729,1380361,2843,2995,-152
2885579729,1440387,5274,3278,1996
2885579729,1500419,3695,421,3274
2885579729,1560444,5210,3325,1885
2885579729,1620444,7273,2715,4558
2885593555,0,2500,2500,0
2885593555,60010,0,0,0
2885593555,120037,523,420,103
2885593555,180092,1823,1713,110
2885593555,240096,3172,2333,839
2885593555,300106,2886,1012,1874
2885593555,360136,1587,2740,-1153
2885593555,420145,3151,2419,732
2885593555,480156,2871,4013,-1142
2885593555,540189,4223,3166,1057
2885593555,600196,3302,1239,2063
2885593555,660209,4960,2772,2188
2885593555,720220,6950,2190,4760
2885593555,780248,1604,3326,-1722
2885593555,840264,2653,4160,-1507
2885593555,900276,3862,2222,1640
2885593555,960297,6653,2231,4422
2885593555,1020327,8369,3746,4623
2885593555,1080341,6819,4194,2625
2885593555,1140365,1449,2162,-713
2885593555,1200371,4606,1743,2863
2885593555,1260396,4506,1688,2818
2885593555,1320425,2662,3386,-724
2885593555,1380434,4602,940,3662
2885593555,1440460,3412,2348,1064
2885593555,1500466,4611,2061,2550
2885593555,1560490,8548,2071,6477
2885593555,1620490,8436,1897,6539
2885610650,0,2500,2500,0
2885610650,60008,0,50,-50
2885610650,120026,468,413,55
2885610650,180039,1869,1760,109
2885610650,240058,2752,2647,105
2885610650,300082,5108,2654,2454
2885610650,360110,1924,2646,-722
2885610650,420139,2012,3314,-1302
2885610650,480153,3568,3226,342
2885610650,540161,4572,3345,1227
2885610650,600187,3908,5030,-1122
2885610650,660202,2541,2947,-406
2885610650,720225,4003,5128,-1125
2885610650,780260,3388,2224,1164
2885610650,840276,3327,1829,1498
2885610650,900301,3905,4208,-303
2885610650,960313,4766,2808,1958
2885610650,1020326,4188,3642,546
2885610650,1080328,1805,1782,23
2885610650,1140344,5015,3286,1729
2885610650,1200365,3722,2160,1562
2885610650,1260392,4048,3182,866
2885610650,1320421,7172,1762,5410
2885610650,1380453,2154,2086,68
2885610650,1440480,3632,2479,1153
2885610650,1500485,4705,2064,2641
2885610650,1560502,5583,4007,1576
2885610650,1620502,8345,2654,5691
2885882262,0,2500,2500,0
2885882262,60024,0,0,0
2885882262,120035,403,480,-77
2885882262,180036,1842,1810,32
2885882262,240044,3224,1519,1705
2885882262,300047,1721,849,872
2885882262,360068,3067,1772,1295
2885882262,420090,1708,2234,-526
2885882262,480092,2567,976,1591
2885882262,540120,2970,2386,584
2885882262,600142,4083,2858,1225
2885882262,660150,3635,4438,-803
2885882262,720152,2619,393,2226
2885882262,780157,3949,2670,1279
2885882262,840170,3736,2890,846
2885882262,900193,3038,1836,1202
2885882262,960222,4294,1452,2842
2885882262,1020266,4391,2693,1698
2885882262,1080276,5137,3299,1838
2885882262,1140292,5352,3287,2065
2885882262,1200320,3240,985,2255
2885882262,1260348,3547,2916,631
2885882262,1320377,4163,2565,1598
2885882262,1380397,4075,3832,243
2885882262,1440416,4758,2231,2527
2885882262,1500430,5114,3996,1118
2885882262,1560459,6876,2402,4474
2885882262,1620459,4521,3594,927
2886166092,0,2500,2500,0
2886166092,60020,0,0,0
2886166092,120033,388,612,-224
2886166092,180036,1556,1527,29
2886166092,240070,2592,2124,468
2886166092,300100,4069,3244,825
2886166092,360105,5301,2737,2564
2886166092,420132,2707,3778,-1071
2886166092,480162,2322,969,1353
2886166092,540170,2571,2199,372
2886166092,600178,3142,2994,148
2886166092,660191,5375,3176,2199
2886166092,720194,1820,2525,-705
2886166092,780212,2554,1079,1475
2886166092,840234,2256,2438,-182
2886166092,900252,3563,2541,1022
2886166092,960265,5747,3282,2465
2886166092,1020279,3441,3867,-426
2886166092,1080285,4549,1086,3463
2886166092,1140299,4117,1924,2193
2886166092,1200316,4850,3823,1027
2886166092,1260322,5141,3910,1231
2886166092,1320328,5105,1314,3791
2886166092,1380353,7812,1774,6038
2886166092,1440355,9169,1933,7236
2886166092,1500370,1993,3207,-1214
2886166092,1560397,4158,2872,1286
2886166092,1620397,4460,3376,1084
2886198954,0,2500,2500,0
2886198954,60015,0,0,0
2886198954,120036,198,345,-147
2886198954,180047,1543,1603,-60
2886198954,240060,2587,3032,-445
2886198954,300106,2007,2859,-852
2886198954,360127,1850,2025,-175
2886198954,420141,3167,3125,42
2886198954,480162,2521,2432,89
2886198954,540187,3834,4053,-219
2886198954,600198,3187,3000,187
2886198954,660212,3583,2455,1128
2886198954,720237,4955,4012,943
2886198954,780238,1645,3424,-1779
2886198954,840247,3300,4888,-1588
2886198954,900261,4852,5617,-765
2886198954,960265,5819,6367,-548
2886198954,1020265,4455,6295,-1840
2886198954,1080292,7010,5993,1017
2886198954,1140317,4023,5013,-990
2886198954,1200347,6164,3891,2273
2886198954,1260366,3656,4582,-926
2886198954,1320392,6336,5833,503
2886198954,1380398,3884,4741,-857
2886198954,1440412,2603,4583,-1980
2886198954,1500440,3714,4933,-1219
2886198954,1560444,7038,5948,1090
2886198954,1620444,9325,5859,3466
2886204374,0,2500,2500,0
2886204374,60008,0,0,0
2886204374,120019,477,293,184
2886204374,180074,1391,1757,-366
2886204374,240089,2416,2824,-408
2886204374,300118,2867,4207,-1340
2886204374,360136,3517,4051,-534
2886204374,420149,4557,4277,280
2886204374,480163,3117,4770,-1653
2886204374,540181,4253,1236,3017
2886204374,600201,2625,2309,316
2886204374,660209,3871,3868,3
2886204374,720230,5089,3570,1519
2886204374,780263,5466,2445,3021
2886204374,840278,6490,3101,3389
2886204374,900310,2520,2977,-457
2886204374,960313,3805,3313,492
2886204374,1020315,2851,1419,1432
2886204374,1080345,3037,3194,-157
2886204374,1140346,3388,2617,771
2886204374,1200361,4313,2285,2028
2886204374,1260394,6226,3087,3139
2886204374,1320419,5179,2083,3096
2886204374,1380430,5975,2046,3929
2886204374,1440459,4010,4638,-628
2886204374,1500490,4453,2541,1912
2886204374,1560515,5362,4711,651
2886204374,1620515,5885,5670,215
2886265663,0,2500,2500,0
2886265663,60018,0,100,-100
2886265663,120027,330,448,-118
2886265663,180046,1476,2742,-1266
2886265663,240062,2990,3392,-402
2886265663,300088,1683,3750,-2067
2886265663,360119,3323,2938,385
2886265663,420129,3246,1198,2048
2886265663,480157,3748,2875,873
2886265663,540172,1939,4293,-2354
2886265663,600186,2004,5270,-3266
2886265663,660195,1666,1564,102
2886265663,720202,3213,3575,-362
2886265663,780235,1847,2939,-1092
2886265663,840235,4331,3879,452
2886265663,900239,757,3070,-2313
2886265663,960249,2545,4560,-2015
2886265663,1020277,6583,1319,5264
2886265663,1080301,3068,3962,-894
2886265663,1140316,4524,2744,1780
2886265663,1200330,3762,4750,-988
2886265663,1260340,5140,3528,1612
2886265663,1320348,2500,2992,-492
2886265663,1380351,3851,2831,1020
2886265663,1440377,3356,5046,-1690
2886265663,1500400,4774,4111,663
2886265663,1560432,8394,1807,6587
2886265663,1620432,10125,2742,7383
2886290788,0,7000,7000,0
2886290788,60010,1979,100,1879
2886290788,120022,3569,2387,1182
2886290788,180066,4471,4080,391
2886290788,240096,3283,5544,-2261
2886290788,300109,3131,7574,-4443
2886290788,360117,6266,2248,4018
2886290788,420132,7241,4123,3118
2886290788,480145,4180,5848,-1668
2886290788,540178,2202,2096,106
2886290788,600186,2851,5189,-2338
2886290788,660187,5362,3258,2104
2886290788,720215,4321,5057,-736
2886290788,780222,4742,2385,2357
2886290788,840246,2453,4303,-1850
2886290788,900271,3357,3515,-158
2886290788,960300,3324,4116,-792
2886290788,1020301,5746,2185,3561
2886290788,1080318,5244,6259,-1015
2886290788,1140329,6311,1857,4454
2886290788,1200334,8177,3780,4397
2886290788,1260349,9902,3187,6715
2886290788,1320359,3512,6249,-2737
2886290788,1380365,7270,5168,2102
2886290788,1440377,9037,6058,2979
2886290788,1500392,8058,5576,2482
2886290788,1560418,9965,4129,5836
2886290788,1620418,8919,2423,6496
2886307161,0,7000,7000,0
2886307161,60008,1500,56,1444
2886307161,120038,2123,2726,-603
2886307161,180068,3369,4056,-687
2886307161,240074,2155,6658,-4503
2886307161,300104,5002,4721,281
2886307161,360134,4566,7414,-2848
2886307161,420163,5220,5205,15
2886307161,480194,2083,4701,-2618
2886307161,540224,3716,3905,-189
2886307161,600254,4208,6310,-2102
2886307161,660284,3737,5938,-2201
2886307161,720288,5984,8599,-2615
2886307161,780316,5390,3859,1531
2886307161,840323,5267,6540,-1273
2886307161,900353,2343,9737,-7394
2886307161,960382,7121,3632,3489
2886307161,1020396,8240,6392,1848
2886307161,1080426,4803,7835,-3032
2886307161,1140443,7326,5701,1625
2886307161,1200469,2784,2808,-24
2886307161,1260479,5138,5393,-255
2886307161,1320494,4078,4135,-57
2886307161,1380523,5545,2547,2998
2886307161,1440551,4676,4755,-79
2886307161,1500553,6228,7087,-859
2886307161,1560579,7894,7310,584
2886307161,1620579,8146,5971,2175
2886315924,0,2500,2500,0
2886315924,60005,0,0,0
2886315924,120037,361,381,-20
2886315924,180076,2044,1642,402
2886315924,240107,2034,3032,-998
2886315924,300137,1992,2386,-394
2886315924,360170,3636,1662,1974
2886315924,420172,2615,1817,798
2886315924,480173,2755,1566,1189
2886315924,540177,1073,2038,-965
2886315924,600190,3257,1839,1418
2886315924,660201,3868,2839,1029
2886315924,720205,2117,3295,-1178
2886315924,780214,4138,4332,-194
2886315924,840224,4288,3673,615
2886315924,900253,1877,1470,407
2886315924,960262,4412,2049,2363
2886315924,1020294,3621,3368,253
2886315924,1080299,3335,4040,-705
2886315924,1140310,1770,4134,-2364
2886315924,1200338,4222,1293,2929
2886315924,1260365,5971,3128,2843
2886315924,1320375,3724,3530,194
2886315924,1380401,4021,3697,324
2886315924,1440415,7395,2463,4932
2886315924,1500448,3617,3005,612
2886315924,1560453,6866,2878,3988
2886315924,1620453,8054,2354,5700
2886322944,0,2500,2500,0
2886322944,60010,10,30,-20
2886322944,120012,277,886,-609
2886322944,180039,1393,2154,-761
2886322944,240048,2510,3921,-1411
2886322944,300049,3128,2435,693
2886322944,360058,3816,2624,1192
2886322944,420063,568,2414,-1846
2886322944,480082,2429,1385,1044
2886322944,540091,1813,2695,-882
2886322944,600111,2899,3215,-316
2886322944,660128,1744,4149,-2405
2886322944,720146,4422,2490,1932
2886322944,780167,4224,4546,-322
2886322944,840197,4309,2115,2194
2886322944,900201,7379,2174,5205
2886322944,960230,2264,3950,-1686
2886322944,1020233,4629,2176,2453
2886322944,1080251,7134,1590,5544
2886322944,1140260,4108,2229,1879
2886322944,1200289,4638,1703,2935
2886322944,1260314,3837,3026,811
2886322944,1320343,5819,2571,3248
2886322944,1380351,4020,1807,2213
2886322944,1440365,3954,2483,1471
2886322944,1500367,4243,1582,2661
2886322944,1560395,4636,2084,2552
2886322944,1620395,9289,1434,7855
2886332004,0,2500,2500,0
2886332004,60032,0,500,-500
2886332004,120039,407,402,5
2886332004,180069,2100,1642,458
2886332004,240099,2982,3110,-128
2886332004,300120,4550,4390,160
2886332004,360150,999,1699,-700
2886332004,420158,2162,2260,-98
2886332004,480167,3724,2140,1584
2886332004,540188,3281,2030,1251
2886332004,600221,4468,3055,1413
2886332004,660246,5080,1501,3579
2886332004,720267,4996,2040,2956
2886332004,780287,4168,3341,827
2886332004,840309,4240,2919,1321
2886332004,900340,5691,2317,3374
2886332004,960344,3788,3146,642
2886332004,1020358,2118,2755,-637
2886332004,1080379,2801,2643,158
2886332004,1140394,5865,3922,1943
2886332004,1200409,1503,1547,-44
2886332004,1260414,5696,2548,3148
2886332004,1320442,3523,3231,292
2886332004,1380448,6878,3538,3340
2886332004,1440466,6150,4020,2130
2886332004,1500483,3388,4792,-1404
2886332004,1560494,4460,3156,1304
2886332004,1620494,7943,2299,5644
2886384326,0,2500,2500,0
2886384326,60028,174,5,169
2886384326,120057,633,387,246
2886384326,180086,1917,1710,207
2886384326,240092,2779,3740,-961
2886384326,300096,1221,4263,-3042
2886384326,360098,2664,1114,1550
2886384326,420134,3697,2598,1099
2886384326,480140,1912,2589,-677
2886384326,540149,3005,2758,247
2886384326,600156,5567,3600,1967
2886384326,660160,5812,3095,2717
2886384326,720169,1503,1662,-159
2886384326,780176,3201,1950,1251
2886384326,840192,3871,2511,1360
2886384326,900196,4916,2810,2106
2886384326,960214,5808,1606,4202
2886384326,1020237,5425,2077,3348
2886384326,1080238,2382,3144,-762
2886384326,1140246,1747,7505,-5758
2886384326,1200274,4004,2795,1209
2886384326,1260287,4935,2252,2683
2886384326,1320307,6650,1808,4842
2886384326,1380310,1763,1978,-215
2886384326,1440311,5863,3921,1942
2886384326,1500317,1564,674,890
2886384326,1560330,2728,1892,836
2886384326,1620350,6902,2544,4358
2886391251,0,2500,2500,0
2886391251,60002,0,0,0
2886391251,120033,406,346,60
2886391251,180082,1545,1926,-381
2886391251,240083,2871,3721,-850
2886391251,300113,1897,5793,-3896
2886391251,360145,2549,2431,118
2886391251,420177,1506,1161,345
2886391251,480205,3119,2811,308
2886391251,540232,2677,3197,-520
2886391251,600249,4231,2606,1625
2886391251,660273,1163,1108,55
2886391251,720304,2974,2341,633
2886391251,780319,3253,2405,848
2886391251,840324,5530,3506,2024
2886391251,900354,1866,5516,-3650
2886391251,960369,3203,4095,-892
2886391251,1020379,2581,2644,-63
2886391251,1080383,2442,4433,-1991
2886391251,1140404,4391,3341,1050
2886391251,1200419,3580,2049,1531
2886391251,1260421,4759,4148,611
2886391251,1320422,5133,5648,-515
2886391251,1380448,2361,3032,-671
2886391251,1440474,4626,2238,2388
2886391251,1500482,2058,2634,-576
2886391251,1560508,4536,2144,2392
2886391251,1620508,6380,2522,3858
2886401218,0,2500,2500,0
2886401218,60001,0,0,0
2886401218,120019,866,416,450
2886401218,180024,1725,1973,-248
2886401218,240055,3243,2459,784
2886401218,300093,3638,2813,825
2886401218,360098,2516,3494,-978
2886401218,420111,4398,4168,230
2886401218,480120,4831,2744,2087
2886401218,540146,4499,1086,3413
2886401218,600172,2033,2656,-623
2886401218,660174,2716,4108,-1392
2886401218,720174,2506,4945,-2439
2886401218,780192,2945,4031,-1086
2886401218,840201,4537,3258,1279
2886401218,900229,3903,1966,1937
2886401218,960238,1711,2375,-664
2886401218,1020251,3207,3610,-403
2886401218,1080261,3363,1821,1542
2886401218,1140287,5098,3455,1643
2886401218,1200300,4514,5255,-741
2886401218,1260302,4205,4138,67
2886401218,1320304,3534,2124,1410
2886401218,1380315,5051,2650,2401
2886401218,1440317,5997,2510,3487
2886401218,1500331,9562,1062,8500
2886401218,1560359,4679,1876,2803
2886401218,1620359,5199,1942,3257
2886422450,0,2500,2500,0
2886422450,60009,0,0,0
2886422450,120015,345,441,-96
2886422450,180019,1780,1878,-98
2886422450,240035,3101,1763,1338
2886422450,300038,3566,3054,512
2886422450,360049,6789,940,5849
2886422450,420077,2273,2252,21
2886422450,480095,1451,1919,-468
2886422450,540127,3824,3617,207
2886422450,600142,5133,1802,3331
2886422450,660149,6840,1194,5646
2886422450,720172,4378,3467,911
2886422450,780198,7272,1962,5310
2886422450,840226,4306,3261,1045
2886422450,900227,6097,740,5357
2886422450,960234,3264,2168,1096
2886422450,1020245,4017,3901,116
2886422450,1080255,7042,2322,4720
2886422450,1140265,6074,1942,4132
2886422450,1200272,4172,3498,674
2886422450,1260295,5851,2396,3455
2886422450,1320322,2396,2098,298
2886422450,1380345,3602,3079,523
2886422450,1440358,3926,2331,1595
2886422450,1500368,2502,3033,-531
2886422450,1560380,7089,2430,4659
2886422450,1620380,7656,2385,5271
2886457716,0,2500,2500,0
2886457716,60007,0,0,0
2886457716,120011,502,348,154
2886457716,180039,2067,1542,525
2886457716,240046,3527,2786,741
2886457716,300078,4267,2781,1486
2886457716,360110,3126,3162,-36
2886457716,420124,1421,1815,-394
2886457716,480135,2487,3490,-1003
2886457716,540149,3565,2515,1050
2886457716,600181,1766,1760,6
2886457716,660195,3125,3365,-240
2886457716,720206,4433,4322,111
2886457716,780212,5190,5198,-8
2886457716,840214,3213,2871,342
2886457716,900232,5171,4253,918
2886457716,960262,4479,4332,147
2886457716,1020280,1784,2265,-481
2886457716,1080311,3408,4128,-720
2886457716,1140316,3913,4353,-440
2886457716,1200341,4390,2722,1668
2886457716,1260369,7049,1613,5436
2886457716,1320389,2101,3069,-968
2886457716,1380420,2419,3719,-1300
2886457716,1440451,6418,3807,2611
2886457716,1500459,5112,3943,1169
2886457716,1560461,5006,2004,3002
2886457716,1620461,7731,2989,4742
2886518924,0,2500,2500,0
2886518924,60024,0,0,0
2886518924,120057,330,942,-612
2886518924,180095,1205,2613,-1408
2886518924,240104,2358,3346,-988
2886518924,300131,2477,2397,80
2886518924,360162,2690,1316,1374
2886518924,420170,1922,3083,-1161
2886518924,480173,3087,4469,-1382
2886518924,540199,4817,1219,3598
2886518924,600221,2172,2987,-815
2886518924,660253,2625,3148,-523
2886518924,720277,3621,2459,1162
2886518924,780295,4060,2476,1584
2886518924,840303,5801,1435,4366
2886518924,900306,5294,1292,4002
2886518924,960339,3866,2420,1446
2886518924,1020368,3012,4106,-1094
2886518924,1080400,3052,2768,284
2886518924,1140409,5637,3067,2570
2886518924,1200430,5418,2830,2588
2886518924,1260431,6321,2903,3418
2886518924,1320442,4161,2233,1928
2886518924,1380451,4407,3937,470
2886518924,1440454,3200,5733,-2533
2886518924,1500472,3570,1573,1997
2886518924,1560497,6034,2713,3321
2886518924,1620497,7340,2534,4806
2886562789,0,2500,2500,0
2886562789,60008,0,500,-500
2886562789,120013,336,534,-198
2886562789,180070,1840,1532,308
2886562789,240072,2089,2932,-843
2886562789,300082,3713,4836,-1123
2886562789,360111,2534,1046,1488
2886562789,420114,5182,1519,3663
2886562789,480124,3346,3064,282
2886562789,540135,5214,2891,2323
2886562789,600147,2296,3514,-1218
2886562789,660148,3069,2176,893
2886562789,720169,4426,2775,1651
2886562789,780177,4275,3039,1236
2886562789,840190,3443,2203,1240
2886562789,900216,2580,2697,-117
2886562789,960245,4930,2404,2526
2886562789,1020264,3314,5831,-2517
2886562789,1080279,4441,2172,2269
2886562789,1140290,3117,3830,-713
2886562789,1200307,2553,5994,-3441
2886562789,1260327,5298,1365,3933
2886562789,1320348,5075,2614,2461
2886562789,1380379,6357,3897,2460
2886562789,1440382,2208,3404,-1196
2886562789,1500387,3071,3545,-474
2886562789,1560399,6127,2255,3872
2886562789,1620399,7747,1356,6391
2886589013,0,2500,2500,0
2886589013,60022,0,0,0
2886589013,120039,458,373,85
2886589013,180041,1782,1582,200
2886589013,240060,3194,2977,217
2886589013,300066,3376,3430,-54
2886589013,360079,2127,2697,-570
2886589013,420088,982,2059,-1077
2886589013,480114,2295,3406,-1111
2886589013,540141,2290,3456,-1166
2886589013,600142,3620,4794,-1174
2886589013,660165,3642,6285,-2643
2886589013,720173,4361,3567,794
2886589013,780192,1885,4738,-2853
2886589013,840203,3084,5653,-2569
2886589013,900235,4255,3154,1101
2886589013,960249,2545,1222,1323
2886589013,1020258,2519,2595,-76
2886589013,1080284,5757,1133,4624
2886589013,1140301,8711,3090,5621
2886589013,1200304,6522,2947,3575
2886589013,1260310,3979,4057,-78
2886589013,1320341,4876,2390,2486
2886589013,1380354,5604,2476,3128
2886589013,1440375,2923,3094,-171
2886589013,1500380,3179,3025,154
2886589013,1560411,7154,2739,4415
2886589013,1620418,9775,3809,5966
2886640359,0,2500,2500,0
2886640359,60019,0,30,-30
2886640359,120050,423,457,-34
2886640359,180087,1613,1618,-5
2886640359,240095,3616,2212,1404
2886640359,300101,1609,2665,-1056
2886640359,360131,2250,2014,236
2886640359,420136,2944,3467,-523
2886640359,480141,3433,1634,1799
2886640359,540147,1748,1795,-47
2886640359,600148,3097,2112,985
2886640359,660153,2304,1737,567
2886640359,720175,4514,2613,1901
2886640359,780199,2253,2558,-305
2886640359,840218,2969,2690,279
2886640359,900245,5070,3087,1983
2886640359,960268,1959,1650,309
2886640359,1020279,3677,4597,-920
2886640359,1080279,3336,2019,1317
2886640359,1140309,3372,2741,631
2886640359,1200321,3213,4539,-1326
2886640359,1260351,2482,2266,216
2886640359,1320378,2226,4172,-1946
2886640359,1380385,4207,2265,1942
2886640359,1440417,5124,1846,3278
2886640359,1500430,9451,2775,6676
2886640359,1560459,5828,5183,645
2886640359,1620459,5106,5372,-266
2886641763,0,2500,2500,0
2886641763,60010,0,0,0
2886641763,120024,470,502,-32
2886641763,180097,2238,1741,497
2886641763,240107,3754,1853,1901
2886641763,300110,4003,3673,330
2886641763,360119,1584,4170,-2586
2886641763,420147,3439,1216,2223
2886641763,480148,3433,2415,1018
2886641763,540150,4205,1677,2528
2886641763,600170,5381,3023,2358
2886641763,660171,3135,3372,-237
2886641763,720183,3566,2203,1363
2886641763,780184,4515,1087,3428
2886641763,840210,3346,2669,677
2886641763,900241,4282,3391,891
2886641763,960263,4642,4385,257
2886641763,1020287,2479,4077,-1598
2886641763,1080319,4466,5740,-1274
2886641763,1140331,4606,2286,2320
2886641763,1200343,5824,3192,2632
2886641763,1260371,5002,2996,2006
2886641763,1320408,3026,3741,-715
2886641763,1380434,4633,4233,400
2886641763,1440467,7880,2630,5250
2886641763,1500490,1745,2599,-854
2886641763,1560516,4673,3782,891
2886641763,1620516,5215,3716,1499
2886644280,0,2500,2500,0
2886644280,60010,0,0,0
2886644280,120038,431,425,6
2886644280,180039,1734,1555,179
2886644280,240044,3027,2750,277
2886644280,300045,1652,2465,-813
2886644280,360046,1317,3211,-1894
2886644280,420050,2037,3208,-1171
2886644280,480061,2401,1353,1048
2886644280,540080,2925,2561,364
2886644280,600083,2813,2888,-75
2886644280,660092,2714,1873,841
2886644280,720094,2623,3762,-1139
2886644280,780115,5184,4137,1047
2886644280,840148,1763,3661,-1898
2886644280,900166,5024,3899,1125
2886644280,960186,3877,2679,1198
2886644280,1020208,3196,2222,974
2886644280,1080209,2749,2873,-124
2886644280,1140224,2513,2911,-398
2886644280,1200235,2801,1642,1159
2886644280,1260263,2538,2775,-237
2886644280,1320264,6122,1905,4217
2886644280,1380270,5199,2261,2938
2886644280,1440282,4101,3564,537
2886644280,1500316,5296,5293,3
2886644280,1560335,8155,2281,5874
2886644280,1620335,10124,2468,7656
2886708696,0,2500,2500,0
2886708696,60032,100,0,100
2886708696,120043,454,416,38
2886708696,180061,1470,1948,-478
2886708696,240077,2456,3664,-1208
2886708696,300101,3410,2694,716
2886708696,360125,2016,1074,942
2886708696,420125,1361,2760,-1399
2886708696,480141,3160,3166,-6
2886708696,540145,2064,3147,-1083
2886708696,600146,3566,2962,604
2886708696,660181,3370,4148,-778
2886708696,720194,2158,1973,185
2886708696,780222,1880,3889,-2009
2886708696,840228,2520,4731,-2211
2886708696,900232,3125,7019,-3894
2886708696,960244,5490,4697,793
2886708696,1020263,3740,4387,-647
2886708696,1080270,3321,3855,-534
2886708696,1140276,5087,2996,2091
2886708696,1200279,5628,2571,3057
2886708696,1260280,2530,2324,206
2886708696,1320302,5531,3263,2268
2886708696,1380331,6409,2457,3952
2886708696,1440335,7527,2039,5488
2886708696,1500346,2815,4526,-1711
2886708696,1560361,5677,2997,2680
2886708696,1620361,7614,1709,5905
2886710861,0,2500,2500,0
2886710861,60003,0,500,-500
2886710861,120017,341,327,14
2886710861,180020,1645,1774,-129
2886710861,240061,3014,2976,38
2886710861,300086,3701,2552,1149
2886710861,360101,3696,3856,-160
2886710861,420128,4887,2312,2575
2886710861,480154,2531,2869,-338
2886710861,540186,4163,3249,914
2886710861,600212,2397,2417,-20
2886710861,660216,2822,3024,-202
2886710861,720248,3463,3081,382
2886710861,780271,3457,4412,-955
2886710861,840302,5692,3913,1779
2886710861,900324,2800,3831,-1031
2886710861,960330,951,3941,-2990
2886710861,1020356,2651,6253,-3602
2886710861,1080385,4654,1141,3513
2886710861,1140406,3463,2536,927
2886710861,1200415,7249,2667,4582
2886710861,1260436,3909,1562,2347
2886710861,1320457,2637,2540,97
2886710861,1380480,4452,4147,305
2886710861,1440494,6793,4061,2732
2886710861,1500515,1055,2149,-1094
2886710861,1560540,4696,3504,1192
2886710861,1620568,6762,3522,3240
2886774092,0,2500,2500,0
2886774092,60021,550,0,550
2886774092,120042,324,966,-642
2886774092,180047,1418,2265,-847
2886774092,240063,2123,2969,-846
2886774092,300068,3083,4717,-1634
2886774092,360070,4276,5782,-1506
2886774092,420102,2381,3234,-853
2886774092,480115,1057,2038,-981
2886774092,540132,2317,2700,-383
2886774092,600155,2755,1935,820
2886774092,660186,4737,1221,3516
2886774092,720201,3661,2529,1132
2886774092,780231,3198,1908,1290
2886774092,840261,2819,3015,-196
2886774092,900297,2871,3600,-729
2886774092,960321,4155,1431,2724
2886774092,1020321,2682,3331,-649
2886774092,1080325,4270,5474,-1204
2886774092,1140329,6849,3801,3048
2886774092,1200340,3427,3551,-124
2886774092,1260343,3181,5601,-2420
2886774092,1320360,4419,999,3420
2886774092,1380362,6601,2615,3986
2886774092,1440384,7583,4359,3224
2886774092,1500387,6128,4474,1654
2886774092,1560397,2129,3482,-1353
2886774092,1620414,5604,4269,1335
2886774568,0,2500,2500,0
2886774568,60031,0,0,0
2886774568,120040,534,504,30
2886774568,180044,2869,1381,1488
2886774568,240070,2937,2242,695
2886774568,300093,4020,2737,1283
2886774568,360105,2866,3071,-205
2886774568,420126,4578,2566,2012
2886774568,480131,5504,2733,2771
2886774568,540139,2144,940,1204
2886774568,600170,1930,2506,-576
2886774568,660200,3331,2046,1285
2886774568,720215,3395,2564,831
2886774568,780238,5980,3386,2594
2886774568,840250,3979,4257,-278
2886774568,900287,4155,3520,635
2886774568,960288,3606,2796,810
2886774568,1020320,2924,1742,1182
2886774568,1080337,4632,3073,1559
2886774568,1140361,3531,2876,655
2886774568,1200389,5116,2589,2527
2886774568,1260414,8219,3637,4582
2886774568,1320419,8376,2389,5987
2886774568,1380421,12135,2660,9475
2886774568,1440448,8220,3756,4464
2886774568,1500462,1104,1931,-827
2886774568,1560470,3568,2608,960
2886774568,1620470,7768,2884,4884
2886801750,0,2500,2500,0
2886801750,60020,0,0,0
2886801750,120021,520,395,125
2886801750,180039,1892,1550,342
2886801750,240056,2310,2573,-263
2886801750,300066,3571,2589,982
2886801750,360078,5744,2889,2855
2886801750,420098,3872,4326,-454
2886801750,480115,1587,4204,-2617
2886801750,540116,3273,2035,1238
2886801750,600134,5760,1725,4035
2886801750,660152,7756,2133,5623
2886801750,720177,6008,2367,3641
2886801750,780200,2328,2776,-448
2886801750,840232,2913,3272,-359
2886801750,900248,3199,4378,-1179
2886801750,960254,5594,2568,3026
2886801750,1020278,5593,3441,2152
2886801750,1080282,5000,2521,2479
2886801750,1140302,3023,2498,525
2886801750,1200325,5001,2305,2696
2886801750,1260336,2057,3294,-1237
2886801750,1320367,2957,1407,1550
2886801750,1380383,5999,2448,3551
2886801750,1440393,6911,3472,3439
2886801750,1500411,4569,1998,2571
2886801750,1560416,9176,2551,6625
2886801750,1620416,9881,1941,7940
2886811337,0,2500,2500,0
2886811337,60024,0,0,0
2886811337,120036,374,424,-50
2886811337,180050,1785,1634,151
2886811337,240057,2786,2457,329
2886811337,300062,3000,4137,-1137
2886811337,360081,1623,4374,-2751
2886811337,420082,1708,4473,-2765
2886811337,480092,4014,1701,2313
2886811337,540129,3058,3928,-870
2886811337,600145,4675,2042,2633
2886811337,660165,3189,2450,739
2886811337,720197,2715,3262,-547
2886811337,780200,2299,3479,-1180
2886811337,840203,1790,2915,-1125
2886811337,900208,3096,3270,-174
2886811337,960229,4046,2335,1711
2886811337,1020236,4016,3132,884
2886811337,1080241,6451,2685,3766
2886811337,1140243,4465,4052,413
2886811337,1200267,2849,4604,-1755
2886811337,1260287,3681,3567,114
2886811337,1320300,6368,4187,2181
2886811337,1380318,5271,2236,3035
2886811337,1440333,7448,4050,3398
2886811337,1500342,4024,2153,1871
2886811337,1560358,3632,4265,-633
2886811337,1620358,5462,3655,1807
2886841554,0,7000,7000,0
2886841554,60030,50,100,-50
2886841554,120039,2144,2999,-855
2886841554,180046,3528,4646,-1118
2886841554,240049,4898,5916,-1018
2886841554,300049,6723,3383,3340
2886841554,360075,7023,4763,2260
2886841554,420114,6328,4447,1881
2886841554,480117,9597,2622,6975
2886841554,540140,9154,4106,5048
2886841554,600150,11679,3069,8610
2886841554,660163,5382,5985,-603
2886841554,720182,2645,10305,-7660
2886841554,780196,7035,4119,2916
2886841554,840210,7265,6129,1136
2886841554,900224,10328,6161,4167
2886841554,960246,5628,5661,-33
2886841554,1020252,9999,1662,8337
2886841554,1080282,9334,2807,6527
2886841554,1140302,11237,3052,8185
2886841554,1200307,10410,3210,7200
2886841554,1260323,11808,4190,7618
2886841554,1320323,11348,6391,4957
2886841554,1380337,10156,3268,6888
2886841554,1440367,11015,3981,7034
2886841554,1500385,11040,1999,9041
2886841554,1560394,12294,3804,8490
2886841554,1620394,8121,4169,3952
2886855847,0,2500,2500,0
2886855847,60013,0,0,0
2886855847,120023,1764,223,1541
2886855847,180080,2355,1508,847
2886855847,240102,3041,2990,51
2886855847,300106,4497,2624,1873
2886855847,360113,2884,1527,1357
2886855847,420129,2192,1663,529
2886855847,480148,3494,2984,510
2886855847,540162,3797,3612,185
2886855847,600165,2856,3929,-1073
2886855847,660184,4232,3334,898
2886855847,720215,2743,2657,86
2886855847,780216,3216,5057,-1841
2886855847,840222,2951,3612,-661
2886855847,900246,6482,5017,1465
2886855847,960271,5056,3286,1770
2886855847,1020304,3559,2560,999
2886855847,1080320,2225,5082,-2857
2886855847,1140342,4646,2577,2069
2886855847,1200346,1996,1726,270
2886855847,1260360,5923,3556,2367
2886855847,1320389,6497,2854,3643
2886855847,1380413,3049,2216,833
2886855847,1440422,6384,4441,1943
2886855847,1500450,1439,2415,-976
2886855847,1560466,3313,3030,283
2886855847,1620486,8847,2339,6508
2886856888,0,2500,2500,0
2886856888,60012,0,0,0
2886856888,120016,392,366,26
2886856888,180019,1721,1768,-47
2886856888,240032,2940,2943,-3
2886856888,300078,3575,4451,-876
2886856888,360108,4953,3996,957
2886856888,420112,3708,2393,1315
2886856888,480115,5068,3739,1329
2886856888,540124,3461,2825,636
2886856888,600125,4032,2957,1075
2886856888,660140,2708,2365,343
2886856888,720156,5306,2208,3098
2886856888,780186,6521,2036,4485
2886856888,840191,6368,1834,4534
2886856888,900209,3049,3248,-199
2886856888,960232,3353,3655,-302
2886856888,1020253,5145,3240,1905
2886856888,1080273,5672,2312,3360
2886856888,1140301,3304,3304,0
2886856888,1200330,6989,1784,5205
2886856888,1260348,8087,2209,5878
2886856888,1320363,1771,2237,-466
2886856888,1380375,3355,2719,636
2886856888,1440386,7349,2091,5258
2886856888,1500397,8569,2093,6476
2886856888,1560408,3970,2799,1171
2886856888,1620408,5552,1879,3673
2886907332,0,2500,2500,0
2886907332,60012,0,0,0
2886907332,120026,362,542,-180
2886907332,180079,1646,1296,350
2886907332,240109,2546,1518,1028
2886907332,300126,1209,2235,-1026
2886907332,360132,2592,3437,-845
2886907332,420135,4216,3863,353
2886907332,480167,4964,2868,2096
2886907332,540179,3812,1450,2362
2886907332,600193,3432,3073,359
2886907332,660226,2355,2663,-308
2886907332,720250,4484,3242,1242
2886907332,780266,5242,1302,3940
2886907332,840285,2622,2455,167
2886907332,900316,5542,3448,2094
2886907332,960340,6726,2298,4428
2886907332,1020347,3452,4017,-565
2886907332,1080359,3624,6032,-2408
2886907332,1140382,4602,3884,718
2886907332,1200401,4582,1325,3257
2886907332,1260433,5274,3165,2109
2886907332,1320440,8990,1622,7368
2886907332,1380449,3442,3173,269
2886907332,1440460,4416,3481,935
2886907332,1500466,2473,4754,-2281
2886907332,1560481,5462,1656,3806
2886907332,1620481,7741,2657,5084
2886951917,0,7000,7000,0
2886951917,60003,250,65,185
2886951917,120017,2683,2379,304
2886951917,180026,3444,4317,-873
2886951917,240028,3029,3788,-759
2886951917,300050,4826,5886,-1060
2886951917,360065,6532,3313,3219
2886951917,420071,6098,2636,3462
2886951917,480095,1603,5922,-4319
2886951917,540118,3432,5524,-2092
2886951917,600141,4763,2170,2593
2886951917,660168,7750,4761,2989
2886951917,720173,8679,2753,5926
2886951917,780196,6904,3533,3371
2886951917,840219,6796,2181,4615
2886951917,900252,5454,5165,289
2886951917,960252,2593,8506,-5913
2886951917,1020275,3462,2583,879
2886951917,1080285,3018,2869,149
2886951917,1140312,3720,5179,-1459
2886951917,1200334,4257,6636,-2379
2886951917,1260357,3688,5198,-1510
2886951917,1320382,3958,6191,-2233
2886951917,1380387,6913,3826,3087
2886951917,1440389,4839,5990,-1151
2886951917,1500414,8573,7820,753
2886951917,1560429,5343,5891,-548
2886951917,1620453,5369,4819,550
2887037911,0,2500,2500,0
2887037911,60001,0,25,-25
2887037911,120006,362,464,-102
2887037911,180057,2346,1531,815
2887037911,240083,2088,2562,-474
2887037911,300095,2031,958,1073
2887037911,360125,2648,1565,1083
2887037911,420144,3641,2738,903
2887037911,480162,2384,2178,206
2887037911,540177,2115,1694,421
2887037911,600206,2974,3354,-380
2887037911,660227,2189,3410,-1221
2887037911,720228,4590,3381,1209
2887037911,780251,4627,1294,3333
2887037911,840269,5215,2144,3071
2887037911,900285,3452,4268,-816
2887037911,960292,3115,3861,-746
2887037911,1020310,4518,2139,2379
2887037911,1080327,6964,2223,4741
2887037911,1140344,2930,2847,83
2887037911,1200345,4526,5278,-752
2887037911,1260368,4230,2285,1945
2887037911,1320388,3303,2978,325
2887037911,1380404,4097,3627,470
2887037911,1440425,2417,4307,-1890
2887037911,1500453,3049,4063,-1014
2887037911,1560472,6738,2325,4413
2887037911,1620472,9797,2246,7551
2887069079,0,2500,2500,0
2887069079,60011,0,0,0
2887069079,120012,436,363,73
2887069079,180041,1923,1650,273
2887069079,240047,3979,3635,344
2887069079,300079,1809,2535,-726
2887069079,360109,2267,3689,-1422
2887069079,420141,4917,2515,2402
2887069079,480150,1838,3983,-2145
2887069079,540156,2038,3099,-1061
2887069079,600163,3319,1602,1717
2887069079,660187,6193,2438,3755
2887069079,720199,5063,2649,2414
2887069079,780206,7507,2615,4892
2887069079,840235,5286,4091,1195
2887069079,900236,1907,4599,-2692
2887069079,960260,3833,4887,-1054
2887069079,1020269,3350,2151,1199
2887069079,1080289,2847,2074,773
2887069079,1140292,6283,2234,4049
2887069079,1200317,5748,2282,3466
2887069079,1260318,4575,3626,949
2887069079,1320342,2096,3979,-1883
2887069079,1380358,4665,2488,2177
2887069079,1440359,4165,1345,2820
2887069079,1500375,6367,2757,3610
2887069079,1560381,10056,2570,7486
2887069079,1620412,6356,4816,1540
2887071707,0,2500,2500,0
2887071707,60011,0,0,0
2887071707,120042,479,412,67
2887071707,180076,1800,1625,175
2887071707,240076,3043,1826,1217
2887071707,300109,2540,2768,-228
2887071707,360138,2018,3727,-1709
2887071707,420155,3125,881,2244
2887071707,480164,3617,2490,1127
2887071707,540178,3296,2063,1233
2887071707,600199,5447,2374,3073
2887071707,660222,2711,2942,-231
2887071707,720239,2305,2221,84
2887071707,780251,3132,1568,1564
2887071707,840275,5046,2961,2085
2887071707,900307,3071,2888,183
2887071707,960331,4191,5258,-1067
2887071707,1020340,4256,4615,-359
2887071707,1080368,7623,2421,5202
2887071707,1140370,4656,3143,1513
2887071707,1200402,2194,3281,-1087
2887071707,1260410,3361,3342,19
2887071707,1320421,4070,2825,1245
2887071707,1380429,4164,1319,2845
2887071707,1440459,6436,2959,3477
2887071707,1500476,3250,3674,-424
2887071707,1560483,5062,2531,2531
2887071707,1620483,6563,2341,4222
2887153769,0,2500,2500,0
2887153769,60022,0,0,0
2887153769,120025,378,408,-30
2887153769,180054,2286,1534,752
2887153769,240068,3393,2858,535
2887153769,300105,2629,1851,778
2887153769,360112,4077,3308,769
2887153769,420114,2514,4456,-1942
2887153769,480121,2250,2993,-743
2887153769,540124,1937,3082,-1145
2887153769,600145,2981,2966,15
2887153769,660156,3637,2003,1634
2887153769,720174,7190,2790,4400
2887153769,780178,3775,4666,-891
2887153769,840203,5343,3925,1418
2887153769,900230,3614,2138,1476
2887153769,960240,1586,2931,-1345
2887153769,1020243,3256,4541,-1285
2887153769,1080255,2811,2122,689
2887153769,1140264,2733,4783,-2050
2887153769,1200279,3384,2381,1003
2887153769,1260288,5428,1939,3489
2887153769,1320318,1007,2597,-1590
2887153769,1380320,5760,2768,2992
2887153769,1440330,3846,3635,211
2887153769,1500355,3095,4188,-1093
2887153769,1560363,4042,5661,-1619
2887153769,1620385,6987,5690,1297
2887218664,0,2500,2500,0
2887218664,60024,0,0,0
2887218664,120039,325,491,-166
2887218664,180042,1876,1610,266
2887218664,240043,2544,3123,-579
2887218664,300058,1836,1718,118
2887218664,360075,1779,1835,-56
2887218664,420105,2019,1674,345
2887218664,480106,2218,2482,-264
2887218664,540124,3642,3977,-335
2887218664,600133,2595,5232,-2637
2887218664,660139,2790,1488,1302
2887218664,720153,4833,2982,1851
2887218664,780176,1647,4932,-3285
2887218664,840208,3770,1353,2417
2887218664,900232,3031,4374,-1343
2887218664,960259,2092,2463,-371
2887218664,1020266,3956,2695,1261
2887218664,1080290,4186,2352,1834
2887218664,1140313,3876,2618,1258
2887218664,1200333,2176,3119,-943
2887218664,1260347,3839,2702,1137
2887218664,1320372,5157,4513,644
2887218664,1380393,3081,1490,1591
2887218664,1440399,2882,4901,-2019
2887218664,1500408,4141,4239,-98
2887218664,1560415,4829,1379,3450
2887218664,1620415,8240,2040,6200
2887236169,0,2500,2500,0
2887236169,60020,0,500,-500
2887236169,120027,392,355,37
2887236169,180028,1953,2169,-216
2887236169,240057,3278,2261,1017
2887236169,300088,3847,2172,1675
2887236169,360093,2903,1442,1461
2887236169,420111,2618,2503,115
2887236169,480134,5044,3766,1278
2887236169,540162,4191,4353,-162
2887236169,600192,4223,5986,-1763
2887236169,660212,2962,3356,-394
2887236169,720239,4537,4118,419
2887236169,780246,7090,2897,4193
2887236169,840262,3981,1226,2755
2887236169,900284,6383,2318,4065
2887236169,960315,2748,3076,-328
2887236169,1020326,4792,2182,2610
2887236169,1080357,9289,1396,7893
2887236169,1140365,9533,2133,7400
2887236169,1200374,5861,1544,4317
2887236169,1260390,7674,2225,5449
2887236169,1320402,7047,2075,4972
2887236169,1380404,6778,3175,3603
2887236169,1440413,3654,3733,-79
2887236169,1500423,4903,2326,2577
2887236169,1560445,5565,3418,2147
2887236169,1620445,6459,2273,4186
2887308392,0,2500,2500,0
2887308392,60008,500,0,500
2887308392,120037,1626,196,1430
2887308392,180074,2292,1295,997
2887308392,240088,1557,3585,-2028
2887308392,300105,3014,1679,1335
2887308392,360116,4217,2516,1701
2887308392,420119,2259,3529,-1270
2887308392,480149,2895,4835,-1940
2887308392,540163,3285,4450,-1165
2887308392,600180,4339,2712,1627
2887308392,660207,3395,2957,438
2887308392,720227,2242,1958,284
2887308392,780251,3466,2552,914
2887308392,840258,5368,2368,3000
2887308392,900278,3028,3906,-878
2887308392,960310,6824,3654,3170
2887308392,1020323,2315,2550,-235
2887308392,1080340,3651,3164,487
2887308392,1140341,3053,2060,993
2887308392,1200343,5007,3442,1565
2887308392,1260365,5535,5102,433
2887308392,1320386,5732,4105,1627
2887308392,1380402,8536,2790,5746
2887308392,1440420,13629,3892,9737
2887308392,1500434,4940,3292,1648
2887308392,1560443,4745,3564,1181
2887308392,1620443,6367,2689,3678
2887356603,0,2500,2500,0
2887356603,60002,0,0,0
2887356603,120031,384,435,-51
2887356603,180082,1797,1901,-104
2887356603,240102,4295,2260,2035
2887356603,300116,1491,2229,-738
2887356603,360121,2737,3336,-599
2887356603,420125,2255,3227,-972
2887356603,480131,1446,2006,-560
2887356603,540132,3946,2444,1502
2887356603,600160,2431,3186,-755
2887356603,660183,4062,1432,2630
2887356603,720212,3809,4378,-569
2887356603,780236,5037,3177,1860
2887356603,840242,6212,4600,1612
2887356603,900268,4994,3234,1760
2887356603,960272,4173,1971,2202
2887356603,1020298,3200,2704,496
2887356603,1080322,3318,3101,217
2887356603,1140327,2083,3159,-1076
2887356603,1200332,4253,2322,1931
2887356603,1260337,5432,3623,1809
2887356603,1320342,3428,1610,1818
2887356603,1380366,4123,2013,2110
2887356603,1440381,5734,3501,2233
2887356603,1500402,8662,2137,6525
2887356603,1560422,4903,2320,2583
2887356603,1620451,9824,2493,7331
2887362307,0,2500,2500,0
2887362307,60026,0,0,0
2887362307,120042,378,414,-36
2887362307,180090,1697,2288,-591
2887362307,240120,2321,2872,-551
2887362307,300152,2728,2578,150
2887362307,360173,3883,2812,1071
2887362307,420201,2949,3951,-1002
2887362307,480202,1407,2970,-1563
2887362307,540215,3378,2269,1109
2887362307,600241,1723,1935,-212
2887362307,660252,3646,2344,1302
2887362307,720261,1039,2346,-1307
2887362307,780289,2727,2456,271
2887362307,840303,3193,5110,-1917
2887362307,900330,3176,2547,629
2887362307,960352,4449,2697,1752
2887362307,1020374,4227,4678,-451
2887362307,1080399,1653,6500,-4847
2887362307,1140405,2801,3108,-307
2887362307,1200417,5245,3129,2116
2887362307,1260448,2939,3941,-1002
2887362307,1320470,6635,2856,3779
2887362307,1380497,2394,3236,-842
2887362307,1440522,4314,5771,-1457
2887362307,1500539,5607,2970,2637
2887362307,1560559,2324,3050,-726
2887362307,1620570,8563,2075,6488
2887376532,0,2500,2500,0
2887376532,60000,0,500,-500
2887376532,120003,349,401,-52
2887376532,180016,1703,1699,4
2887376532,240048,3023,3235,-212
2887376532,300080,3131,3867,-736
2887376532,360095,5282,4745,537
2887376532,420120,3167,3706,-539
2887376532,480127,4629,4559,70
2887376532,540153,2251,1064,1187
2887376532,600173,1227,1886,-659
2887376532,660195,4024,2404,1620
2887376532,720195,1877,2868,-991
2887376532,780226,3277,2807,470
2887376532,840226,3449,3369,80
2887376532,900247,3344,3877,-533
2887376532,960249,2337,3143,-806
2887376532,1020269,4191,3647,544
2887376532,1080290,7679,3499,4180
2887376532,1140294,5873,5459,414
2887376532,1200298,3074,4585,-1511
2887376532,1260322,4618,6493,-1875
2887376532,1320341,4343,4995,-652
2887376532,1380369,3211,3895,-684
2887376532,1440378,2299,1751,548
2887376532,1500404,4300,3166,1134
2887376532,1560423,9605,2690,6915
2887376532,1620423,9079,2579,6500
2887415830,0,2500,2500,0
2887415830,60002,0,0,0
2887415830,120006,316,362,-46
2887415830,180010,1579,1859,-280
2887415830,240022,2770,1926,844
2887415830,300028,2780,2403,377
2887415830,360053,3124,3486,-362
2887415830,420055,4423,1905,2518
2887415830,480076,2460,2282,178
2887415830,540110,4733,1568,3165
2887415830,600123,5637,2372,3265
2887415830,660151,4007,3705,302
2887415830,720179,1934,4350,-2416
2887415830,780208,3686,1241,2445
2887415830,840213,5165,3727,1438
2887415830,900222,2123,5358,-3235
2887415830,960246,4325,1245,3080
2887415830,1020264,3761,1577,2184
2887415830,1080295,4013,2205,1808
2887415830,1140312,1712,2442,-730
2887415830,1200342,5951,887,5064
2887415830,1260369,3971,1379,2592
2887415830,1320389,1211,3030,-1819
2887415830,1380409,3366,2524,842
2887415830,1440421,6603,1947,4656
2887415830,1500441,2046,3363,-1317
2887415830,1560472,5571,1198,4373
2887415830,1620472,8979,1325,7654
2887433430,0,2500,2500,0
2887433430,60006,0,0,0
2887433430,120010,325,384,-59
2887433430,180029,1622,1775,-153
2887433430,240050,3548,2316,1232
2887433430,300059,3767,2771,996
2887433430,360083,3989,3182,807
2887433430,420115,1890,4328,-2438
2887433430,480127,2404,2480,-76
2887433430,540143,2973,2331,642
2887433430,600165,3898,2924,974
2887433430,660166,3671,1901,1770
2887433430,720198,5497,1285,4212
2887433430,780200,4767,2555,2212
2887433430,840220,2548,2874,-326
2887433430,900245,2451,2067,384
2887433430,960254,3309,4385,-1076
2887433430,1020264,4016,2524,1492
2887433430,1080282,3452,2950,502
2887433430,1140287,3980,3507,473
2887433430,1200295,5148,2630,2518
2887433430,1260302,2249,2198,51
2887433430,1320321,3954,2220,1734
2887433430,1380331,4067,2443,1624
2887433430,1440346,7975,2095,5880
2887433430,1500363,4774,2653,2121
2887433430,1560365,4488,3161,1327
2887433430,1620365,6839,4321,2518
2887462729,0,2500,2500,0
2887462729,60028,0,0,0
2887462729,120046,351,503,-152
2887462729,180057,2229,1684,545
2887462729,240068,2072,2328,-256
2887462729,300076,2458,1313,1145
2887462729,360079,3713,2894,819
2887462729,420117,4706,3059,1647
2887462729,480130,1706,3199,-1493
2887462729,540143,1557,2683,-1126
2887462729,600145,3030,3505,-475
2887462729,660170,4481,2753,1728
2887462729,720199,5358,2927,2431
2887462729,780229,1116,1724,-608
2887462729,840230,2319,2979,-660
2887462729,900238,4672,3293,1379
2887462729,960244,4694,1535,3159
2887462729,1020276,4832,3271,1561
2887462729,1080281,3641,3617,24
2887462729,1140310,3547,2807,740
2887462729,1200323,3820,2220,1600
2887462729,1260331,5706,3942,1764
2887462729,1320372,5074,2488,2586
2887462729,1380385,3412,4682,-1270
2887462729,1440400,4216,5086,-870
2887462729,1500413,3021,2930,91
2887462729,1560436,5870,1621,4249
2887462729,1620436,6786,2487,4299
2887485732,0,2500,2500,0
2887485732,60016,0,0,0
2887485732,120021,421,434,-13
2887485732,180088,2316,1836,480
2887485732,240115,3616,2894,722
2887485732,300123,1839,1739,100
2887485732,360128,1699,2502,-803
2887485732,420137,1938,2118,-180
2887485732,480159,2915,3407,-492
2887485732,540191,3947,4604,-657
2887485732,600208,4558,4525,33
2887485732,660217,1581,4516,-2935
2887485732,720232,2823,1661,1162
2887485732,780246,3825,1948,1877
2887485732,840263,3325,3286,39
2887485732,900288,5656,2957,2699
2887485732,960294,1630,3570,-1940
2887485732,1020318,1648,3372,-1724
2887485732,1080340,4258,3544,714
2887485732,1140360,4164,2640,1524
2887485732,1200377,4702,4205,497
2887485732,1260389,4510,3360,1150
2887485732,1320394,4429,4470,-41
2887485732,1380404,4743,2917,1826
2887485732,1440433,3230,2729,501
2887485732,1500450,3854,2830,1024
2887485732,1560452,3428,2750,678
2887485732,1620452,6446,4008,2438
2887505208,0,2500,2500,0
2887505208,60017,0,0,0
2887505208,120021,380,426,-46
2887505208,180031,2156,1903,253
2887505208,240079,3326,1976,1350
2887505208,300102,4486,3056,1430
2887505208,360125,2921,1996,925
2887505208,420143,1838,2536,-698
2887505208,480154,2895,2201,694
2887505208,540179,3388,1576,1812
2887505208,600204,5815,2431,3384
2887505208,660219,2697,4404,-1707
2887505208,720240,4112,2381,1731
2887505208,780259,4217,2359,1858
2887505208,840278,6385,3003,3382
2887505208,900309,5270,2791,2479
2887505208,960324,5779,1522,4257
2887505208,1020351,3457,2939,518
2887505208,1080385,7554,3528,4026
2887505208,1140418,3649,2264,1385
2887505208,1200418,3117,2551,566
2887505208,1260442,6195,2689,3506
2887505208,1320443,3795,1921,1874
2887505208,1380464,3912,1515,2397
2887505208,1440479,7904,3116,4788
2887505208,1500489,5881,2869,3012
2887505208,1560502,8592,2863,5729
2887505208,1620502,7637,2504,5133
2887666047,0,2500,2500,0
2887666047,60031,0,0,0
2887666047,120033,353,423,-70
2887666047,180062,1565,1930,-365
2887666047,240090,1979,2153,-174
2887666047,300121,2759,2916,-157
2887666047,360151,2469,2262,207
2887666047,420180,1904,3714,-1810
2887666047,480185,3140,4166,-1026
2887666047,540188,4305,5271,-966
2887666047,600191,2810,3236,-426
2887666047,660223,3469,3129,340
2887666047,720226,2977,4760,-1783
2887666047,780235,2926,1337,1589
2887666047,840235,4318,2865,1453
2887666047,900243,3118,3024,94
2887666047,960265,5016,2483,2533
2887666047,1020288,3478,4310,-832
2887666047,1080319,4323,2164,2159
2887666047,1140343,8198,1861,6337
2887666047,1200359,9100,2965,6135
2887666047,1260370,3877,3682,195
2887666047,1320392,4248,3822,426
2887666047,1380412,6237,3690,2547
2887666047,1440420,9865,4084,5781
2887666047,1500439,1931,2713,-782
2887666047,1560467,6478,3356,3122
2887666047,1620467,7929,1836,6093
2887730284,0,2500,2500,0
2887730284,60006,0,100,-100
2887730284,120008,384,348,36
2887730284,180069,1652,1164,488
2887730284,240097,4401,1652,2749
2887730284,300123,2176,1536,640
2887730284,360159,2753,2252,501
2887730284,420165,3684,2560,1124
2887730284,480182,4684,3553,1131
2887730284,540192,3244,2520,724
2887730284,600195,2965,3542,-577
2887730284,660217,5709,3054,2655
2887730284,720227,4542,2407,2135
2887730284,780228,4496,4680,-184
2887730284,840254,3676,6307,-2631
2887730284,900262,6681,2060,4621
2887730284,960262,6714,1240,5474
2887730284,1020275,1816,2198,-382
2887730284,1080288,2909,3818,-909
2887730284,1140312,5618,2862,2756
2887730284,1200337,11027,3593,7434
2887730284,1260341,9300,4632,4668
2887730284,1320364,3848,4746,-898
2887730284,1380367,4126,5436,-1310
2887730284,1440393,4725,5494,-769
2887730284,1500421,2232,3178,-946
2887730284,1560431,4033,3800,233
2887730284,1620431,2717,3451,-734
2887899820,0,2500,2500,0
2887899820,60002,0,25,-25
2887899820,120008,411,409,2
2887899820,180057,2545,1261,1284
2887899820,240090,2527,2656,-129
2887899820,300104,1037,1451,-414
2887899820,360116,2167,2684,-517
2887899820,420145,1952,4270,-2318
2887899820,480177,3942,2085,1857
2887899820,540197,6395,1916,4479
2887899820,600228,3103,2390,713
2887899820,660240,3631,3672,-41
2887899820,720245,4386,3096,1290
2887899820,780247,3931,2449,1482
2887899820,840280,6857,3714,3143
2887899820,900309,4562,2790,1772
2887899820,960319,3420,3123,297
2887899820,1020342,2540,3041,-501
2887899820,1080358,3781,1746,2035
2887899820,1140389,5790,2414,3376
2887899820,1200419,3577,3855,-278
2887899820,1260444,4913,2419,2494
2887899820,1320461,1766,2112,-346
2887899820,1380475,4580,2941,1639
2887899820,1440499,2924,3967,-1043
2887899820,1500503,6935,1763,5172
2887899820,1560518,10565,2084,8481
2887899820,1620518,11733,2024,9709
2887923558,0,2500,2500,0
2887923558,60007,0,0,0
2887923558,120010,466,456,10
2887923558,180070,1660,2703,-1043
2887923558,240077,2490,3304,-814
2887923558,300092,2133,1814,319
2887923558,360102,2686,2417,269
2887923558,420112,2816,2663,153
2887923558,480122,3725,2464,1261
2887923558,540135,5329,4050,1279
2887923558,600150,3974,3364,610
2887923558,660156,3668,1988,1680
2887923558,720178,2369,2437,-68
2887923558,780182,4127,2504,1623
2887923558,840186,796,2484,-1688
2887923558,900207,3237,3096,141
2887923558,960209,4731,4780,-49
2887923558,1020212,4085,2864,1221
2887923558,1080238,7595,2775,4820
2887923558,1140253,7560,1588,5972
2887923558,1200262,4829,3447,1382
2887923558,1260276,5316,3050,2266
2887923558,1320281,3226,3279,-53
2887923558,1380295,3162,1593,1569
2887923558,1440311,5912,2251,3661
2887923558,1500316,1602,4593,-2991
2887923558,1560321,5926,3417,2509
2887923558,1620321,6246,2012,4234
2887967401,0,2500,2500,0
2887967401,60025,25,0,25
2887967401,120058,323,358,-35
2887967401,180082,2146,1489,657
2887967401,240112,2813,2595,218
2887967401,300141,4243,2541,1702
2887967401,360171,3900,3367,533
2887967401,420202,2656,1792,864
2887967401,480232,2373,1860,513
2887967401,540263,3693,3729,-36
2887967401,600267,3566,3937,-371
2887967401,660276,5285,4512,773
2887967401,720279,4918,959,3959
2887967401,780285,3447,2373,1074
2887967401,840304,3246,3310,-64
2887967401,900319,3401,1624,1777
2887967401,960324,3817,2637,1180
2887967401,1020344,6273,4225,2048
2887967401,1080359,3637,2999,638
2887967401,1140385,6091,1905,4186
2887967401,1200412,7790,4052,3738
2887967401,1260431,6492,4990,1502
2887967401,1320449,3145,973,2172
2887967401,1380476,4787,3192,1595
2887967401,1440494,7540,3024,4516
2887967401,1500495,7368,2079,5289
2887967401,1560507,7120,2795,4325
2887967401,1620507,11029,3236,7793
2888062194,0,2500,2500,0
2888062194,60001,0,0,0
2888062194,120002,477,398,79
2888062194,180031,2168,2224,-56
2888062194,240055,2670,3127,-457
2888062194,300092,1963,3342,-1379
2888062194,360121,1996,2953,-957
2888062194,420153,3260,1613,1647
2888062194,480165,1999,3017,-1018
2888062194,540196,4537,1391,3146
2888062194,600208,5098,3524,1574
2888062194,660211,3325,2341,984
2888062194,720243,862,2240,-1378
2888062194,780245,2148,4256,-2108
2888062194,840259,3045,552,2493
2888062194,900286,3214,2119,1095
2888062194,960302,4426,3053,1373
2888062194,1020321,3721,4472,-751
2888062194,1080349,2650,5588,-2938
2888062194,1140373,4973,5072,-99
2888062194,1200388,3722,1202,2520
2888062194,1260416,3981,3905,76
2888062194,1320416,2323,2586,-263
2888062194,1380423,4960,4258,702
2888062194,1440440,2893,5737,-2844
2888062194,1500469,2937,7100,-4163
2888062194,1560492,8574,5947,2627
2888062194,1620492,7608,6428,1180
2888078684,0,2500,2500,0
2888078684,60031,0,50,-50
2888078684,120040,381,436,-55
2888078684,180048,1510,1786,-276
2888078684,240056,2526,2660,-134
2888078684,300092,3364,3297,67
2888078684,360109,4278,3041,1237
2888078684,420115,4354,2592,1762
2888078684,480134,5650,2155,3495
2888078684,540150,1751,3594,-1843
2888078684,600176,1921,5853,-3932
2888078684,660205,2912,4936,-2024
2888078684,720228,3518,3804,-286
2888078684,780240,3929,1989,1940
2888078684,840248,3547,3124,423
2888078684,900272,828,4466,-3638
2888078684,960300,2480,4071,-1591
2888078684,1020308,2643,2226,417
2888078684,1080319,2938,1758,1180
2888078684,1140323,1727,3040,-1313
2888078684,1200343,1947,3471,-1524
2888078684,1260365,5315,3966,1349
2888078684,1320389,9148,3196,5952
2888078684,1380392,1821,3527,-1706
2888078684,1440401,5590,2834,2756
2888078684,1500412,4756,1749,3007
2888078684,1560439,1892,2388,-496
2888078684,1620439,3649,2630,1019
2888126964,0,2500,2500,0
2888126964,60006,0,0,0
2888126964,120015,441,487,-46
2888126964,180037,1670,1568,102
2888126964,240062,2157,2394,-237
2888126964,300085,2081,2586,-505
2888126964,360088,1939,3408,-1469
2888126964,420118,2706,2961,-255
2888126964,480124,2745,1457,1288
2888126964,540126,3998,2800,1198
2888126964,600147,4975,2981,1994
2888126964,660148,1845,5019,-3174
2888126964,720181,2373,3239,-866
2888126964,780200,2600,2938,-338
2888126964,840222,4460,3808,652
2888126964,900240,3472,4414,-942
2888126964,960271,1440,2573,-1133
2888126964,1020274,1703,6410,-4707
2888126964,1080279,6098,1263,4835
2888126964,1140289,1512,2759,-1247
2888126964,1200291,2643,3379,-736
2888126964,1260313,2370,3292,-922
2888126964,1320326,6138,2318,3820
2888126964,1380330,3996,2821,1175
2888126964,1440346,4285,3291,994
2888126964,1500355,2499,4099,-1600
2888126964,1560377,5960,2750,3210
2888126964,1620377,5421,3933,1488
2888137846,0,2500,2500,0
2888137846,60025,0,0,0
2888137846,120057,382,290,92
2888137846,180110,1733,1309,424
2888137846,240123,2413,2516,-103
2888137846,300129,3648,3444,204
2888137846,360147,2743,3342,-599
2888137846,420164,1892,3082,-1190
2888137846,480192,2379,5929,-3550
2888137846,540219,1085,2149,-1064
2888137846,600239,2908,3690,-782
2888137846,660242,2362,1941,421
2888137846,720264,1949,3175,-1226
2888137846,780284,3464,3179,285
2888137846,840302,5331,3543,1788
2888137846,900311,1781,4566,-2785
2888137846,960330,3214,3334,-120
2888137846,1020351,4103,2984,1119
2888137846,1080368,3772,3155,617
2888137846,1140396,6763,4013,2750
2888137846,1200416,6370,2257,4113
2888137846,1260437,3217,3046,171
2888137846,1320443,7324,3923,3401
2888137846,1380472,3757,3036,721
2888137846,1440478,3815,4635,-820
2888137846,1500505,1606,4932,-3326
2888137846,1560519,4138,4584,-446
2888137846,1620519,6839,5076,1763
2888149853,0,2500,2500,0
2888149853,60029,0,0,0
2888149853,120041,433,454,-21
2888149853,180045,2245,1389,856
2888149853,240055,3777,1980,1797
2888149853,300080,2016,3948,-1932
2888149853,360092,1840,3731,-1891
2888149853,420096,2649,2459,190
2888149853,480115,2445,963,1482
2888149853,540147,2238,2679,-441
2888149853,600172,2496,2479,17
2888149853,660201,2629,4250,-1621
2888149853,720223,1301,1104,197
2888149853,780238,2679,1898,781
2888149853,840269,3964,3861,103
2888149853,900290,1315,2554,-1239
2888149853,960308,2804,2973,-169
2888149853,1020325,2145,2186,-41
2888149853,1080330,2716,6014,-3298
2888149853,1140361,2192,6085,-3893
2888149853,1200376,4326,2983,1343
2888149853,1260401,4952,1967,2985
2888149853,1320427,1865,5453,-3588
2888149853,1380444,5799,1602,4197
2888149853,1440466,2107,3144,-1037
2888149853,1500472,3382,2789,593
2888149853,1560498,8094,4065,4029
2888149853,1620498,6843,1418,5425
2888167071,0,2500,2500,0
2888167071,60017,0,0,0
2888167071,120023,528,418,110
2888167071,180041,2791,1703,1088
2888167071,240061,3147,2538,609
2888167071,300067,4955,1415,3540
2888167071,360071,809,2326,-1517
2888167071,420082,2625,2766,-141
2888167071,480091,4450,1711,2739
2888167071,540103,1801,4525,-2724
2888167071,600136,3440,2757,683
2888167071,660165,3994,5480,-1486
2888167071,720186,2382,5025,-2643
2888167071,780216,1528,6082,-4554
2888167071,840240,3161,2299,862
2888167071,900241,3023,5057,-2034
2888167071,960271,3214,5374,-2160
2888167071,1020301,5197,2981,2216
2888167071,1080319,2437,2566,-129
2888167071,1140343,3037,3608,-571
2888167071,1200362,3307,3867,-560
2888167071,1260373,3066,3395,-329
2888167071,1320391,3115,2680,435
2888167071,1380413,2489,4234,-1745
2888167071,1440440,3089,6042,-2953
2888167071,1500457,2642,3925,-1283
2888167071,1560464,4225,3939,286
2888167071,1620464,5482,2868,2614
2888175467,0,2500,2500,0
2888175467,60030,0,25,-25
2888175467,120060,412,347,65
2888175467,180070,1683,1517,166
2888175467,240075,1775,2951,-1176
2888175467,300096,2593,3554,-961
2888175467,360121,4102,3744,358
2888175467,420124,3775,5322,-1547
2888175467,480151,4937,6701,-1764
2888175467,540157,6110,5402,708
2888175467,600159,6316,7050,-734
2888175467,660189,3988,2301,1687
2888175467,720219,5721,2964,2757
2888175467,780236,985,2990,-2005
2888175467,840266,2475,4707,-2232
2888175467,900276,3187,5464,-2277
2888175467,960280,2879,2179,700
2888175467,1020288,3319,4446,-1127
2888175467,1080312,3138,5480,-2342
2888175467,1140326,4840,3188,1652
2888175467,1200336,2626,3892,-1266
2888175467,1260346,2055,3389,-1334
2888175467,1320365,2665,3960,-1295
2888175467,1380383,4511,5290,-779
2888175467,1440426,4496,6795,-2299
2888175467,1500428,4821,412,4409
2888175467,1560433,9896,1766,8130
2888175467,1620433,8413,3469,4944
2888283171,0,7000,7000,0
2888283171,60002,0,0,0
2888283171,120034,2651,1686,965
2888283171,180048,4902,4059,843
2888283171,240080,7585,4052,3533
2888283171,300081,3415,7497,-4082
2888283171,360081,5249,4200,1049
2888283171,420088,1989,8316,-6327
2888283171,480118,4813,2989,1824
2888283171,540127,3715,6469,-2754
2888283171,600156,3436,5239,-1803
2888283171,660171,5393,5513,-120
2888283171,720202,4087,3344,743
2888283171,780218,6465,5429,1036
2888283171,840250,6010,8100,-2090
2888283171,900251,8413,9850,-1437
2888283171,960256,10640,12342,-1702
2888283171,1020280,9075,13514,-4439
2888283171,1080295,5043,12145,-7102
2888283171,1140313,8170,14529,-6359
2888283171,1200323,10775,7179,3596
2888283171,1260343,7301,4672,2629
2888283171,1320347,6781,5137,1644
2888283171,1380378,9136,7353,1783
2888283171,1440401,4985,11206,-6221
2888283171,1500432,6984,12251,-5267
2888283171,1560447,9535,11947,-2412
2888283171,1620460,11846,14360,-2514
2888392309,0,2500,2500,0
2888392309,60025,0,0,0
2888392309,120057,410,354,56
2888392309,180079,1570,1766,-196
2888392309,240081,3079,1821,1258
2888392309,300111,2059,2924,-865
2888392309,360140,2178,2978,-800
2888392309,420171,3854,2137,1717
2888392309,480180,1156,4231,-3075
2888392309,540187,2805,1778,1027
2888392309,600198,2699,1691,1008
2888392309,660210,2926,3173,-247
2888392309,720242,3779,1631,2148
2888392309,780260,3119,5282,-2163
2888392309,840277,6281,2119,4162
2888392309,900289,2934,3125,-191
2888392309,960312,2128,5140,-3012
2888392309,1020324,3548,2888,660
2888392309,1080347,1807,4985,-3178
2888392309,1140348,5575,3423,2152
2888392309,1200375,2443,5561,-3118
2888392309,1260383,2369,1379,990
2888392309,1320401,4095,3236,859
2888392309,1380428,7108,3296,3812
2888392309,1440454,5850,3544,2306
2888392309,1500482,960,5483,-4523
2888392309,1560494,3892,2754,1138
2888392309,1620517,7892,1998,5894
2888392624,0,2500,2500,0
2888392624,60014,0,500,-500
2888392624,120017,400,950,-550
2888392624,180036,1456,2745,-1289
2888392624,240047,3111,3405,-294
2888392624,300074,3468,1369,2099
2888392624,360096,2504,1367,1137
2888392624,420097,2849,2411,438
2888392624,480126,3176,3114,62
2888392624,540145,4400,1002,3398
2888392624,600148,2129,2231,-102
2888392624,660157,3315,4325,-1010
2888392624,720162,4376,3719,657
2888392624,780163,7661,3219,4442
2888392624,840171,5499,2484,3015
2888392624,900201,2543,4260,-1717
2888392624,960222,6051,1609,4442
2888392624,1020252,4361,2388,1973
2888392624,1080270,7184,2084,5100
2888392624,1140274,4261,4213,48
2888392624,1200289,1875,2915,-1040
2888392624,1260306,5034,3143,1891
2888392624,1320309,1533,1585,-52
2888392624,1380315,4576,3493,1083
2888392624,1440318,3381,2936,445
2888392624,1500353,3524,2735,789
2888392624,1560358,5431,3138,2293
2888392624,1620358,7206,3588,3618
2888392898,0,2500,2500,0
2888392898,60030,500,0,500
2888392898,120032,869,352,517
2888392898,180061,1277,2610,-1333
2888392898,240090,3049,3119,-70
2888392898,300119,2495,3654,-1159
2888392898,360121,2236,3821,-1585
2888392898,420150,1867,3663,-1796
2888392898,480152,3515,4976,-1461
2888392898,540181,6490,2708,3782
2888392898,600211,2907,3631,-724
2888392898,660240,2061,4376,-2315
2888392898,720271,4668,3638,1030
2888392898,780299,3191,3091,100
2888392898,840300,2894,4241,-1347
2888392898,900330,3366,5089,-1723
2888392898,960339,2387,4863,-2476
2888392898,1020340,5167,4533,634
2888392898,1080368,4574,2502,2072
2888392898,1140398,4287,2693,1594
2888392898,1200424,3149,2937,212
2888392898,1260451,5597,3500,2097
2888392898,1320461,4846,4057,789
2888392898,1380470,7835,2595,5240
2888392898,1440478,6973,2254,4719
2888392898,1500495,2550,2279,271
2888392898,1560519,6515,2650,3865
2888392898,1620519,7875,4909,2966
2888397808,0,2500,2500,0
2888397808,60003,0,0,0
2888397808,120033,483,389,94
2888397808,180081,2297,1727,570
2888397808,240085,3619,2624,995
2888397808,300115,2982,880,2102
2888397808,360142,2600,1798,802
2888397808,420147,1794,2372,-578
2888397808,480153,3270,2879,391
2888397808,540169,4578,3748,830
2888397808,600170,2543,4400,-1857
2888397808,660172,2590,1410,1180
2888397808,720179,2472,3176,-704
2888397808,780194,2334,3016,-682
2888397808,840223,3163,2129,1034
2888397808,900228,4948,3037,1911
2888397808,960244,4014,2344,1670
2888397808,1020260,4422,3589,833
2888397808,1080291,4309,2827,1482
2888397808,1140291,6235,2177,4058
2888397808,1200318,2813,3002,-189
2888397808,1260345,3345,4341,-996
2888397808,1320367,2855,3274,-419
2888397808,1380389,5599,2818,2781
2888397808,1440421,9050,2048,7002
2888397808,1500442,5194,3579,1615
2888397808,1560469,2405,2477,-72
2888397808,1620480,8714,3904,4810
2888451456,0,2500,2500,0
2888451456,60005,0,0,0
2888451456,120037,502,354,148
2888451456,180067,1391,1865,-474
2888451456,240098,3033,2418,615
2888451456,300103,3558,2201,1357
2888451456,360134,1503,2276,-773
2888451456,420139,1628,3247,-1619
2888451456,480156,3364,2480,884
2888451456,540165,3003,3010,-7
2888451456,600170,3832,2872,960
2888451456,660175,4134,3351,783
2888451456,720186,5824,2271,3553
2888451456,780201,3937,1884,2053
2888451456,840205,6499,3121,3378
2888451456,900209,8990,1843,7147
2888451456,960215,11302,3517,7785
2888451456,1020242,2992,3342,-350
2888451456,1080258,2002,3837,-1835
2888451456,1140286,4882,3142,1740
2888451456,1200291,4891,1793,3098
2888451456,1260317,6008,3907,2101
2888451456,1320322,8634,3976,4658
2888451456,1380339,6150,3312,2838
2888451456,1440342,5239,3373,1866
2888451456,1500371,7335,2437,4898
2888451456,1560404,7921,5489,2432
2888451456,1620404,9262,2453,6809
2888497326,0,7000,7000,0
2888497326,60009,215,75,140
2888497326,120014,2349,2259,90
2888497326,180047,4016,4063,-47
2888497326,240080,2816,3893,-1077
2888497326,300098,2850,2025,825
2888497326,360110,5268,2038,3230
2888497326,420122,4030,3276,754
2888497326,480129,3551,6459,-2908
2888497326,540162,2498,3576,-1078
2888497326,600177,3390,5544,-2154
2888497326,660184,4362,4816,-454
2888497326,720216,2043,4184,-2141
2888497326,780228,2782,5663,-2881
2888497326,840258,5304,6297,-993
2888497326,900266,7372,6489,883
2888497326,960296,3468,2667,801
2888497326,1020327,5792,3767,2025
2888497326,1080356,8439,5869,2570
2888497326,1140357,5072,6097,-1025
2888497326,1200361,5585,4589,996
2888497326,1260374,8417,2685,5732
2888497326,1320390,7129,5281,1848
2888497326,1380415,3483,3437,46
2888497326,1440427,6109,6174,-65
2888497326,1500449,9143,6161,2982
2888497326,1560464,6237,4161,2076
2888497326,1620494,9944,6025,3919
2888498795,0,2500,2500,0
2888498795,60006,500,0,500
2888498795,120007,236,320,-84
2888498795,180036,1881,1255,626
2888498795,240051,3209,2012,1197
2888498795,300060,3634,2116,1518
2888498795,360076,4792,3475,1317
2888498795,420082,3239,4284,-1045
2888498795,480100,4700,4534,166
2888498795,540111,3445,4306,-861
2888498795,600121,3430,2305,1125
2888498795,660141,1981,1823,158
2888498795,720151,2201,2458,-257
2888498795,780182,3569,3123,446
2888498795,840185,2904,3313,-409
2888498795,900209,4712,3887,825
2888498795,960235,4491,5973,-1482
2888498795,1020241,5379,1265,4114
2888498795,1080252,5464,2117,3347
2888498795,1140253,2691,2933,-242
2888498795,1200282,3723,3555,168
2888498795,1260301,5221,2430,2791
2888498795,1320319,3804,1477,2327
2888498795,1380337,6598,2229,4369
2888498795,1440367,4856,2434,2422
2888498795,1500398,7506,3001,4505
2888498795,1560413,5574,2249,3325
2888498795,1620413,6833,1819,5014
2888563254,0,2500,2500,0
2888563254,60032,0,0,0
2888563254,120033,551,438,113
2888563254,180061,1904,1858,46
2888563254,240062,2472,2166,306
2888563254,300092,4802,2137,2665
2888563254,360097,5599,2711,2888
2888563254,420128,2503,1162,1341
2888563254,480158,2023,3092,-1069
2888563254,540187,3800,2326,1474
2888563254,600194,4909,1835,3074
2888563254,660200,2057,3007,-950
2888563254,720214,3176,2366,810
2888563254,780233,3034,4990,-1956
2888563254,840264,5180,4849,331
2888563254,900285,6726,4481,2245
2888563254,960303,6946,868,6078
2888563254,1020328,1842,3403,-1561
2888563254,1080349,1573,1207,366
2888563254,1140381,2628,1695,933
2888563254,1200388,4466,2600,1866
2888563254,1260414,5566,3823,1743
2888563254,1320419,7542,1796,5746
2888563254,1380449,9429,3426,6003
2888563254,1440462,2469,4347,-1878
2888563254,1500477,4760,1832,2928
2888563254,1560494,9766,2479,7287
2888563254,1620494,10135,1254,8881
2888625752,0,2500,2500,0
2888625752,60012,0,0,0
2888625752,120017,379,474,-95
2888625752,180042,1964,1975,-11
2888625752,240056,2698,3752,-1054
2888625752,300057,3900,2697,1203
2888625752,360072,1907,2855,-948
2888625752,420100,2854,3508,-654
2888625752,480119,3166,4931,-1765
2888625752,540131,3394,3958,-564
2888625752,600138,4269,2242,2027
2888625752,660157,3415,3526,-111
2888625752,720172,3352,3636,-284
2888625752,780193,3156,3644,-488
2888625752,840201,6898,1054,5844
2888625752,900226,9487,1934,7553
2888625752,960236,975,2892,-1917
2888625752,1020248,4261,3876,385
2888625752,1080251,872,4042,-3170
2888625752,1140284,2257,3986,-1729
2888625752,1200286,6494,3172,3322
2888625752,1260312,1398,4933,-3535
2888625752,1320319,2626,4919,-2293
2888625752,1380360,4388,6331,-1943
2888625752,1440374,8157,6247,1910
2888625752,1500383,4042,1538,2504
2888625752,1560399,3118,2531,587
2888625752,1620399,6447,3787,2660
2888666377,0,2500,2500,0
2888666377,60027,0,0,0
2888666377,120038,1012,816,196
2888666377,180040,2970,845,2125
2888666377,240044,4123,2313,1810
2888666377,300078,2021,3380,-1359
2888666377,360108,1681,1606,75
2888666377,420131,3117,1512,1605
2888666377,480136,5424,2122,3302
2888666377,540149,3453,1231,2222
2888666377,600166,5753,1225,4528
2888666377,660190,2294,3033,-739
2888666377,720222,5243,2806,2437
2888666377,780237,7017,993,6024
2888666377,840267,5316,2699,2617
2888666377,900297,4043,4160,-117
2888666377,960310,2702,3688,-986
2888666377,1020330,1253,968,285
2888666377,1080356,3887,1740,2147
2888666377,1140370,1536,2531,-995
2888666377,1200393,3995,2787,1208
2888666377,1260425,6180,2345,3835
2888666377,1320453,6781,3585,3196
2888666377,1380468,2417,4369,-1952
2888666377,1440484,5656,1631,4025
2888666377,1500506,2195,3039,-844
2888666377,1560521,6658,4748,1910
2888666377,1620521,7426,3080,4346
2888703141,0,2500,2500,0
2888703141,60019,0,550,-550
2888703141,120027,355,864,-509
2888703141,180039,1585,1994,-409
2888703141,240064,2394,3006,-612
2888703141,300086,3338,4430,-1092
2888703141,360095,3131,3142,-11
2888703141,420095,809,4446,-3637
2888703141,480103,1702,1839,-137
2888703141,540106,1937,2271,-334
2888703141,600134,3070,2061,1009
2888703141,660160,2918,3199,-281
2888703141,720164,2845,4464,-1619
2888703141,780170,3627,2489,1138
2888703141,840187,6833,2140,4693
2888703141,900217,6871,1956,4915
2888703141,960244,4266,2621,1645
2888703141,1020257,2979,3714,-735
2888703141,1080266,5491,1377,4114
2888703141,1140293,5150,4335,815
2888703141,1200309,2241,2345,-104
2888703141,1260329,1858,3665,-1807
2888703141,1320359,3468,3017,451
2888703141,1380382,4441,2983,1458
2888703141,1440387,5037,4203,834
2888703141,1500394,5782,2874,2908
2888703141,1560397,11063,1308,9755
2888703141,1620397,9650,2225,7425
2888717236,0,2500,2500,0
2888717236,60014,0,0,0
2888717236,120029,486,377,109
2888717236,180041,1545,1940,-395
2888717236,240062,1070,1320,-250
2888717236,300074,2084,3702,-1618
2888717236,360102,2716,3519,-803
2888717236,420123,3494,1691,1803
2888717236,480147,5835,1367,4468
2888717236,540177,2502,2976,-474
2888717236,600180,2850,4109,-1259
2888717236,660191,4366,4304,62
2888717236,720191,2681,3966,-1285
2888717236,780209,4587,5806,-1219
2888717236,840217,4743,1848,2895
2888717236,900243,5708,3524,2184
2888717236,960246,1860,1886,-26
2888717236,1020250,2150,3821,-1671
2888717236,1080261,4796,2376,2420
2888717236,1140281,4149,1430,2719
2888717236,1200290,4504,1150,3354
2888717236,1260315,5138,2403,2735
2888717236,1320320,4867,3097,1770
2888717236,1380346,3831,2896,935
2888717236,1440368,3743,2486,1257
2888717236,1500385,2789,2678,111
2888717236,1560408,6776,2438,4338
2888717236,1620408,8922,2633,6289
2888748491,0,2500,2500,0
2888748491,60013,140,0,140
2888748491,120024,659,395,264
2888748491,180087,1505,1816,-311
2888748491,240106,2304,3529,-1225
2888748491,300133,3574,1837,1737
2888748491,360165,4127,2789,1338
2888748491,420180,1272,3745,-2473
2888748491,480210,2975,1724,1251
2888748491,540210,2835,2468,367
2888748491,600213,3971,3646,325
2888748491,660230,2960,2626,334
2888748491,720252,5186,1768,3418
2888748491,780281,2566,2779,-213
2888748491,840290,4286,2670,1616
2888748491,900300,3937,3536,401
2888748491,960316,2128,2545,-417
2888748491,1020341,5739,5053,686
2888748491,1080359,5020,3256,1764
2888748491,1140381,2435,4392,-1957
2888748491,1200384,5089,1799,3290
2888748491,1260402,5046,1976,3070
2888748491,1320426,3399,3647,-248
2888748491,1380435,8403,4268,4135
2888748491,1440448,1276,5092,-3816
2888748491,1500472,3339,2063,1276
2888748491,1560486,8158,2141,6017
2888748491,1620486,8041,1334,6707
2888758301,0,7000,7000,0
2888758301,60032,100,200,-100
2888758301,120033,2543,2322,221
2888758301,180063,4753,4615,138
2888758301,240093,3797,7527,-3730
2888758301,300123,5302,9730,-4428
2888758301,360153,7294,12460,-5166
2888758301,420181,7654,14919,-7265
2888758301,480210,6853,16934,-10081
2888758301,540239,7829,8155,-326
2888758301,600257,10768,5842,4926
2888758301,660258,10409,2828,7581
2888758301,720287,12799,4888,7911
2888758301,780288,5001,9619,-4618
2888758301,840317,2941,10076,-7135
2888758301,900333,5718,10695,-4977
2888758301,960366,5097,5466,-369
2888758301,1020391,9320,2696,6624
2888758301,1080418,4624,5453,-829
2888758301,1140433,7759,5126,2633
2888758301,1200458,10067,7564,2503
2888758301,1260466,13121,3916,9205
2888758301,1320486,11085,6440,4645
2888758301,1380518,3944,5635,-1691
2888758301,1440548,7072,7672,-600
2888758301,1500553,6815,9202,-2387
2888758301,1560567,6495,3694,2801
2888758301,1620567,-877,4035,-4912
2888781933,0,2500,2500,0
2888781933,60031,0,0,0
2888781933,120047,475,450,25
2888781933,180051,1865,2409,-544
2888781933,240055,2551,1228,1323
2888781933,300055,2866,2136,730
2888781933,360065,2960,2833,127
2888781933,420085,3584,2610,974
2888781933,480111,3752,3249,503
2888781933,540112,1904,4374,-2470
2888781933,600125,2861,3583,-722
2888781933,660139,1872,1996,-124
2888781933,720168,3718,1799,1919
2888781933,780206,3454,1961,1493
2888781933,840239,5682,2927,2755
2888781933,900251,5898,2348,3550
2888781933,960252,3806,1226,2580
2888781933,1020285,5880,3697,2183
2888781933,1080311,3073,3547,-474
2888781933,1140319,3317,2941,376
2888781933,1200340,1485,5569,-4084
2888781933,1260360,3123,1625,1498
2888781933,1320367,8762,3319,5443
2888781933,1380387,3379,2505,874
2888781933,1440397,2562,1720,842
2888781933,1500414,4773,2961,1812
2888781933,1560434,9968,3372,6596
2888781933,1620434,10599,3207,7392
2888818685,0,7000,7000,0
2888818685,60026,105,250,-145
2888818685,120027,2638,2048,590
2888818685,180056,4741,4561,180
2888818685,240086,8227,2424,5803
2888818685,300115,3130,3433,-303
2888818685,360145,6372,5131,1241
2888818685,420174,5576,2079,3497
2888818685,480204,4238,4493,-255
2888818685,540235,5390,4631,759
2888818685,600264,7739,3832,3907
2888818685,660297,5574,3250,2324
2888818685,720325,2930,5348,-2418
2888818685,780355,4723,3715,1008
2888818685,840385,6008,2983,3025
2888818685,900415,5067,2641,2426
2888818685,960422,7742,5142,2600
2888818685,1020439,9853,3044,6809
2888818685,1080468,6079,4642,1437
2888818685,1140471,3893,3918,-25
2888818685,1200500,5209,4797,412
2888818685,1260532,5238,2607,2631
2888818685,1320549,5773,4747,1026
2888818685,1380566,4902,4370,532
2888818685,1440584,9131,5492,3639
2888818685,1500588,6636,6627,9
2888818685,1560591,7748,6055,1693
2888818685,1620591,5778,6901,-1123
2888839596,0,2500,2500,0
2888839596,60028,0,0,0
2888839596,120054,1042,453,589
2888839596,180097,2141,2089,52
2888839596,240102,2565,2231,334
2888839596,300117,1358,2921,-1563
2888839596,360143,2309,2258,51
2888839596,420174,2692,3547,-855
2888839596,480193,3623,5210,-1587
2888839596,540225,3132,1357,1775
2888839596,600254,3172,3239,-67
2888839596,660256,3134,3384,-250
2888839596,720285,3146,3607,-461
2888839596,780303,2886,4782,-1896
2888839596,840325,2477,3376,-899
2888839596,900331,4363,1883,2480
2888839596,960355,4594,3818,776
2888839596,1020387,2262,7346,-5084
2888839596,1080420,5470,3687,1783
2888839596,1140425,2538,4302,-1764
2888839596,1200426,4438,2335,2103
2888839596,1260438,2636,5806,-3170
2888839596,1320439,2442,3509,-1067
2888839596,1380458,6990,1404,5586
2888839596,1440484,2672,2941,-269
2888839596,1500507,6028,4392,1636
2888839596,1560522,11631,3554,8077
2888839596,1620522,10896,3217,7679
2888855779,0,2500,2500,0
2888855779,60026,0,0,0
2888855779,120045,754,698,56
2888855779,180070,1380,1643,-263
2888855779,240095,2136,2503,-367
2888855779,300135,4156,2463,1693
2888855779,360165,3008,2453,555
2888855779,420184,3764,4042,-278
2888855779,480213,3237,4584,-1347
2888855779,540235,2818,1368,1450
2888855779,600262,2859,3749,-890
2888855779,660269,3360,2287,1073
2888855779,720278,3384,2953,431
2888855779,780298,1491,3309,-1818
2888855779,840304,2035,2408,-373
2888855779,900323,4072,3907,165
2888855779,960354,5604,2933,2671
2888855779,1020378,5541,4220,1321
2888855779,1080404,3206,3930,-724
2888855779,1140405,2680,1758,922
2888855779,1200430,4336,1810,2526
2888855779,1260461,4719,5113,-394
2888855779,1320481,4703,4414,289
2888855779,1380483,7177,4772,2405
2888855779,1440497,3782,2637,1145
2888855779,1500507,4051,2172,1879
2888855779,1560537,10329,2130,8199
2888855779,1620537,13237,3133,10104
2888911200,0,2500,2500,0
2888911200,60014,155,0,155
2888911200,120046,984,290,694
2888911200,180086,1283,1343,-60
2888911200,240105,1508,2188,-680
2888911200,300115,2971,944,2027
2888911200,360147,1982,2222,-240
2888911200,420150,3551,3714,-163
2888911200,480164,5782,2355,3427
2888911200,540170,1567,2395,-828
2888911200,600199,1669,4259,-2590
2888911200,660225,3461,3479,-18
2888911200,720250,3340,3620,-280
2888911200,780282,4742,2784,1958
2888911200,840308,3033,2032,1001
2888911200,900320,5370,3052,2318
2888911200,960339,5742,3375,2367
2888911200,1020351,4633,4287,346
2888911200,1080358,2637,5889,-3252
2888911200,1140364,5798,1977,3821
2888911200,1200386,3393,3970,-577
2888911200,1260399,1287,8606,-7319
2888911200,1320407,4407,4387,20
2888911200,1380417,4823,3180,1643
2888911200,1440431,7546,3442,4104
2888911200,1500438,3141,2725,416
2888911200,1560453,5466,3257,2209
2888911200,1620469,11165,2408,8757
2888921009,0,2500,2500,0
2888921009,60006,50,0,50
2888921009,120007,392,480,-88
2888921009,180036,1790,1805,-15
2888921009,240050,2985,1764,1221
2888921009,300095,3441,3001,440
2888921009,360096,3687,3475,212
2888921009,420128,2077,2620,-543
2888921009,480136,3432,1458,1974
2888921009,540145,3977,2744,1233
2888921009,600153,3334,3355,-21
2888921009,660179,4469,3599,870
2888921009,720184,3336,2044,1292
2888921009,780207,2347,2250,97
2888921009,840219,3145,3738,-593
2888921009,900222,3440,2476,964
2888921009,960228,4048,2617,1431
2888921009,1020259,6143,3791,2352
2888921009,1080284,5496,2931,2565
2888921009,1140295,4073,4459,-386
2888921009,1200296,7470,3882,3588
2888921009,1260313,4951,2456,2495
2888921009,1320333,2894,4559,-1665
2888921009,1380362,2185,5999,-3814
2888921009,1440362,5675,3755,1920
2888921009,1500367,1882,1975,-93
2888921009,1560368,4665,2848,1817
2888921009,1620368,6324,3373,2951
2888924327,0,7000,7000,0
2888924327,60017,215,40,175
2888924327,120046,3086,1688,1398
2888924327,180075,5317,1650,3667
2888924327,240104,6212,4373,1839
2888924327,300133,7574,3644,3930
2888924327,360162,3712,2361,1351
2888924327,420190,6265,1632,4633
2888924327,480219,3552,2803,749
2888924327,540220,6226,2802,3424
2888924327,600248,3286,2796,490
2888924327,660278,4830,1567,3263
2888924327,720305,6243,4244,1999
2888924327,780334,5795,3377,2418
2888924327,840362,2195,4423,-2228
2888924327,900393,4683,3234,1449
2888924327,960422,3819,2984,835
2888924327,1020451,3830,3737,93
2888924327,1080453,5923,4758,1165
2888924327,1140485,3039,3825,-786
2888924327,1200492,3308,7113,-3805
2888924327,1260497,6124,2718,3406
2888924327,1320498,4655,6132,-1477
2888924327,1380523,6304,6951,-647
2888924327,1440526,8021,3755,4266
2888924327,1500543,6433,4814,1619
2888924327,1560576,9657,4340,5317
2888924327,1620576,11258,4957,6301
2888929971,0,2500,2500,0
2888929971,60025,500,0,500
2888929971,120031,356,511,-155
2888929971,180032,2635,1692,943
2888929971,240073,2097,3063,-966
2888929971,300100,3633,4237,-604
2888929971,360116,3144,1665,1479
2888929971,420139,3411,3251,160
2888929971,480157,1832,2865,-1033
2888929971,540163,2201,3626,-1425
2888929971,600194,3729,2510,1219
2888929971,660215,1528,2327,-799
2888929971,720222,3795,3592,203
2888929971,780245,4961,3698,1263
2888929971,840258,4537,4383,154
2888929971,900262,1730,2954,-1224
2888929971,960274,2866,4150,-1284
2888929971,1020299,2902,6849,-3947
2888929971,1080322,3480,1177,2303
2888929971,1140326,5239,2035,3204
2888929971,1200356,6384,2222,4162
2888929971,1260389,3859,3603,256
2888929971,1320398,5629,5473,156
2888929971,1380408,2912,8797,-5885
2888929971,1440420,7100,5370,1730
2888929971,1500449,3211,5602,-2391
2888929971,1560471,4527,4231,296
2888929971,1620471,5424,4151,1273
2888944037,0,2500,2500,0
2888944037,60004,0,0,0
2888944037,120006,469,376,93
2888944037,180035,2189,1923,266
2888944037,240039,3190,837,2353
2888944037,300039,3795,2208,1587
2888944037,360041,1629,2018,-389
2888944037,420049,3970,3040,930
2888944037,480062,5150,2465,2685
2888944037,540070,6964,3710,3254
2888944037,600093,6418,1623,4795
2888944037,660112,3294,2147,1147
2888944037,720141,3884,2905,979
2888944037,780173,4220,2363,1857
2888944037,840176,4435,2300,2135
2888944037,900188,3658,3293,365
2888944037,960191,3046,1892,1154
2888944037,1020219,3609,3483,126
2888944037,1080246,7887,3038,4849
2888944037,1140256,615,2911,-2296
2888944037,1200286,3701,3188,513
2888944037,1260289,2845,3337,-492
2888944037,1320301,5079,2312,2767
2888944037,1380319,3607,3334,273
2888944037,1440324,2540,5148,-2608
2888944037,1500348,3844,3002,842
2888944037,1560370,3515,2423,1092
2888944037,1620372,6486,1419,5067
2888952277,0,2500,2500,0
2888952277,60002,0,0,0
2888952277,120035,382,463,-81
2888952277,180073,1825,2116,-291
2888952277,240104,2871,2938,-67
2888952277,300133,2213,3424,-1211
2888952277,360143,2179,1527,652
2888952277,420164,2165,2047,118
2888952277,480188,3839,3085,754
2888952277,540188,3858,1965,1893
2888952277,600200,5107,2210,2897
2888952277,660232,3842,2225,1617
2888952277,720264,2951,2493,458
2888952277,780286,2840,3014,-174
2888952277,840304,2661,2453,208
2888952277,900322,4627,3268,1359
2888952277,960354,5220,2703,2517
2888952277,1020370,2926,4200,-1274
2888952277,1080377,3687,2759,928
2888952277,1140388,5548,3714,1834
2888952277,1200407,7934,3422,4512
2888952277,1260440,6558,1591,4967
2888952277,1320457,1406,3081,-1675
2888952277,1380488,4712,1363,3349
2888952277,1440519,9202,3647,5555
2888952277,1500541,6089,2824,3265
2888952277,1560551,4024,2258,1766
2888952277,1620551,7513,2671,4842
2888970381,0,2550,2550,0
2888970381,60016,25,0,25
2888970381,120045,609,595,14
2888970381,180075,1387,1433,-46
2888970381,240104,971,2173,-1202
2888970381,300134,1151,2775,-1624
2888970381,360165,2053,2685,-632
2888970381,420194,1036,1397,-361
2888970381,480223,1726,1363,363
2888970381,540252,2564,2087,477
2888970381,600281,4607,527,4080
2888970381,660310,5133,1183,3950
2888970381,720338,771,2129,-1358
2888970381,780366,2318,814,1504
2888970381,840397,3448,970,2478
2888970381,900426,920,777,143
2888970381,960455,1926,1456,470
2888970381,1020484,3371,378,2993
2888970381,1080489,4008,781,3227
2888970381,1140518,5353,1668,3685
2888970381,1200547,1194,1261,-67
2888970381,1260577,2307,2074,233
2888970381,1320606,3878,1025,2853
2888970381,1380635,1197,1446,-249
2888970381,1440664,2235,1513,722
2888970381,1500693,4093,1444,2649
2888970381,1560721,871,1552,-681
2888970381,1620727,2972,1354,1618
2889024639,0,2500,2500,0
2889024639,60028,0,0,0
2889024639,120033,378,455,-77
2889024639,180077,1758,1894,-136
2889024639,240080,3713,3314,399
2889024639,300109,2155,1875,280
2889024639,360140,4694,1599,3095
2889024639,420140,3331,2976,355
2889024639,480150,4067,2436,1631
2889024639,540157,5084,3201,1883
2889024639,600188,1705,3258,-1553
2889024639,660217,3020,3336,-316
2889024639,720231,4780,3245,1535
2889024639,780236,5491,2464,3027
2889024639,840255,5260,4733,527
2889024639,900271,3193,553,2640
2889024639,960301,4918,2411,2507
2889024639,1020305,3279,2310,969
2889024639,1080306,2352,1705,647
2889024639,1140335,3583,2453,1130
2889024639,1200362,5270,3722,1548
2889024639,1260372,2617,3291,-674
2889024639,1320375,6958,2576,4382
2889024639,1380406,5825,2753,3072
2889024639,1440437,5269,3087,2182
2889024639,1500444,4041,1287,2754
2889024639,1560475,6981,1838,5143
2889024639,1620475,7160,1722,5438
2889025115,0,7000,7000,0
2889025115,60029,200,15,185
2889025115,120061,2226,2376,-150
2889025115,180092,4870,4459,411
2889025115,240121,6230,5410,820
2889025115,300150,6573,1554,5019
2889025115,360179,6754,3868,2886
2889025115,420185,6381,1700,4681
2889025115,480205,2619,3270,-651
2889025115,540207,5614,3644,1970
2889025115,600214,2459,4313,-1854
2889025115,660247,4668,2331,2337
2889025115,720275,5470,3275,2195
2889025115,780280,6118,6457,-339
2889025115,840304,6767,6530,237
2889025115,900310,7987,6774,1213
2889025115,960338,1447,5794,-4347
2889025115,1020339,4021,4069,-48
2889025115,1080343,2989,4052,-1063
2889025115,1140363,4281,5396,-1115
2889025115,1200391,2938,9529,-6591
2889025115,1260424,3637,8029,-4392
2889025115,1320451,4974,3397,1577
2889025115,1380460,6354,4856,1498
2889025115,1440471,5234,7801,-2567
2889025115,1500482,5684,8563,-2879
2889025115,1560511,8380,11918,-3538
2889025115,1620511,7162,5832,1330
2889048008,0,2500,2500,0
2889048008,60009,0,0,0
2889048008,120013,484,391,93
2889048008,180042,1656,1936,-280
2889048008,240050,2770,3226,-456
2889048008,300054,4095,4720,-625
2889048008,360071,3336,3684,-348
2889048008,420082,1373,871,502
2889048008,480093,2712,2359,353
2889048008,540130,3757,2986,771
2889048008,600161,2342,3133,-791
2889048008,660185,2693,3214,-521
2889048008,720210,679,3099,-2420
2889048008,780235,1903,2658,-755
2889048008,840255,3459,3177,282
2889048008,900283,2254,3993,-1739
2889048008,960292,2579,2317,262
2889048008,1020299,2620,3754,-1134
2889048008,1080309,2413,3714,-1301
2889048008,1140340,3290,3130,160
2889048008,1200367,5633,4761,872
2889048008,1260375,3792,4292,-500
2889048008,1320379,1980,2592,-612
2889048008,1380408,4688,2182,2506
2889048008,1440418,771,1854,-1083
2889048008,1500433,2653,2605,48
2889048008,1560458,2029,2524,-495
2889048008,1620458,1454,2594,-1140
2889054984,0,2500,2500,0
2889054984,60011,0,25,-25
2889054984,120017,428,518,-90
2889054984,180065,2054,1940,114
2889054984,240067,3956,2561,1395
2889054984,300068,3174,2066,1108
2889054984,360078,3236,2106,1130
2889054984,420086,2192,2928,-736
2889054984,480095,4956,1500,3456
2889054984,540112,3053,2093,960
2889054984,600122,4603,1926,2677
2889054984,660124,4122,3570,552
2889054984,720156,5089,3880,1209
2889054984,780187,2149,2111,38
2889054984,840205,2489,3161,-672
2889054984,900223,2761,1484,1277
2889054984,960252,1783,2592,-809
2889054984,1020263,1891,2606,-715
2889054984,1080281,5399,4555,844
2889054984,1140309,2396,2734,-338
2889054984,1200331,3605,3391,214
2889054984,1260352,4309,2084,2225
2889054984,1320385,2588,2573,15
2889054984,1380404,2802,2821,-19
2889054984,1440410,5385,3631,1754
2889054984,1500432,1072,3898,-2826
2889054984,1560439,5430,5371,59
2889054984,1620439,5454,4951,503
2889090812,0,2500,2500,0
2889090812,60029,500,0,500
2889090812,120038,410,472,-62
2889090812,180045,1962,1830,132
2889090812,240049,2607,2321,286
2889090812,300077,2887,2577,310
2889090812,360084,4059,4360,-301
2889090812,420097,5261,1765,3496
2889090812,480112,3118,2595,523
2889090812,540150,2846,2895,-49
2889090812,600179,3289,3041,248
2889090812,660212,3315,1087,2228
2889090812,720233,5037,1769,3268
2889090812,780247,2924,3197,-273
2889090812,840255,5047,2715,2332
2889090812,900280,3639,2303,1336
2889090812,960284,3023,2118,905
2889090812,1020315,3882,2046,1836
2889090812,1080323,4552,1913,2639
2889090812,1140352,6279,1594,4685
2889090812,1200376,4593,2367,2226
2889090812,1260409,7015,2520,4495
2889090812,1320427,3680,2825,855
2889090812,1380439,7037,4134,2903
2889090812,1440471,6911,2942,3969
2889090812,1500480,3799,2413,1386
2889090812,1560505,6487,2743,3744
2889090812,1620505,9035,3467,5568
2889101370,0,2500,2500,0
2889101370,60027,10,0,10
2889101370,120041,906,521,385
2889101370,180053,2092,1727,365
2889101370,240059,1752,2820,-1068
2889101370,300070,2068,1699,369
2889101370,360074,3241,2804,437
2889101370,420090,1198,1677,-479
2889101370,480095,2833,2044,789
2889101370,540146,3213,1033,2180
2889101370,600151,2523,2036,487
2889101370,660172,3846,3006,840
2889101370,720185,3405,3668,-263
2889101370,780189,1971,1949,22
2889101370,840218,3565,2428,1137
2889101370,900232,3103,2721,382
2889101370,960239,3478,3090,388
2889101370,1020264,3770,4504,-734
2889101370,1080297,2343,3454,-1111
2889101370,1140325,4259,3312,947
2889101370,1200343,6787,1394,5393
2889101370,1260362,6835,1972,4863
2889101370,1320385,2596,1243,1353
2889101370,1380410,5362,1783,3579
2889101370,1440418,5917,4191,1726
2889101370,1500446,1793,3027,-1234
2889101370,1560469,5565,2905,2660
2889101370,1620469,4795,-2371,7166
2889119158,0,2500,2500,0
2889119158,60028,0,0,0
2889119158,120042,391,480,-89
2889119158,180074,1826,1713,113
2889119158,240078,1157,2263,-1106
2889119158,300102,2102,3841,-1739
2889119158,360135,4309,1765,2544
2889119158,420137,4086,2258,1828
2889119158,480143,921,2240,-1319
2889119158,540166,3019,2601,418
2889119158,600171,364,2611,-2247
2889119158,660195,1943,2899,-956
2889119158,720196,2813,3156,-343
2889119158,780214,2572,2463,109
2889119158,840245,4216,4736,-520
2889119158,900276,4079,5580,-1501
2889119158,960293,2384,1137,1247
2889119158,1020322,2359,2601,-242
2889119158,1080346,4298,2839,1459
2889119158,1140372,7165,3854,3311
2889119158,1200373,1821,2186,-365
2889119158,1260395,4018,4155,-137
2889119158,1320415,4954,4468,486
2889119158,1380420,2784,1605,1179
2889119158,1440428,1896,3406,-1510
2889119158,1500438,3614,2738,876
2889119158,1560450,5391,3553,1838
2889119158,1620450,6123,3152,2971
2889168011,0,2500,2500,0
2889168011,60013,0,0,0
2889168011,120021,432,362,70
2889168011,180026,2009,1809,200
2889168011,240029,4058,1346,2712
2889168011,300032,2398,1371,1027
2889168011,360061,2337,2264,73
2889168011,420074,3196,2677,519
2889168011,480094,2861,2609,252
2889168011,540121,3320,3313,7
2889168011,600136,1368,3469,-2101
2889168011,660146,2601,1628,973
2889168011,720176,5529,1729,3800
2889168011,780201,3608,2316,1292
2889168011,840225,5806,3313,2493
2889168011,900256,562,4816,-4254
2889168011,960288,2271,3229,-958
2889168011,1020319,4853,2473,2380
2889168011,1080320,4722,2747,1975
2889168011,1140331,7397,4477,2920
2889168011,1200356,4005,4545,-540
2889168011,1260364,4048,2450,1598
2889168011,1320395,3358,3325,33
2889168011,1380419,7083,4226,2857
2889168011,1440440,3673,2283,1390
2889168011,1500455,4894,4044,850
2889168011,1560476,5631,2169,3462
2889168011,1620476,6501,3229,3272
2889170701,0,2500,2500,0
2889170701,60007,529,10,519
2889170701,120009,1328,279,1049
2889170701,180021,2749,1780,969
2889170701,240039,4413,2847,1566
2889170701,300061,2999,4196,-1197
2889170701,360071,2449,3702,-1253
2889170701,420082,2439,1622,817
2889170701,480112,2709,2453,256
2889170701,540135,2027,4189,-2162
2889170701,600157,4335,938,3397
2889170701,660162,2889,2596,293
2889170701,720173,4100,3039,1061
2889170701,780183,3670,3868,-198
2889170701,840204,5470,6149,-679
2889170701,900217,3215,2185,1030
2889170701,960246,4098,3784,314
2889170701,1020268,2983,5903,-2920
2889170701,1080283,4658,3058,1600
2889170701,1140290,3608,4051,-443
2889170701,1200314,4113,3212,901
2889170701,1260314,3216,4497,-1281
2889170701,1320338,5408,2563,2845
2889170701,1380369,6691,2666,4025
2889170701,1440379,4094,2816,1278
2889170701,1500408,8252,1422,6830
2889170701,1560431,6592,3021,3571
2889170701,1620431,3226,2834,392
2889282125,0,7000,7000,0
2889282125,60000,15,100,-85
2889282125,120006,1712,2505,-793
2889282125,180046,3440,4307,-867
2889282125,240077,5435,5366,69
2889282125,300082,5465,3578,1887
2889282125,360112,4834,4164,670
2889282125,420118,2377,6670,-4293
2889282125,480120,4176,1931,2245
2889282125,540141,2632,5021,-2389
2889282125,600172,5971,4135,1836
2889282125,660201,5533,2818,2715
2889282125,720234,5251,5470,-219
2889282125,780263,3696,2386,1310
2889282125,840271,4983,3263,1720
2889282125,900277,7736,2869,4867
2889282125,960293,5671,2881,2790
2889282125,1020295,8477,5858,2619
2889282125,1080325,1817,3579,-1762
2889282125,1140351,4211,2917,1294
2889282125,1200358,6218,4239,1979
2889282125,1260389,6677,7277,-600
2889282125,1320390,4232,5926,-1694
2889282125,1380393,7005,7753,-748
2889282125,1440425,7339,4100,3239
2889282125,1500433,4030,5869,-1839
2889282125,1560436,3561,7688,-4127
2889282125,1620436,-2504,4610,-7114
2889322816,0,2500,2500,0
2889322816,60032,500,0,500
2889322816,120054,875,403,472
2889322816,180082,2313,1811,502
2889322816,240109,4616,2998,1618
2889322816,300114,2610,3550,-940
2889322816,360142,2883,2116,767
2889322816,420174,1086,2619,-1533
2889322816,480200,3125,2705,420
2889322816,540239,4907,2452,2455
2889322816,600251,2543,2634,-91
2889322816,660255,3107,4690,-1583
2889322816,720283,2958,2064,894
2889322816,780312,4502,4593,-91
2889322816,840333,3314,4172,-858
2889322816,900345,3390,5739,-2349
2889322816,960364,5390,4720,670
2889322816,1020386,3091,2692,399
2889322816,1080413,6017,5557,460
2889322816,1140444,2800,5038,-2238
2889322816,1200466,5009,3020,1989
2889322816,1260491,5363,3994,1369
2889322816,1320494,6575,3144,3431
2889322816,1380513,7876,3527,4349
2889322816,1440536,3133,5203,-2070
2889322816,1500553,3855,4199,-344
2889322816,1560581,9269,4252,5017
2889322816,1620581,9255,4179,5076
2889325165,0,2500,2500,0
2889325165,60032,30,560,-530
2889325165,120053,1054,772,282
2889325165,180094,3313,2104,1209
2889325165,240123,1480,2244,-764
2889325165,300123,3152,3771,-619
2889325165,360132,3103,2221,882
2889325165,420146,1686,3391,-1705
2889325165,480147,4049,3786,263
2889325165,540171,2844,2202,642
2889325165,600194,3614,3170,444
2889325165,660196,4882,4238,644
2889325165,720221,2042,2632,-590
2889325165,780250,2660,3118,-458
2889325165,840256,5043,2672,2371
2889325165,900264,2815,2881,-66
2889325165,960280,3576,3575,1
2889325165,1020294,4722,2348,2374
2889325165,1080301,7749,3636,4113
2889325165,1140328,7218,1242,5976
2889325165,1200336,4806,2801,2005
2889325165,1260346,6106,4395,1711
2889325165,1320356,8903,2134,6769
2889325165,1380382,4430,1762,2668
2889325165,1440387,5780,2709,3071
2889325165,1500406,6993,2364,4629
2889325165,1560427,8796,3063,5733
2889325165,1620427,11947,2845,9102
2889373999,0,2500,2500,0
2889373999,60025,0,500,-500
2889373999,120055,927,257,670
2889373999,180092,2225,2286,-61
2889373999,240094,2241,1379,862
2889373999,300098,2339,3228,-889
2889373999,360130,3120,4197,-1077
2889373999,420146,2666,3654,-988
2889373999,480147,3344,2488,856
2889373999,540157,2003,2931,-928
2889373999,600162,2870,3524,-654
2889373999,660195,3301,1063,2238
2889373999,720198,2712,1718,994
2889373999,780214,4680,2126,2554
2889373999,840241,3499,1472,2027
2889373999,900260,1925,1714,211
2889373999,960276,3519,2859,660
2889373999,1020301,1673,7507,-5834
2889373999,1080317,4088,2233,1855
2889373999,1140331,4483,3932,551
2889373999,1200358,4518,1575,2943
2889373999,1260359,4328,1930,2398
2889373999,1320365,3810,3504,306
2889373999,1380398,2746,3905,-1159
2889373999,1440399,5515,3875,1640
2889373999,1500425,9878,1676,8202
2889373999,1560455,2584,3118,-534
2889373999,1620477,7481,2656,4825
2889383568,0,7000,7000,0
2889383568,60017,335,415,-80
2889383568,120047,2799,2133,666
2889383568,180076,3927,3586,341
2889383568,240106,6334,4104,2230
2889383568,300135,6330,2293,4037
2889383568,360165,3220,5447,-2227
2889383568,420168,3868,3200,668
2889383568,480199,4643,3766,877
2889383568,540204,4348,2286,2062
2889383568,600234,4000,3699,301
2889383568,660236,4013,4977,-964
2889383568,720266,2795,5562,-2767
2889383568,780273,6198,2543,3655
2889383568,840302,6159,4213,1946
2889383568,900332,2521,7331,-4810
2889383568,960334,3711,8760,-5049
2889383568,1020364,7495,2348,5147
2889383568,1080393,3303,6073,-2770
2889383568,1140409,3204,8152,-4948
2889383568,1200414,5292,3249,2043
2889383568,1260446,1428,7777,-6349
2889383568,1320471,2689,7651,-4962
2889383568,1380480,3709,8240,-4531
2889383568,1440485,3927,10932,-7005
2889383568,1500500,5190,14591,-9401
2889383568,1560530,3015,5787,-2772
2889383568,1620530,6645,4841,1804
2889385385,0,7000,7000,0
2889385385,60025,1450,0,1450
2889385385,120027,1818,2214,-396
2889385385,180056,2336,5111,-2775
2889385385,240060,2637,7760,-5123
2889385385,300066,6466,2895,3571
2889385385,360074,6444,2221,4223
2889385385,420103,5032,4786,246
2889385385,480132,6252,5586,666
2889385385,540162,5321,8176,-2855
2889385385,600192,3467,6386,-2919
2889385385,660223,1186,3380,-2194
2889385385,720234,4431,1643,2788
2889385385,780261,6571,3688,2883
2889385385,840263,2322,6338,-4016
2889385385,900295,4092,5343,-1251
2889385385,960307,6309,4477,1832
2889385385,1020311,5939,6031,-92
2889385385,1080317,9025,3033,5992
2889385385,1140345,7079,5729,1350
2889385385,1200371,1532,7005,-5473
2889385385,1260372,4231,7311,-3080
2889385385,1320385,6610,6233,377
2889385385,1380386,4745,4841,-96
2889385385,1440400,7132,2711,4421
2889385385,1500406,10764,4309,6455
2889385385,1560413,4562,7798,-3236
2889385385,1620432,10438,7169,3269
2889403321,0,2500,2500,0
2889403321,60031,0,0,0
2889403321,120035,465,378,87
2889403321,180043,2227,1741,486
2889403321,240066,3706,3029,677
2889403321,300099,765,2496,-1731
2889403321,360102,1974,2743,-769
2889403321,420115,2463,1790,673
2889403321,480144,2814,3904,-1090
2889403321,540168,5132,1850,3282
2889403321,600183,2128,2181,-53
2889403321,660205,2585,2621,-36
2889403321,720229,2211,4218,-2007
2889403321,780234,4109,4586,-477
2889403321,840247,2089,1912,177
2889403321,900256,4434,1907,2527
2889403321,960296,3692,3761,-69
2889403321,1020327,4772,6075,-1303
2889403321,1080353,7109,2738,4371
2889403321,1140379,4816,3511,1305
2889403321,1200406,6013,1328,4685
2889403321,1260437,4316,2712,1604
2889403321,1320439,7017,2750,4267
2889403321,1380467,7761,2352,5409
2889403321,1440474,1784,3369,-1585
2889403321,1500496,4676,2273,2403
2889403321,1560509,8735,3528,5207
2889403321,1620509,9007,3355,5652
2889442473,0,7000,7000,0
2889442473,60019,1550,80,1470
2889442473,120048,2238,2311,-73
2889442473,180078,2048,3906,-1858
2889442473,240107,3027,6970,-3943
2889442473,300143,3580,8382,-4802
2889442473,360172,6136,8433,-2297
2889442473,420201,3872,2522,1350
2889442473,480205,2149,6914,-4765
2889442473,540234,3714,9011,-5297
2889442473,600264,4110,11600,-7490
2889442473,660293,3743,9174,-5431
2889442473,720325,3981,3786,195
2889442473,780357,2658,3331,-673
2889442473,840363,1733,7105,-5372
2889442473,900393,3300,4309,-1009
2889442473,960396,4755,4020,735
2889442473,1020425,2095,4725,-2630
2889442473,1080449,6972,1103,5869
2889442473,1140455,3011,3016,-5
2889442473,1200477,3656,5720,-2064
2889442473,1260482,3342,2796,546
2889442473,1320484,4891,2438,2453
2889442473,1380488,6625,2777,3848
2889442473,1440507,8365,4487,3878
2889442473,1500519,2120,7890,-5770
2889442473,1560535,5185,10582,-5397
2889442473,1620535,7206,3796,3410
2889464327,0,2500,2500,0
2889464327,60009,0,0,0
2889464327,120019,403,342,61
2889464327,180070,1910,1649,261
2889464327,240083,2509,2482,27
2889464327,300101,3221,2863,358
2889464327,360105,4304,4077,227
2889464327,420113,5781,4308,1473
2889464327,480121,5326,3416,1910
2889464327,540123,2837,941,1896
2889464327,600135,4664,2355,2309
2889464327,660155,5842,2237,3605
2889464327,720176,4293,2198,2095
2889464327,780184,4056,2224,1832
2889464327,840192,2167,5060,-2893
2889464327,900198,4535,1535,3000
2889464327,960201,4967,2129,2838
2889464327,1020215,942,2560,-1618
2889464327,1080245,2446,4678,-2232
2889464327,1140261,2640,3285,-645
2889464327,1200291,4245,1447,2798
2889464327,1260320,4888,2704,2184
2889464327,1320324,9062,2881,6181
2889464327,1380339,9032,1798,7234
2889464327,1440356,1984,2744,-760
2889464327,1500387,2976,2384,592
2889464327,1560403,6559,3741,2818
2889464327,1620403,9436,4222,5214
2889476283,0,2500,2500,0
2889476283,60005,0,0,0
2889476283,120015,428,418,10
2889476283,180022,1851,1756,95
2889476283,240056,3173,2973,200
2889476283,300097,3925,3812,113
2889476283,360130,4890,2285,2605
2889476283,420145,1368,2346,-978
2889476283,480163,2224,4128,-1904
2889476283,540177,4831,2318,2513
2889476283,600205,5604,3484,2120
2889476283,660232,4380,5052,-672
2889476283,720240,4399,4389,10
2889476283,780250,1664,2455,-791
2889476283,840276,3641,1972,1669
2889476283,900309,4868,2385,2483
2889476283,960332,2905,4353,-1448
2889476283,1020357,4639,4507,132
2889476283,1080371,6100,4386,1714
2889476283,1140380,2456,4332,-1876
2889476283,1200407,3573,4269,-696
2889476283,1260424,2733,3054,-321
2889476283,1320433,9203,2180,7023
2889476283,1380458,7249,3843,3406
2889476283,1440489,2674,5139,-2465
2889476283,1500514,3668,4525,-857
2889476283,1560529,1985,2375,-390
2889476283,1620529,4921,2563,2358
2889516063,0,2500,2500,0
2889516063,60007,0,50,-50
2889516063,120007,412,411,1
2889516063,180010,2328,1718,610
2889516063,240026,3457,2082,1375
2889516063,300032,1086,2262,-1176
2889516063,360063,2401,2995,-594
2889516063,420069,1585,2507,-922
2889516063,480099,2201,3183,-982
2889516063,540100,3796,4085,-289
2889516063,600107,3871,5660,-1789
2889516063,660107,5816,4475,1341
2889516063,720118,3755,4604,-849
2889516063,780139,3316,2809,507
2889516063,840140,2608,6599,-3991
2889516063,900154,6013,3479,2534
2889516063,960182,886,4238,-3352
2889516063,1020198,5021,2792,2229
2889516063,1080230,5668,2647,3021
2889516063,1140239,5427,2220,3207
2889516063,1200269,2989,3846,-857
2889516063,1260283,3413,2101,1312
2889516063,1320290,4186,1922,2264
2889516063,1380293,1737,3618,-1881
2889516063,1440313,4844,5163,-319
2889516063,1500316,1628,3048,-1420
2889516063,1560334,4978,3961,1017
2889516063,1620334,5594,4820,774
2889528003,0,2500,2500,0
2889528003,60003,0,0,0
2889528003,120005,318,349,-31
2889528003,180063,1494,1526,-32
2889528003,240086,2286,1872,414
2889528003,300117,3748,3610,138
2889528003,360148,4448,2788,1660
2889528003,420151,2245,3304,-1059
2889528003,480166,2452,4731,-2279
2889528003,540185,4333,3116,1217
2889528003,600199,2381,3784,-1403
2889528003,660226,3211,3827,-616
2889528003,720241,3572,1773,1799
2889528003,780256,1410,2664,-1254
2889528003,840265,4820,4329,491
2889528003,900286,2574,4431,-1857
2889528003,960310,2224,5568,-3344
2889528003,1020341,2012,3705,-1693
2889528003,1080343,3392,4933,-1541
2889528003,1140352,1787,4580,-2793
2889528003,1200356,2035,3424,-1389
2889528003,1260358,3060,3534,-474
2889528003,1320386,4009,2973,1036
2889528003,1380402,5529,4884,645
2889528003,1440425,2577,2739,-162
2889528003,1500427,4887,6777,-1890
2889528003,1560437,1768,6043,-4275
2889528003,1620437,2767,5935,-3168
2889542738,0,2500,2500,0
2889542738,60015,0,0,0
2889542738,120021,856,338,518
2889542738,180070,1614,1885,-271
2889542738,240073,2749,2506,243
2889542738,300080,2938,3669,-731
2889542738,360095,3301,4055,-754
2889542738,420105,1423,3726,-2303
2889542738,480120,2276,3790,-1514
2889542738,540146,2554,5503,-2949
2889542738,600155,3922,4575,-653
2889542738,660184,3018,2754,264
2889542738,720193,3245,2674,571
2889542738,780205,3255,3161,94
2889542738,840234,5797,4125,1672
2889542738,900239,3109,4805,-1696
2889542738,960262,4874,2452,2422
2889542738,1020293,5128,3253,1875
2889542738,1080303,6756,4894,1862
2889542738,1140305,8058,4379,3679
2889542738,1200324,4805,4440,365
2889542738,1260329,8463,3845,4618
2889542738,1320350,7879,3425,4454
2889542738,1380382,3529,5286,-1757
2889542738,1440393,5971,3963,2008
2889542738,1500399,6581,4295,2286
2889542738,1560414,4414,5620,-1206
2889542738,1620414,4728,3214,1514
2889646910,0,2500,2500,0
2889646910,60014,540,0,540
2889646910,120016,854,355,499
2889646910,180077,2260,1382,878
2889646910,240082,3177,2865,312
2889646910,300112,2316,2171,145
2889646910,360112,2316,1109,1207
2889646910,420120,2599,2535,64
2889646910,480141,3809,3197,612
2889646910,540158,1392,1764,-372
2889646910,600163,2710,3447,-737
2889646910,660186,1216,4018,-2802
2889646910,720207,3520,3837,-317
2889646910,780237,4814,2167,2647
2889646910,840266,3635,2026,1609
2889646910,900275,5619,2730,2889
2889646910,960288,2226,4223,-1997
2889646910,1020313,2581,2814,-233
2889646910,1080319,2762,4163,-1401
2889646910,1140348,2985,1534,1451
2889646910,1200379,4376,2034,2342
2889646910,1260396,5030,4603,427
2889646910,1320427,4337,3799,538
2889646910,1380458,5159,2586,2573
2889646910,1440465,4479,3803,676
2889646910,1500479,6757,2706,4051
2889646910,1560506,3207,3685,-478
2889646910,1620506,7423,3508,3915
2889723460,0,7000,7000,0
2889723460,60004,715,65,650
2889723460,120033,2819,2000,819
2889723460,180066,5239,3364,1875
2889723460,240095,7603,2621,4982
2889723460,300125,4305,3008,1297
2889723460,360157,4700,3307,1393
2889723460,420185,3243,1786,1457
2889723460,480214,6364,1982,4382
2889723460,540244,5374,4440,934
2889723460,600273,5241,2664,2577
2889723460,660277,4564,4261,303
2889723460,720294,5136,3358,1778
2889723460,780295,2479,3116,-637
2889723460,840304,4243,4264,-21
2889723460,900315,6352,4057,2295
2889723460,960328,6917,2203,4714
2889723460,1020335,5169,2459,2710
2889723460,1080360,5020,5589,-569
2889723460,1140391,3588,4207,-619
2889723460,1200393,4323,6614,-2291
2889723460,1260414,2174,4994,-2820
2889723460,1320419,5483,3378,2105
2889723460,1380440,5680,4485,1195
2889723460,1440444,2442,5193,-2751
2889723460,1500475,4900,7551,-2651
2889723460,1560481,3547,9209,-5662
2889723460,1620481,7405,6063,1342
2889820944,0,2500,2500,0
2889820944,60011,0,0,0
2889820944,120059,312,486,-174
2889820944,180098,1529,1598,-69
2889820944,240112,3785,2080,1705
2889820944,300136,1990,1947,43
2889820944,360167,2392,1396,996
2889820944,420178,2458,2157,301
2889820944,480208,3343,2689,654
2889820944,540229,3033,2926,107
2889820944,600231,3914,3494,420
2889820944,660231,4640,1594,3046
2889820944,720249,5330,4297,1033
2889820944,780259,4299,3256,1043
2889820944,840269,4886,3457,1429
2889820944,900294,7662,1957,5705
2889820944,960317,2438,3125,-687
2889820944,1020343,4123,1728,2395
2889820944,1080372,7174,2031,5143
2889820944,1140400,5762,1842,3920
2889820944,1200408,4173,898,3275
2889820944,1260429,3918,2840,1078
2889820944,1320455,3815,4115,-300
2889820944,1380484,4113,2970,1143
2889820944,1440492,5059,2550,2509
2889820944,1500509,4918,3326,1592
2889820944,1560513,9217,2166,7051
2889820944,1620513,9584,1642,7942
2889842451,0,2500,2500,0
2889842451,60019,519,10,509
2889842451,120024,1049,458,591
2889842451,180028,2282,1804,478
2889842451,240067,3857,2087,1770
2889842451,300098,1651,3072,-1421
2889842451,360108,1961,2769,-808
2889842451,420132,2605,3237,-632
2889842451,480154,4033,3340,693
2889842451,540185,1476,2690,-1214
2889842451,600206,2950,2284,666
2889842451,660229,3775,5260,-1485
2889842451,720247,3953,4507,-554
2889842451,780269,3408,5001,-1593
2889842451,840292,4706,2730,1976
2889842451,900296,7032,1957,5075
2889842451,960316,1315,3199,-1884
2889842451,1020336,3104,3495,-391
2889842451,1080349,4979,2925,2054
2889842451,1140361,2137,3930,-1793
2889842451,1200369,3651,3130,521
2889842451,1260392,3393,2030,1363
2889842451,1320423,7143,3694,3449
2889842451,1380439,2190,3021,-831
2889842451,1440440,3853,3857,-4
2889842451,1500450,4160,3617,543
2889842451,1560459,4426,4005,421
2889842451,1620488,8969,3416,5553
2889889342,0,2500,2500,0
2889889342,60016,0,0,0
2889889342,120028,332,418,-86
2889889342,180035,2035,1504,531
2889889342,240055,2609,2054,555
2889889342,300071,2542,4078,-1536
2889889342,360082,4060,2788,1272
2889889342,420094,4153,1628,2525
2889889342,480095,2145,4749,-2604
2889889342,540095,1337,3980,-2643
2889889342,600118,4681,896,3785
2889889342,660148,3530,3021,509
2889889342,720148,2936,2416,520
2889889342,780201,2645,4831,-2186
2889889342,840203,4118,2783,1335
2889889342,900213,1621,5573,-3952
2889889342,960239,4186,2459,1727
2889889342,1020258,5013,2183,2830
2889889342,1080268,7543,2674,4869
2889889342,1140286,2199,2879,-680
2889889342,1200286,4057,1962,2095
2889889342,1260290,5333,2943,2390
2889889342,1320295,5027,3360,1667
2889889342,1380327,5564,4381,1183
2889889342,1440356,2793,1569,1224
2889889342,1500373,4840,4170,670
2889889342,1560402,6636,2225,4411
2889889342,1620430,12063,4235,7828
2889917301,0,7000,7000,0
2889917301,60031,215,0,215
2889917301,120039,2185,2291,-106
2889917301,180075,3842,4700,-858
2889917301,240087,5156,5400,-244
2889917301,300093,5953,5517,436
2889917301,360112,6520,3926,2594
2889917301,420137,8040,5066,2974
2889917301,480159,10441,6710,3731
2889917301,540176,10428,4679,5749
2889917301,600185,11737,2835,8902
2889917301,660193,13981,5674,8307
2889917301,720201,10000,5438,4562
2889917301,780205,11532,9690,1842
2889917301,840234,4611,3704,907
2889917301,900249,5771,3882,1889
2889917301,960274,5025,4813,212
2889917301,1020287,8276,2893,5383
2889917301,1080306,6586,6099,487
2889917301,1140330,3580,6768,-3188
2889917301,1200360,5769,5755,14
2889917301,1260385,8108,3125,4983
2889917301,1320412,2891,7041,-4150
2889917301,1380430,5035,7213,-2178
2889917301,1440461,6975,7219,-244
2889917301,1500469,5307,7447,-2140
2889917301,1560474,8445,9612,-1167
2889917301,1620481,11001,10844,157
2889935440,0,2500,2500,0
2889935440,60004,500,0,500
2889935440,120012,310,747,-437
2889935440,180015,2116,2111,5
2889935440,240048,1799,2963,-1164
2889935440,300077,3307,4794,-1487
2889935440,360099,3453,4659,-1206
2889935440,420116,2448,3876,-1428
2889935440,480118,2700,2600,100
2889935440,540137,3839,2576,1263
2889935440,600139,3885,3281,604
2889935440,660168,5497,3149,2348
2889935440,720173,6344,3822,2522
2889935440,780178,4741,1796,2945
2889935440,840210,3754,1972,1782
2889935440,900211,6200,2479,3721
2889935440,960224,5955,3258,2697
2889935440,1020249,5043,3408,1635
2889935440,1080253,7793,4019,3774
2889935440,1140285,1046,3688,-2642
2889935440,1200297,2240,5613,-3373
2889935440,1260330,4825,3429,1396
2889935440,1320333,3997,5333,-1336
2889935440,1380366,7770,2051,5719
2889935440,1440382,9067,2544,6523
2889935440,1500394,3603,2102,1501
2889935440,1560403,4379,2176,2203
2889935440,1620403,9870,2389,7481
2889986322,0,2500,2500,0
2889986322,60013,0,0,0
2889986322,120018,392,397,-5
2889986322,180019,1822,1563,259
2889986322,240022,3139,3161,-22
2889986322,300065,2310,3934,-1624
2889986322,360074,3447,5220,-1773
2889986322,420097,3643,3607,36
2889986322,480118,4802,1471,3331
2889986322,540153,3118,2680,438
2889986322,600171,2499,3653,-1154
2889986322,660187,2838,4800,-1962
2889986322,720218,4647,2910,1737
2889986322,780221,4495,4335,160
2889986322,840240,6501,3914,2587
2889986322,900241,4310,2371,1939
2889986322,960252,2942,2725,217
2889986322,1020252,4502,3604,898
2889986322,1080275,3108,2429,679
2889986322,1140281,2390,2769,-379
2889986322,1200300,4738,4059,679
2889986322,1260305,3623,3300,323
2889986322,1320323,3846,3648,198
2889986322,1380354,7193,1681,5512
2889986322,1440355,3645,3576,69
2889986322,1500382,4099,2376,1723
2889986322,1560399,7907,1908,5999
2889986322,1620399,8700,1855,6845
2890024017,0,2500,2500,0
2890024017,60000,10,0,10
2890024017,120004,482,380,102
2890024017,180036,3003,1202,1801
2890024017,240055,1140,1471,-331
2890024017,300063,2628,2442,186
2890024017,360092,2778,2349,429
2890024017,420103,3307,2527,780
2890024017,480121,3574,2717,857
2890024017,540126,1766,3667,-1901
2890024017,600156,1672,2369,-697
2890024017,660169,2230,4906,-2676
2890024017,720179,2543,1827,716
2890024017,780212,3706,2293,1413
2890024017,840239,2192,3068,-876
2890024017,900244,1606,3738,-2132
2890024017,960266,2943,1708,1235
2890024017,1020267,2952,2480,472
2890024017,1080300,3824,4626,-802
2890024017,1140313,3100,2886,214
2890024017,1200324,1871,3909,-2038
2890024017,1260348,3413,1847,1566
2890024017,1320349,3911,3797,114
2890024017,1380357,7313,2211,5102
2890024017,1440361,7452,2075,5377
2890024017,1500361,1883,2418,-535
2890024017,1560370,4870,2184,2686
2890024017,1620370,8615,1208,7407
2890025393,0,2500,2500,0
2890025393,60019,0,10,-10
2890025393,120024,341,366,-25
2890025393,180072,1533,1490,43
2890025393,240078,3438,1747,1691
2890025393,300106,3230,1938,1292
2890025393,360126,1625,2782,-1157
2890025393,420137,1345,3770,-2425
2890025393,480151,2375,2598,-223
2890025393,540181,2764,2330,434
2890025393,600187,3821,3460,361
2890025393,660215,2222,3181,-959
2890025393,720246,2251,4218,-1967
2890025393,780252,2833,3544,-711
2890025393,840255,4546,5855,-1309
2890025393,900285,2145,4617,-2472
2890025393,960293,2575,4943,-2368
2890025393,1020294,2222,2879,-657
2890025393,1080321,4404,2929,1475
2890025393,1140322,3903,4620,-717
2890025393,1200331,1159,5439,-4280
2890025393,1260356,2585,4591,-2006
2890025393,1320379,3013,7363,-4350
2890025393,1380383,3187,8967,-5780
2890025393,1440399,4422,3663,759
2890025393,1500427,2788,2560,228
2890025393,1560440,4727,3478,1249
2890025393,1620440,7056,1421,5635
2890042474,0,2500,2500,0
2890042474,60025,0,0,0
2890042474,120032,412,507,-95
2890042474,180045,2204,1988,216
2890042474,240078,2573,2821,-248
2890042474,300098,4111,3458,653
2890042474,360118,4358,5253,-895
2890042474,420119,4381,1568,2813
2890042474,480126,1761,3287,-1526
2890042474,540129,3491,1121,2370
2890042474,600139,3901,3153,748
2890042474,660153,3330,3239,91
2890042474,720173,2326,5182,-2856
2890042474,780191,3655,4101,-446
2890042474,840213,2436,4383,-1947
2890042474,900228,4051,1659,2392
2890042474,960255,6508,1252,5256
2890042474,1020275,7510,2213,5297
2890042474,1080276,4859,2752,2107
2890042474,1140281,3603,2743,860
2890042474,1200301,2951,6419,-3468
2890042474,1260304,3854,2760,1094
2890042474,1320325,3887,4360,-473
2890042474,1380352,7232,4003,3229
2890042474,1440358,1236,4147,-2911
2890042474,1500374,3132,4101,-969
2890042474,1560376,6567,5706,861
2890042474,1620376,10525,3518,7007
2890045006,0,2500,2500,0
2890045006,60016,0,0,0
2890045006,120024,486,374,112
2890045006,180033,2010,1671,339
2890045006,240036,2949,3694,-745
2890045006,300044,2621,3525,-904
2890045006,360048,3242,3856,-614
2890045006,420092,1762,1139,623
2890045006,480121,3268,2323,945
2890045006,540150,3490,2160,1330
2890045006,600172,2677,2509,168
2890045006,660194,3374,3652,-278
2890045006,720212,4583,5192,-609
2890045006,780228,3509,1978,1531
2890045006,840258,2582,2331,251
2890045006,900266,4217,3380,837
2890045006,960277,3847,2745,1102
2890045006,1020308,3089,1978,1111
2890045006,1080314,5242,1327,3915
2890045006,1140318,3891,1921,1970
2890045006,1200343,1335,3309,-1974
2890045006,1260364,2388,3775,-1387
2890045006,1320376,3905,4022,-117
2890045006,1380393,6516,2586,3930
2890045006,1440410,8806,3418,5388
2890045006,1500438,4768,3752,1016
2890045006,1560455,5574,2661,2913
2890045006,1620455,4269,-5994,10263
2890051491,0,2500,2500,0
2890051491,60004,0,0,0
2890051491,120017,414,421,-7
2890051491,180033,1916,1976,-60
2890051491,240059,2218,3814,-1596
2890051491,300084,3685,4015,-330
2890051491,360092,5722,719,5003
2890051491,420124,2122,1077,1045
2890051491,480132,3234,2173,1061
2890051491,540163,4092,2025,2067
2890051491,600191,2970,3902,-932
2890051491,660201,2933,6197,-3264
2890051491,720220,3035,6425,-3390
2890051491,780253,2855,4993,-2138
2890051491,840283,5796,5099,697
2890051491,900299,5089,5508,-419
2890051491,960320,2615,7195,-4580
2890051491,1020338,5112,7701,-2589
2890051491,1080342,6694,2839,3855
2890051491,1140346,3635,2821,814
2890051491,1200363,3647,4987,-1340
2890051491,1260365,5602,2077,3525
2890051491,1320379,2616,3096,-480
2890051491,1380407,3849,4213,-364
2890051491,1440439,5863,6730,-867
2890051491,1500457,5725,3395,2330
2890051491,1560475,6377,3157,3220
2890051491,1620475,9847,3252,6595
2890056319,0,2500,2500,0
2890056319,60015,0,0,0
2890056319,120019,427,451,-24
2890056319,180048,2147,835,1312
2890056319,240060,2141,1787,354
2890056319,300089,1869,4246,-2377
2890056319,360118,2648,1048,1600
2890056319,420153,4017,3106,911
2890056319,480165,3296,3337,-41
2890056319,540179,4429,4988,-559
2890056319,600181,2119,3484,-1365
2890056319,660183,3497,1317,2180
2890056319,720195,6611,1629,4982
2890056319,780221,2309,3031,-722
2890056319,840227,2590,2670,-80
2890056319,900244,3625,3833,-208
2890056319,960266,2648,5378,-2730
2890056319,1020291,7565,2469,5096
2890056319,1080301,3880,4015,-135
2890056319,1140317,5897,4952,945
2890056319,1200336,3269,4434,-1165
2890056319,1260341,3602,4753,-1151
2890056319,1320350,4049,1835,2214
2890056319,1380382,6514,2365,4149
2890056319,1440390,8180,2670,5510
2890056319,1500407,3051,2322,729
2890056319,1560412,2937,2771,166
2890056319,1620445,5391,3864,1527
2890073184,0,2500,2500,0
2890073184,60004,0,0,0
2890073184,120018,398,557,-159
2890073184,180030,1794,1824,-30
2890073184,240035,3395,2484,911
2890073184,300067,891,1124,-233
2890073184,360086,1949,2523,-574
2890073184,420114,3827,3011,816
2890073184,480133,1143,2367,-1224
2890073184,540173,3146,1765,1381
2890073184,600184,1758,3301,-1543
2890073184,660197,2526,3651,-1125
2890073184,720230,1603,1567,36
2890073184,780249,3502,3072,430
2890073184,840279,3432,3297,135
2890073184,900285,2276,4240,-1964
2890073184,960290,4509,3653,856
2890073184,1020303,5138,3070,2068
2890073184,1080303,4450,2495,1955
2890073184,1140325,3651,3420,231
2890073184,1200345,3668,3263,405
2890073184,1260352,3820,5827,-2007
2890073184,1320362,1157,1586,-429
2890073184,1380372,2541,3927,-1386
2890073184,1440386,4625,2010,2615
2890073184,1500411,2497,2511,-14
2890073184,1560413,5602,2130,3472
2890073184,1620413,6178,2194,3984
2890096219,0,7000,7000,0
2890096219,60025,50,250,-200
2890096219,120028,2841,2239,602
2890096219,180057,3430,4010,-580
2890096219,240086,4175,6080,-1905
2890096219,300115,5019,4910,109
2890096219,360144,8028,3969,4059
2890096219,420146,7245,6898,347
2890096219,480175,6541,4283,2258
2890096219,540204,8663,6282,2381
2890096219,600233,2353,5566,-3213
2890096219,660265,5722,4727,995
2890096219,720295,4500,4869,-369
2890096219,780309,5060,3651,1409
2890096219,840339,3163,2652,511
2890096219,900368,2430,4688,-2258
2890096219,960371,3713,3941,-228
2890096219,1020391,5994,3816,2178
2890096219,1080422,4214,3986,228
2890096219,1140455,4203,5975,-1772
2890096219,1200474,6301,3135,3166
2890096219,1260482,3780,4878,-1098
2890096219,1320501,6360,4064,2296
2890096219,1380506,6348,3588,2760
2890096219,1440507,5912,6295,-383
2890096219,1500511,7806,4667,3139
2890096219,1560526,8349,6541,1808
2890096219,1620526,8056,3988,4068
2890118776,0,2500,2500,0
2890118776,60010,500,500,0
2890118776,120015,311,798,-487
2890118776,180061,2598,856,1742
2890118776,240061,1784,2118,-334
2890118776,300079,2220,3390,-1170
2890118776,360110,3199,5119,-1920
2890118776,420119,3675,5124,-1449
2890118776,480124,3808,3249,559
2890118776,540144,1843,1981,-138
2890118776,600157,3535,3027,508
2890118776,660161,3104,4786,-1682
2890118776,720177,3362,4278,-916
2890118776,780196,2228,2084,144
2890118776,840202,2436,2241,195
2890118776,900229,4535,3483,1052
2890118776,960239,3995,2338,1657
2890118776,1020242,6598,2406,4192
2890118776,1080272,2677,2732,-55
2890118776,1140295,5143,1939,3204
2890118776,1200322,5211,2454,2757
2890118776,1260328,2505,1929,576
2890118776,1320346,6313,2823,3490
2890118776,1380354,4033,3671,362
2890118776,1440386,3485,3375,110
2890118776,1500409,8842,5674,3168
2890118776,1560418,1004,4126,-3122
2890118776,1620418,2432,1960,472
2890142814,0,2500,2500,0
2890142814,60007,0,0,0
2890142814,120012,335,269,66
2890142814,180067,1660,1680,-20
2890142814,240072,2536,2434,102
2890142814,300101,3226,1804,1422
2890142814,360133,1753,3282,-1529
2890142814,420134,2135,3682,-1547
2890142814,480143,3340,3602,-262
2890142814,540156,1503,2756,-1253
2890142814,600189,1649,1266,383
2890142814,660192,2676,3450,-774
2890142814,720200,4096,2331,1765
2890142814,780210,1264,2203,-939
2890142814,840233,3097,4008,-911
2890142814,900254,2616,5499,-2883
2890142814,960275,2355,1837,518
2890142814,1020280,4975,2684,2291
2890142814,1080300,5295,2105,3190
2890142814,1140314,6709,2876,3833
2890142814,1200321,4867,3165,1702
2890142814,1260343,1649,3652,-2003
2890142814,1320343,4846,1717,3129
2890142814,1380351,4147,3298,849
2890142814,1440376,8462,2391,6071
2890142814,1500389,3915,3510,405
2890142814,1560405,4309,3193,1116
2890142814,1620405,6251,1028,5223
2890188087,0,2500,2500,0
2890188087,60010,0,0,0
2890188087,120015,432,451,-19
2890188087,180042,1704,1773,-69
2890188087,240053,2551,2698,-147
2890188087,300091,4343,4187,156
2890188087,360096,3142,2228,914
2890188087,420117,3444,3485,-41
2890188087,480133,1779,2107,-328
2890188087,540146,3178,2943,235
2890188087,600149,3897,3038,859
2890188087,660177,2944,1394,1550
2890188087,720196,2296,3097,-801
2890188087,780222,3833,4175,-342
2890188087,840223,3427,5201,-1774
2890188087,900250,3735,1087,2648
2890188087,960258,2658,3335,-677
2890188087,1020268,2166,2744,-578
2890188087,1080275,4248,2053,2195
2890188087,1140300,4318,3930,388
2890188087,1200325,1794,2925,-1131
2890188087,1260344,5071,4028,1043
2890188087,1320348,6841,2214,4627
2890188087,1380375,3142,2270,872
2890188087,1440392,6698,1399,5299
2890188087,1500414,3916,1462,2454
2890188087,1560418,4991,2392,2599
2890188087,1620418,7953,2010,5943
2890201243,0,2500,2500,0
2890201243,60000,0,500,-500
2890201243,120002,344,265,79
2890201243,180030,1500,1231,269
2890201243,240065,2686,2863,-177
2890201243,300104,2766,3155,-389
2890201243,360105,3828,4636,-808
2890201243,420136,5601,2520,3081
2890201243,480141,5479,3359,2120
2890201243,540163,2749,4232,-1483
2890201243,600183,4334,5399,-1065
2890201243,660191,2874,6590,-3716
2890201243,720214,4639,5801,-1162
2890201243,780226,6376,7152,-776
2890201243,840255,4738,7421,-2683
2890201243,900284,2510,3886,-1376
2890201243,960307,2805,4378,-1573
2890201243,1020331,5044,4389,655
2890201243,1080342,6567,4673,1894
2890201243,1140363,8566,4846,3720
2890201243,1200364,6636,4126,2510
2890201243,1260394,9241,4373,4868
2890201243,1320421,2179,4457,-2278
2890201243,1380445,4657,5973,-1316
2890201243,1440475,6860,3697,3163
2890201243,1500495,3374,5416,-2042
2890201243,1560528,3343,3407,-64
2890201243,1620543,9127,5750,3377
2890252267,0,2500,2500,0
2890252267,60007,0,0,0
2890252267,120010,432,408,24
2890252267,180066,1971,1808,163
2890252267,240069,3379,3147,232
2890252267,300072,1742,1903,-161
2890252267,360077,1912,2089,-177
2890252267,420106,2814,2977,-163
2890252267,480122,3823,2889,934
2890252267,540126,5561,2751,2810
2890252267,600139,3259,2627,632
2890252267,660152,6640,2633,4007
2890252267,720157,2059,3889,-1830
2890252267,780161,3502,1604,1898
2890252267,840170,5216,1420,3796
2890252267,900171,2262,2130,132
2890252267,960197,3356,1519,1837
2890252267,1020211,2529,2821,-292
2890252267,1080230,5242,1385,3857
2890252267,1140250,6786,4151,2635
2890252267,1200257,2334,2959,-625
2890252267,1260268,3866,2721,1145
2890252267,1320297,1576,2177,-601
2890252267,1380306,4923,2479,2444
2890252267,1440321,1522,1865,-343
2890252267,1500354,3808,2961,847
2890252267,1560374,3576,4150,-574
2890252267,1620391,7105,1943,5162
2890263662,0,2500,2500,0
2890263662,60013,0,0,0
2890263662,120021,485,468,17
2890263662,180036,2739,1771,968
2890263662,240040,847,1393,-546
2890263662,300075,2436,2389,47
2890263662,360106,3427,3147,280
2890263662,420141,2428,3937,-1509
2890263662,480146,2746,1975,771
2890263662,540164,2599,3529,-930
2890263662,600174,4307,5957,-1650
2890263662,660184,3127,976,2151
2890263662,720189,2168,2013,155
2890263662,780206,3447,4578,-1131
2890263662,840223,3877,4072,-195
2890263662,900245,2618,4854,-2236
2890263662,960264,4114,3033,1081
2890263662,1020290,5953,3581,2372
2890263662,1080294,4041,2002,2039
2890263662,1140303,4271,2393,1878
2890263662,1200328,3530,3135,395
2890263662,1260339,4555,4171,384
2890263662,1320343,3689,4227,-538
2890263662,1380354,3456,1963,1493
2890263662,1440383,3480,4031,-551
2890263662,1500388,4310,1811,2499
2890263662,1560423,4301,2780,1521
2890263662,1620423,5871,3293,2578
2890295920,0,2500,2500,0
2890295920,60006,530,0,530
2890295920,120007,861,818,43
2890295920,180031,1908,2708,-800
2890295920,240055,3499,1763,1736
2890295920,300107,2711,3072,-361
2890295920,360139,4130,3728,402
2890295920,420146,3742,3921,-179
2890295920,480171,2367,1648,719
2890295920,540205,3991,1903,2088
2890295920,600211,5042,3479,1563
2890295920,660227,1431,5670,-4239
2890295920,720235,2255,1501,754
2890295920,780265,3215,3525,-310
2890295920,840267,5559,1569,3990
2890295920,900271,5279,2783,2496
2890295920,960296,3746,4434,-688
2890295920,1020330,1727,3114,-1387
2890295920,1080350,3972,3369,603
2890295920,1140377,2902,3600,-698
2890295920,1200399,6226,2045,4181
2890295920,1260416,7332,3846,3486
2890295920,1320462,2431,2167,264
2890295920,1380493,4854,3510,1344
2890295920,1440496,4790,4135,655
2890295920,1500507,5467,5267,200
2890295920,1560521,4750,4383,367
2890295920,1620521,7263,3324,3939
2890314576,0,2500,2500,0
2890314576,60001,0,400,-400
2890314576,120008,375,320,55
2890314576,180059,1670,1694,-24
2890314576,240092,2815,2673,142
2890314576,300102,3230,1777,1453
2890314576,360107,3632,2242,1390
2890314576,420135,1250,2748,-1498
2890314576,480144,2599,2563,36
2890314576,540151,2967,2200,767
2890314576,600166,2085,4131,-2046
2890314576,660176,3509,1442,2067
2890314576,720199,2926,3117,-191
2890314576,780228,5820,3469,2351
2890314576,840242,3349,2457,892
2890314576,900265,880,3825,-2945
2890314576,960267,2907,3710,-803
2890314576,1020299,3486,3562,-76
2890314576,1080317,3235,6577,-3342
2890314576,1140332,3291,1915,1376
2890314576,1200339,5064,3804,1260
2890314576,1260342,1972,4584,-2612
2890314576,1320356,7265,1200,6065
2890314576,1380365,5859,1302,4557
2890314576,1440369,3527,3292,235
2890314576,1500380,5005,2764,2241
2890314576,1560405,2770,3622,-852
2890314576,1620405,5317,4210,1107
2890353439,0,2500,2500,0
2890353439,60011,0,0,0
2890353439,120018,388,454,-66
2890353439,180069,1907,1994,-87
2890353439,240099,2509,3186,-677
2890353439,300102,1751,2812,-1061
2890353439,360103,3190,4428,-1238
2890353439,420114,3262,2415,847
2890353439,480120,3945,2311,1634
2890353439,540150,3438,3095,343
2890353439,600159,4438,4538,-100
2890353439,660171,5933,4253,1680
2890353439,720197,5073,2588,2485
2890353439,780219,1888,3683,-1795
2890353439,840222,3416,2670,746
2890353439,900238,2945,2727,218
2890353439,960261,2893,4630,-1737
2890353439,1020274,5245,3901,1344
2890353439,1080282,4866,1895,2971
2890353439,1140296,2301,2810,-509
2890353439,1200298,3195,2855,340
2890353439,1260323,6134,5639,495
2890353439,1320355,3902,4594,-692
2890353439,1380374,7896,4599,3297
2890353439,1440374,2054,2387,-333
2890353439,1500398,4896,3134,1762
2890353439,1560446,8966,1854,7112
2890353439,1620446,10002,1833,8169
2890359698,0,2500,2500,0
2890359698,60024,0,0,0
2890359698,120033,458,488,-30
2890359698,180053,1562,2057,-495
2890359698,240055,3836,3131,705
2890359698,300056,4537,2789,1748
2890359698,360080,1944,1218,726
2890359698,420111,2486,2406,80
2890359698,480122,2650,3329,-679
2890359698,540133,3544,4176,-632
2890359698,600155,4460,5188,-728
2890359698,660174,3185,2065,1120
2890359698,720200,3602,1725,1877
2890359698,780207,3392,2667,725
2890359698,840219,4877,4789,88
2890359698,900226,1662,4072,-2410
2890359698,960255,1593,3318,-1725
2890359698,1020266,3449,2695,754
2890359698,1080268,4873,1361,3512
2890359698,1140303,2487,1623,864
2890359698,1200306,5228,3551,1677
2890359698,1260311,4836,2740,2096
2890359698,1320338,5103,3687,1416
2890359698,1380351,5746,3693,2053
2890359698,1440353,7956,4638,3318
2890359698,1500355,5280,3795,1485
2890359698,1560360,9149,2996,6153
2890359698,1620360,10154,2572,7582
2890384305,0,2500,2500,0
2890384305,60009,0,0,0
2890384305,120010,481,373,108
2890384305,180060,1678,2332,-654
2890384305,240073,3142,3690,-548
2890384305,300077,4011,2938,1073
2890384305,360106,3472,3163,309
2890384305,420110,1914,1298,616
2890384305,480139,2326,2540,-214
2890384305,540152,2470,4697,-2227
2890384305,600166,5463,2884,2579
2890384305,660190,2780,3424,-644
2890384305,720205,3110,2264,846
2890384305,780209,3671,3358,313
2890384305,840240,5696,3786,1910
2890384305,900261,5670,4205,1465
2890384305,960283,1354,1996,-642
2890384305,1020292,3635,2939,696
2890384305,1080319,2046,1040,1006
2890384305,1140331,4925,2193,2732
2890384305,1200344,7558,4492,3066
2890384305,1260371,1145,4014,-2869
2890384305,1320397,4266,4248,18
2890384305,1380420,7866,3160,4706
2890384305,1440422,4756,5535,-779
2890384305,1500440,4937,4694,243
2890384305,1560462,8216,5330,2886
2890384305,1620462,10101,2677,7424
2890415146,0,2500,2500,0
2890415146,60006,0,520,-520
2890415146,120034,417,507,-90
2890415146,180035,1987,1696,291
2890415146,240048,2942,3001,-59
2890415146,300049,1869,3217,-1348
2890415146,360081,1832,3368,-1536
2890415146,420090,3195,3743,-548
2890415146,480102,3119,3439,-320
2890415146,540140,2661,2749,-88
2890415146,600169,2324,3046,-722
2890415146,660175,3515,1992,1523
2890415146,720177,1516,4837,-3321
2890415146,780190,2400,4639,-2239
2890415146,840197,3893,3847,46
2890415146,900199,1747,3015,-1268
2890415146,960206,3298,3824,-526
2890415146,1020235,2365,1616,749
2890415146,1080267,5245,1722,3523
2890415146,1140274,4585,2808,1777
2890415146,1200285,3379,3996,-617
2890415146,1260290,4448,4066,382
2890415146,1320312,3937,4123,-186
2890415146,1380335,5493,3453,2040
2890415146,1440359,4756,1859,2897
2890415146,1500377,5260,4861,399
2890415146,1560403,4134,2573,1561
2890415146,1620431,7136,2131,5005
2890420181,0,2500,2500,0
2890420181,60019,0,0,0
2890420181,120049,312,402,-90
2890420181,180083,2276,1498,778
2890420181,240091,3440,2548,892
2890420181,300122,2974,3164,-190
2890420181,360154,3344,1736,1608
2890420181,420177,3459,2980,479
2890420181,480210,4974,3408,1566
2890420181,540232,1516,2832,-1316
2890420181,600237,3188,3094,94
2890420181,660251,2095,3861,-1766
2890420181,720283,3360,4137,-777
2890420181,780311,4030,3709,321
2890420181,840312,3099,3474,-375
2890420181,900345,2644,1711,933
2890420181,960373,7008,2023,4985
2890420181,1020402,5406,3058,2348
2890420181,1080417,5885,4758,1127
2890420181,1140420,4542,2444,2098
2890420181,1200438,4955,1381,3574
2890420181,1260439,6202,2537,3665
2890420181,1320462,7316,2002,5314
2890420181,1380475,5430,3456,1974
2890420181,1440497,7798,2956,4842
2890420181,1500508,6835,3027,3808
2890420181,1560527,3242,2896,346
2890420181,1620554,8936,2388,6548
2890436655,0,2500,2500,0
2890436655,60000,0,0,0
2890436655,120008,477,373,104
2890436655,180011,2511,1393,1118
2890436655,240023,3489,2369,1120
2890436655,300033,2206,2334,-128
2890436655,360071,1844,1917,-73
2890436655,420091,3390,3481,-91
2890436655,480101,1958,4012,-2054
2890436655,540126,4336,2432,1904
2890436655,600132,1671,3531,-1860
2890436655,660182,1760,4554,-2794
2890436655,720191,3374,2955,419
2890436655,780216,3504,1681,1823
2890436655,840248,3257,2957,300
2890436655,900270,3362,5396,-2034
2890436655,960301,3441,876,2565
2890436655,1020316,4661,2715,1946
2890436655,1080337,2617,4247,-1630
2890436655,1140363,6100,2959,3141
2890436655,1200369,6835,1233,5602
2890436655,1260385,2186,2890,-704
2890436655,1320392,3781,4121,-340
2890436655,1380394,7227,4085,3142
2890436655,1440398,4501,4518,-17
2890436655,1500419,4541,2073,2468
2890436655,1560448,2959,2053,906
2890436655,1620448,3511,2820,691
2890440115,0,2500,2500,0
2890440115,60013,120,10,110
2890440115,120027,543,453,90
2890440115,180078,1814,2024,-210
2890440115,240095,3515,2803,712
2890440115,300118,2028,2832,-804
2890440115,360127,2138,3252,-1114
2890440115,420128,1960,2185,-225
2890440115,480147,2362,2216,146
2890440115,540169,3558,3231,327
2890440115,600193,3717,2233,1484
2890440115,660193,1468,2949,-1481
2890440115,720218,3202,2303,899
2890440115,780225,4440,2724,1716
2890440115,840247,2136,4125,-1989
2890440115,900266,5340,3625,1715
2890440115,960279,6002,4060,1942
2890440115,1020304,1691,5103,-3412
2890440115,1080329,4401,6115,-1714
2890440115,1140348,7592,5387,2205
2890440115,1200376,1355,2369,-1014
2890440115,1260377,3464,3783,-319
2890440115,1320394,3331,4355,-1024
2890440115,1380394,3676,2869,807
2890440115,1440407,5595,4299,1296
2890440115,1500435,6101,2024,4077
2890440115,1560453,9990,3326,6664
2890440115,1620453,11905,4436,7469
2890485935,0,2500,2500,0
2890485935,60008,10,500,-490
2890485935,120013,439,866,-427
2890485935,180062,1788,2147,-359
2890485935,240075,4408,2739,1669
2890485935,300077,2829,1820,1009
2890485935,360079,2888,1625,1263
2890485935,420089,4632,1476,3156
2890485935,480119,1794,1818,-24
2890485935,540130,4197,1173,3024
2890485935,600142,2662,2583,79
2890485935,660162,4758,3012,1746
2890485935,720181,3947,3304,643
2890485935,780208,4620,2703,1917
2890485935,840231,2796,2043,753
2890485935,900243,3445,3342,103
2890485935,960247,3914,744,3170
2890485935,1020272,2837,3972,-1135
2890485935,1080279,2102,1545,557
2890485935,1140309,3361,1132,2229
2890485935,1200326,4704,2275,2429
2890485935,1260331,7281,2855,4426
2890485935,1320347,6229,4511,1718
2890485935,1380374,3191,4829,-1638
2890485935,1440406,4847,4356,491
2890485935,1500435,8489,3040,5449
2890485935,1560459,3945,2479,1466
2890485935,1620459,7880,948,6932
2890489439,0,2500,2500,0
2890489439,60000,0,0,0
2890489439,120006,373,412,-39
2890489439,180017,1477,1565,-88
2890489439,240019,2857,2943,-86
2890489439,300025,3188,2463,725
2890489439,360049,3362,4847,-1485
2890489439,420068,1187,1270,-83
2890489439,480080,3120,1948,1172
2890489439,540090,4164,1472,2692
2890489439,600110,4131,2346,1785
2890489439,660140,5734,3717,2017
2890489439,720158,7129,5003,2126
2890489439,780190,6770,4689,2081
2890489439,840205,4586,6785,-2199
2890489439,900218,1678,3176,-1498
2890489439,960237,2550,4935,-2385
2890489439,1020247,1978,2028,-50
2890489439,1080280,5024,2626,2398
2890489439,1140309,1825,1511,314
2890489439,1200335,4853,2763,2090
2890489439,1260343,4274,3949,325
2890489439,1320370,1496,4051,-2555
2890489439,1380381,3530,1925,1605
2890489439,1440389,6518,2040,4478
2890489439,1500405,1535,2968,-1433
2890489439,1560411,2932,3319,-387
2890489439,1620411,4447,2276,2171
2890507794,0,2500,2500,0
2890507794,60011,0,0,0
2890507794,120028,391,396,-5
2890507794,180034,2117,2509,-392
2890507794,240050,2279,3545,-1266
2890507794,300067,2236,1526,710
2890507794,360069,1900,2180,-280
2890507794,420072,1774,3792,-2018
2890507794,480087,2238,1701,537
2890507794,540116,2078,2966,-888
2890507794,600147,2916,2236,680
2890507794,660149,5220,3921,1299
2890507794,720157,2339,2210,129
2890507794,780173,1981,3052,-1071
2890507794,840189,4635,1244,3391
2890507794,900192,5091,2823,2268
2890507794,960214,1486,1384,102
2890507794,1020247,4781,2103,2678
2890507794,1080252,6988,1474,5514
2890507794,1140264,4340,3941,399
2890507794,1200272,2710,1115,1595
2890507794,1260303,2926,2646,280
2890507794,1320310,7589,2568,5021
2890507794,1380335,6989,1716,5273
2890507794,1440357,2288,2182,106
2890507794,1500372,6592,3025,3567
2890507794,1560394,6017,5314,703
2890507794,1620394,6406,3348,3058
2890517438,0,2500,2500,0
2890517438,60020,0,500,-500
2890517438,120028,454,394,60
2890517438,180047,1760,1875,-115
2890517438,240072,1661,3117,-1456
2890517438,300076,1732,2042,-310
2890517438,360103,2749,2381,368
2890517438,420135,2767,4301,-1534
2890517438,480136,2119,3181,-1062
2890517438,540152,4311,2013,2298
2890517438,600163,4886,1453,3433
2890517438,660170,6099,2070,4029
2890517438,720187,4162,3541,621
2890517438,780204,4824,7300,-2476
2890517438,840211,2704,1888,816
2890517438,900234,2431,3650,-1219
2890517438,960240,4598,3301,1297
2890517438,1020260,7037,2795,4242
2890517438,1080284,7791,3005,4786
2890517438,1140290,5005,964,4041
2890517438,1200302,2343,2664,-321
2890517438,1260327,4684,4156,528
2890517438,1320328,4447,2410,2037
2890517438,1380355,6570,2573,3997
2890517438,1440386,3445,2245,1200
2890517438,1500398,5303,3711,1592
2890517438,1560419,2172,2557,-385
2890517438,1620419,5421,1635,3786
2890530018,0,7000,7000,0
2890530018,60011,50,50,0
2890530018,120041,1807,2806,-999
2890530018,180070,4312,5308,-996
2890530018,240101,3875,3513,362
2890530018,300112,5259,6328,-1069
2890530018,360117,5112,9159,-4047
2890530018,420125,4609,3054,1555
2890530018,480125,4895,4648,247
2890530018,540141,4349,6834,-2485
2890530018,600163,3128,6682,-3554
2890530018,660193,5305,8822,-3517
2890530018,720207,4258,3225,1033
2890530018,780208,3395,5795,-2400
2890530018,840208,2363,6899,-4536
2890530018,900240,5657,3854,1803
2890530018,960262,3287,6793,-3506
2890530018,1020269,4373,3708,665
2890530018,1080295,4127,3451,676
2890530018,1140321,4088,5905,-1817
2890530018,1200348,3182,7736,-4554
2890530018,1260376,4578,5600,-1022
2890530018,1320405,5120,8681,-3561
2890530018,1380433,7008,4700,2308
2890530018,1440468,6733,6896,-163
2890530018,1500490,5266,11156,-5890
2890530018,1560517,4123,11405,-7282
2890530018,1620517,4703,11741,-7038
2890546734,0,7000,7000,0
2890546734,60018,310,1550,-1240
2890546734,120023,3065,2021,1044
2890546734,180055,5255,4256,999
2890546734,240087,4722,6100,-1378
2890546734,300100,6904,6239,665
2890546734,360118,6703,5409,1294
2890546734,420134,2747,3121,-374
2890546734,480135,4593,5495,-902
2890546734,540159,4448,5493,-1045
2890546734,600168,6800,5951,849
2890546734,660185,2792,9232,-6440
2890546734,720197,3894,10060,-6166
2890546734,780200,2974,6646,-3672
2890546734,840222,4615,7929,-3314
2890546734,900236,7653,3550,4103
2890546734,960239,3523,6630,-3107
2890546734,1020246,3592,7822,-4230
2890546734,1080271,3160,9256,-6096
2890546734,1140272,6756,4517,2239
2890546734,1200294,2292,4693,-2401
2890546734,1260303,4367,6229,-1862
2890546734,1320323,5200,8742,-3542
2890546734,1380343,3014,5376,-2362
2890546734,1440371,6514,5761,753
2890546734,1500398,2948,5048,-2100
2890546734,1560400,4957,6325,-1368
2890546734,1620400,6310,7869,-1559
2890563249,0,2500,2500,0
2890563249,60013,0,500,-500
2890563249,120014,466,380,86
2890563249,180038,1285,1806,-521
2890563249,240056,2393,2370,23
2890563249,300075,4033,2423,1610
2890563249,360091,2494,2779,-285
2890563249,420093,1948,1651,297
2890563249,480122,1859,3036,-1177
2890563249,540157,3381,3437,-56
2890563249,600184,2605,2240,365
2890563249,660201,2477,3667,-1190
2890563249,720217,3735,3217,518
2890563249,780222,2942,2863,79
2890563249,840254,3804,4513,-709
2890563249,900260,4289,3052,1237
2890563249,960272,3138,2065,1073
2890563249,1020289,3556,2733,823
2890563249,1080304,2441,4883,-2442
2890563249,1140330,3266,3685,-419
2890563249,1200362,5538,4333,1205
2890563249,1260363,3171,4775,-1604
2890563249,1320392,3208,2312,896
2890563249,1380418,5320,3643,1677
2890563249,1440432,1925,2471,-546
2890563249,1500464,4563,3087,1476
2890563249,1560490,10667,3951,6716
2890563249,1620490,10521,4644,5877
2890583255,0,2500,2500,0
2890583255,60013,0,0,0
2890583255,120039,361,283,78
2890583255,180050,1394,1431,-37
2890583255,240063,1780,2821,-1041
2890583255,300080,1738,3536,-1798
2890583255,360110,3324,4019,-695
2890583255,420152,2269,1338,931
2890583255,480160,1490,2934,-1444
2890583255,540161,3330,1824,1506
2890583255,600179,1871,3701,-1830
2890583255,660210,2947,3575,-628
2890583255,720237,2921,5025,-2104
2890583255,780244,4225,5027,-802
2890583255,840244,2892,2296,596
2890583255,900247,3647,1485,2162
2890583255,960265,4760,2616,2144
2890583255,1020285,2523,4339,-1816
2890583255,1080303,4416,1968,2448
2890583255,1140328,5691,3174,2517
2890583255,1200351,8455,3319,5136
2890583255,1260371,5341,2573,2768
2890583255,1320390,3464,3658,-194
2890583255,1380393,7263,3547,3716
2890583255,1440406,2703,5629,-2926
2890583255,1500437,5791,3071,2720
2890583255,1560465,9581,1985,7596
2890583255,1620465,11041,2100,8941
2890697853,0,2500,2500,0
2890697853,60010,0,0,0
2890697853,120013,352,483,-131
2890697853,180026,1602,1749,-147
2890697853,240041,2578,1812,766
2890697853,300076,3167,3175,-8
2890697853,360077,5741,2599,3142
2890697853,420115,1307,4176,-2869
2890697853,480143,2587,1903,684
2890697853,540173,3907,2349,1558
2890697853,600198,5427,2875,2552
2890697853,660235,2240,1581,659
2890697853,720235,3217,2806,411
2890697853,780271,4943,4234,709
2890697853,840294,7066,2214,4852
2890697853,900326,3425,2453,972
2890697853,960348,2635,1631,1004
2890697853,1020376,3427,2038,1389
2890697853,1080393,4925,2923,2002
2890697853,1140401,4735,3142,1593
2890697853,1200416,5619,6059,-440
2890697853,1260427,5521,3501,2020
2890697853,1320442,5645,4671,974
2890697853,1380442,4988,3238,1750
2890697853,1440450,3989,2571,1418
2890697853,1500470,5390,3949,1441
2890697853,1560482,8501,2375,6126
2890697853,1620482,7119,2481,4638
2890714484,0,2500,2500,0
2890714484,60031,0,100,-100
2890714484,120064,942,426,516
2890714484,180093,2473,1565,908
2890714484,240121,2899,2599,300
2890714484,300150,3259,3015,244
2890714484,360179,4944,3436,1508
2890714484,420209,2178,2286,-108
2890714484,480238,3781,2285,1496
2890714484,540268,4257,3271,986
2890714484,600297,4409,2555,1854
2890714484,660299,5522,3279,2243
2890714484,720329,4789,1361,3428
2890714484,780362,2415,1809,606
2890714484,840395,2580,2211,369
2890714484,900398,3421,2248,1173
2890714484,960429,6119,2116,4003
2890714484,1020461,2194,3253,-1059
2890714484,1080474,2343,3190,-847
2890714484,1140491,3923,5462,-1539
2890714484,1200524,3584,3758,-174
2890714484,1260549,5731,3452,2279
2890714484,1320571,6531,1925,4606
2890714484,1380581,10206,3464,6742
2890714484,1440609,4330,3825,505
2890714484,1500617,4029,1753,2276
2890714484,1560620,6808,1841,4967
2890714484,1620620,7812,1641,6171
2890714873,0,2500,2500,0
2890714873,60032,0,0,0
2890714873,120064,564,354,210
2890714873,180064,1969,1575,394
2890714873,240078,2768,3340,-572
2890714873,300080,4954,2634,2320
2890714873,360084,1596,910,686
2890714873,420100,1927,2115,-188
2890714873,480131,4410,3289,1121
2890714873,540157,1390,1899,-509
2890714873,600162,3934,2767,1167
2890714873,660199,2462,3509,-1047
2890714873,720222,2369,5663,-3294
2890714873,780240,2365,2251,114
2890714873,840257,4849,2648,2201
2890714873,900284,3612,2330,1282
2890714873,960291,5566,3453,2113
2890714873,1020291,7148,1902,5246
2890714873,1080313,4337,2184,2153
2890714873,1140331,3334,3063,271
2890714873,1200358,4087,3721,366
2890714873,1260383,5791,1974,3817
2890714873,1320411,5410,3450,1960
2890714873,1380426,2541,4171,-1630
2890714873,1440436,5430,2045,3385
2890714873,1500456,4131,2788,1343
2890714873,1560488,6241,1595,4646
2890714873,1620488,9113,1998,7115
2890716633,0,2500,2500,0
2890716633,60025,0,0,0
2890716633,120056,429,339,90
2890716633,180085,1882,2311,-429
2890716633,240114,946,1101,-155
2890716633,300149,3472,1506,1966
2890716633,360178,4933,1717,3216
2890716633,420207,3145,1657,1488
2890716633,480236,1846,2550,-704
2890716633,540253,2674,4005,-1331
2890716633,600270,5184,3992,1192
2890716633,660278,3587,2860,727
2890716633,720299,5501,2301,3200
2890716633,780324,4924,2634,2290
2890716633,840337,3257,4197,-940
2890716633,900344,2977,1624,1353
2890716633,960372,5887,1856,4031
2890716633,1020402,4619,3204,1415
2890716633,1080416,7375,2345,5030
2890716633,1140442,7595,2508,5087
2890716633,1200452,9159,2991,6168
2890716633,1260484,7594,3442,4152
2890716633,1320510,3002,3494,-492
2890716633,1380515,3202,6000,-2798
2890716633,1440544,4961,4394,567
2890716633,1500564,4076,4308,-232
2890716633,1560582,10551,2899,7652
2890716633,1620582,12690,2966,9724
2890721857,0,2500,2500,0
2890721857,60009,0,0,0
2890721857,120015,339,412,-73
2890721857,180022,1703,1836,-133
2890721857,240027,2155,2710,-555
2890721857,300027,3666,3543,123
2890721857,360058,1484,5023,-3539
2890721857,420101,1757,2427,-670
2890721857,480121,3770,2958,812
2890721857,540150,4869,2841,2028
2890721857,600167,4218,3584,634
2890721857,660192,3389,2532,857
2890721857,720200,5864,4262,1602
2890721857,780202,1469,1626,-157
2890721857,840209,4151,3362,789
2890721857,900240,3133,6162,-3029
2890721857,960248,3750,4023,-273
2890721857,1020279,2078,3174,-1096
2890721857,1080302,2283,4757,-2474
2890721857,1140316,3737,1193,2544
2890721857,1200319,5118,2836,2282
2890721857,1260350,7662,3058,4604
2890721857,1320380,3114,3738,-624
2890721857,1380403,4560,1994,2566
2890721857,1440434,6297,3474,2823
2890721857,1500449,2262,1589,673
2890721857,1560459,6349,2931,3418
2890721857,1620459,8398,2111,6287
2890723844,0,2500,2500,0
2890723844,60009,0,0,0
2890723844,120040,542,332,210
2890723844,180074,2183,1561,622
2890723844,240080,4335,2644,1691
2890723844,300083,2480,2975,-495
2890723844,360087,2413,3001,-588
2890723844,420101,4318,3845,473
2890723844,480108,6495,4391,2104
2890723844,540135,1530,2208,-678
2890723844,600165,3545,1628,1917
2890723844,660174,3777,2687,1090
2890723844,720202,4753,2031,2722
2890723844,780233,2307,2651,-344
2890723844,840253,1952,3630,-1678
2890723844,900278,2662,1769,893
2890723844,960285,5165,2432,2733
2890723844,1020305,7456,2830,4626
2890723844,1080309,10611,3563,7048
2890723844,1140314,6066,1931,4135
2890723844,1200329,3103,3194,-91
2890723844,1260349,4591,2759,1832
2890723844,1320366,5645,4529,1116
2890723844,1380385,5681,1706,3975
2890723844,1440398,8111,1772,6339
2890723844,1500414,4004,2843,1161
2890723844,1560442,3370,3301,69
2890723844,1620466,7442,3569,3873
2890777411,0,2500,2500,0
2890777411,60010,0,0,0
2890777411,120035,383,478,-95
2890777411,180099,1655,1798,-143
2890777411,240112,3786,2553,1233
2890777411,300131,3289,4072,-783
2890777411,360147,3185,451,2734
2890777411,420161,770,1627,-857
2890777411,480165,2649,1693,956
2890777411,540186,4198,1167,3031
2890777411,600213,4129,2822,1307
2890777411,660214,1362,2597,-1235
2890777411,720231,3141,2811,330
2890777411,780256,3633,1827,1806
2890777411,840280,4368,2770,1598
2890777411,900282,1560,1622,-62
2890777411,960288,3066,2331,735
2890777411,1020315,4681,3848,833
2890777411,1080348,4150,4691,-541
2890777411,1140360,4968,827,4141
2890777411,1200389,8329,2560,5769
2890777411,1260416,1230,2371,-1141
2890777411,1320418,4620,2222,2398
2890777411,1380425,6686,1349,5337
2890777411,1440452,3901,3103,798
2890777411,1500457,7489,1606,5883
2890777411,1560464,5351,2303,3048
2890777411,1620464,6632,3296,3336
2890788628,0,2500,2500,0
2890788628,60000,10,0,10
2890788628,120001,1337,274,1063
2890788628,180030,2650,1610,1040
2890788628,240050,3977,2922,1055
2890788628,300077,2647,1672,975
2890788628,360079,2826,3028,-202
2890788628,420110,3822,3589,233
2890788628,480122,1693,1318,375
2890788628,540129,2724,2882,-158
2890788628,600130,2695,1945,750
2890788628,660162,3638,3614,24
2890788628,720171,6829,1442,5387
2890788628,780215,6170,3555,2615
2890788628,840237,4474,3233,1241
2890788628,900252,6579,1850,4729
2890788628,960268,3608,2316,1292
2890788628,1020298,2829,2388,441
2890788628,1080308,1400,5356,-3956
2890788628,1140310,5757,1488,4269
2890788628,1200342,7702,1061,6641
2890788628,1260371,5963,2314,3649
2890788628,1320402,1137,4532,-3395
2890788628,1380408,2731,1104,1627
2890788628,1440428,7749,1579,6170
2890788628,1500434,6576,1650,4926
2890788628,1560453,3818,3334,484
2890788628,1620478,7239,3198,4041
2890819804,0,2500,2500,0
2890819804,60000,0,0,0
2890819804,120004,393,356,37
2890819804,180054,2087,1422,665
2890819804,240086,2865,1487,1378
2890819804,300098,3316,3049,267
2890819804,360128,3378,2781,597
2890819804,420140,4575,4329,246
2890819804,480147,5302,6356,-1054
2890819804,540152,913,4905,-3992
2890819804,600157,3527,4901,-1374
2890819804,660159,1775,1689,86
2890819804,720166,2373,3152,-779
2890819804,780172,3329,3334,-5
2890819804,840176,4161,5967,-1806
2890819804,900187,2167,3423,-1256
2890819804,960219,5138,1853,3285
2890819804,1020228,4161,2571,1590
2890819804,1080258,4652,3112,1540
2890819804,1140260,6976,3598,3378
2890819804,1200271,5166,2210,2956
2890819804,1260298,3616,3729,-113
2890819804,1320302,3046,5562,-2516
2890819804,1380329,5175,5844,-669
2890819804,1440338,3560,3220,340
2890819804,1500344,7293,4433,2860
2890819804,1560356,4254,3032,1222
2890819804,1620356,6515,1780,4735
2890839574,0,2500,2500,0
2890839574,60000,0,0,0
2890839574,120017,398,878,-480
2890839574,180020,2484,2085,399
2890839574,240043,2664,2005,659
2890839574,300074,4024,3220,804
2890839574,360075,4342,4981,-639
2890839574,420103,5050,2962,2088
2890839574,480113,4616,1062,3554
2890839574,540118,1839,2521,-682
2890839574,600122,4142,3608,534
2890839574,660151,3936,2869,1067
2890839574,720170,4372,3292,1080
2890839574,780174,4604,3515,1089
2890839574,840199,5811,4963,848
2890839574,900231,1966,3549,-1583
2890839574,960239,1952,3150,-1198
2890839574,1020248,4717,4645,72
2890839574,1080251,4687,3937,750
2890839574,1140257,3060,2415,645
2890839574,1200265,3290,2414,876
2890839574,1260270,2548,5061,-2513
2890839574,1320286,4907,4517,390
2890839574,1380312,7639,4241,3398
2890839574,1440324,4567,5255,-688
2890839574,1500338,5594,1918,3676
2890839574,1560358,6246,2688,3558
2890839574,1620358,6381,2314,4067
2890887545,0,2500,2500,0
2890887545,60009,0,0,0
2890887545,120015,421,300,121
2890887545,180023,2110,1353,757
2890887545,240043,1652,3134,-1482
2890887545,300074,2631,4089,-1458
2890887545,360098,4213,2754,1459
2890887545,420114,1378,2730,-1352
2890887545,480139,2000,2156,-156
2890887545,540140,4239,2507,1732
2890887545,600162,5403,3760,1643
2890887545,660174,1255,4348,-3093
2890887545,720191,3318,3152,166
2890887545,780213,5214,2422,2792
2890887545,840224,3886,2695,1191
2890887545,900247,1707,2278,-571
2890887545,960258,3911,3597,314
2890887545,1020291,3237,1539,1698
2890887545,1080313,2884,3774,-890
2890887545,1140319,3843,3821,22
2890887545,1200335,5325,4301,1024
2890887545,1260346,5958,2093,3865
2890887545,1320376,4471,2651,1820
2890887545,1380377,5481,2710,2771
2890887545,1440380,4247,4219,28
2890887545,1500407,6155,4377,1778
2890887545,1560413,3291,4239,-948
2890887545,1620413,6932,1924,5008
2890906675,0,2500,2500,0
2890906675,60012,0,0,0
2890906675,120015,458,390,68
2890906675,180067,1888,1776,112
2890906675,240084,2200,4122,-1922
2890906675,300086,3939,4645,-706
2890906675,360087,3419,3201,218
2890906675,420095,5030,3393,1637
2890906675,480104,2788,2270,518
2890906675,540126,1117,4347,-3230
2890906675,600131,2367,4158,-1791
2890906675,660152,4341,5199,-858
2890906675,720165,4667,2127,2540
2890906675,780175,4859,3835,1024
2890906675,840187,5861,1664,4197
2890906675,900219,3797,3266,531
2890906675,960231,2762,6114,-3352
2890906675,1020257,2072,5861,-3789
2890906675,1080282,2515,6812,-4297
2890906675,1140312,1349,8170,-6821
2890906675,1200341,3640,3671,-31
2890906675,1260353,5383,3350,2033
2890906675,1320356,7030,1685,5345
2890906675,1380373,2568,3684,-1116
2890906675,1440398,6661,4269,2392
2890906675,1500408,4659,4574,85
2890906675,1560429,4904,6123,-1219
2890906675,1620433,8810,2431,6379
2890914317,0,2500,2500,0
2890914317,60014,0,0,0
2890914317,120015,544,441,103
2890914317,180042,1630,1418,212
2890914317,240060,2525,2607,-82
2890914317,300082,3405,2837,568
2890914317,360103,1605,4366,-2761
2890914317,420155,3220,2257,963
2890914317,480171,1092,2077,-985
2890914317,540173,2340,4265,-1925
2890914317,600191,1756,2750,-994
2890914317,660200,4682,4269,413
2890914317,720215,6621,3119,3502
2890914317,780220,5601,1801,3800
2890914317,840239,3320,3264,56
2890914317,900267,3952,4848,-896
2890914317,960294,3531,1561,1970
2890914317,1020314,4491,2961,1530
2890914317,1080340,4770,2148,2622
2890914317,1140370,2374,2732,-358
2890914317,1200389,6094,3878,2216
2890914317,1260392,3489,3818,-329
2890914317,1320393,4676,2544,2132
2890914317,1380403,3946,5409,-1463
2890914317,1440407,4148,2713,1435
2890914317,1500410,6944,3575,3369
2890914317,1560438,7606,1727,5879
2890914317,1620449,7343,2674,4669
2890993603,0,2500,2500,0
2890993603,60018,0,0,0
2890993603,120032,498,396,102
2890993603,180033,2317,1459,858
2890993603,240039,3981,2640,1341
2890993603,300057,2435,3391,-956
2890993603,360079,2244,3811,-1567
2890993603,420113,4086,5002,-916
2890993603,480146,3592,3802,-210
2890993603,540149,3013,2789,224
2890993603,600179,4846,1950,2896
2890993603,660192,3453,2621,832
2890993603,720220,4626,4816,-190
2890993603,780250,4264,3334,930
2890993603,840276,3957,3286,671
2890993603,900285,5308,1010,4298
2890993603,960298,3620,2489,1131
2890993603,1020303,4851,3121,1730
2890993603,1080330,2574,3829,-1255
2890993603,1140331,3723,6192,-2469
2890993603,1200344,2405,8323,-5918
2890993603,1260351,2921,5796,-2875
2890993603,1320370,3389,1985,1404
2890993603,1380379,5771,3140,2631
2890993603,1440409,3990,3449,541
2890993603,1500419,5290,3079,2211
2890993603,1560423,4469,3218,1251
2890993603,1620423,7432,3096,4336
2891000007,0,2500,2500,0
2891000007,60018,0,0,0
2891000007,120020,532,387,145
2891000007,180024,1918,1648,270
2891000007,240034,2794,3047,-253
2891000007,300053,2226,4064,-1838
2891000007,360082,1967,4928,-2961
2891000007,420084,2623,1265,1358
2891000007,480108,2745,3273,-528
2891000007,540140,3277,1788,1489
2891000007,600173,2336,2431,-95
2891000007,660188,1529,4039,-2510
2891000007,720199,4460,1869,2591
2891000007,780207,4291,3066,1225
2891000007,840229,4549,3544,1005
2891000007,900257,8067,1820,6247
2891000007,960262,1444,3653,-2209
2891000007,1020273,3291,3633,-342
2891000007,1080274,6083,2053,4030
2891000007,1140285,2751,2716,35
2891000007,1200310,5101,3618,1483
2891000007,1260338,5543,2834,2709
2891000007,1320370,1439,3302,-1863
2891000007,1380382,4099,2826,1273
2891000007,1440390,3789,2616,1173
2891000007,1500410,2412,2648,-236
2891000007,1560426,5569,1030,4539
2891000007,1620426,8357,1066,7291
2891034378,0,2500,2500,0
2891034378,60009,0,0,0
2891034378,120012,338,395,-57
2891034378,180041,2132,1653,479
2891034378,240072,4107,2915,1192
2891034378,300110,3999,1926,2073
2891034378,360140,944,2631,-1687
2891034378,420170,2871,2098,773
2891034378,480170,4448,3492,956
2891034378,540200,3708,4781,-1073
2891034378,600202,1682,3366,-1684
2891034378,660209,4811,2135,2676
2891034378,720212,1662,1960,-298
2891034378,780230,4141,2931,1210
2891034378,840235,2802,3621,-819
2891034378,900253,3941,1748,2193
2891034378,960260,4185,1691,2494
2891034378,1020290,3306,1327,1979
2891034378,1080315,1772,3231,-1459
2891034378,1140341,2199,2053,146
2891034378,1200353,4119,1947,2172
2891034378,1260375,6863,1713,5150
2891034378,1320397,1133,3373,-2240
2891034378,1380422,4791,3059,1732
2891034378,1440441,3058,2462,596
2891034378,1500449,5195,3700,1495
2891034378,1560466,6075,4141,1934
2891034378,1620466,4943,1662,3281
2891060070,0,2500,2500,0
2891060070,60024,0,0,0
2891060070,120033,522,509,13
2891060070,180084,2510,1645,865
2891060070,240099,1859,2561,-702
2891060070,300103,2257,1128,1129
2891060070,360108,3679,2644,1035
2891060070,420126,1653,2833,-1180
2891060070,480134,3637,2932,705
2891060070,540159,4862,2016,2846
2891060070,600160,2939,1981,958
2891060070,660182,3860,2097,1763
2891060070,720205,3099,2555,544
2891060070,780217,3157,2762,395
2891060070,840218,4237,2856,1381
2891060070,900233,4555,3045,1510
2891060070,960243,5977,3247,2730
2891060070,1020260,3707,4710,-1003
2891060070,1080277,5507,4708,799
2891060070,1140303,7883,3028,4855
2891060070,1200310,3315,3723,-408
2891060070,1260343,4996,5215,-219
2891060070,1320365,7068,3080,3988
2891060070,1380398,6552,1288,5264
2891060070,1440399,2920,2894,26
2891060070,1500423,4886,1530,3356
2891060070,1560454,5160,1870,3290
2891060070,1620454,7596,3322,4274
2891064529,0,2500,2500,0
2891064529,60018,0,0,0
2891064529,120019,430,411,19
2891064529,180049,1668,1766,-98
2891064529,240061,3673,2584,1089
2891064529,300079,4012,2549,1463
2891064529,360098,1879,2285,-406
2891064529,420108,2650,2041,609
2891064529,480115,3255,3951,-696
2891064529,540123,5019,2754,2265
2891064529,600135,5237,3901,1336
2891064529,660146,6467,5220,1247
2891064529,720163,3722,3464,258
2891064529,780171,3097,1794,1303
2891064529,840192,5216,2691,2525
2891064529,900221,5207,3991,1216
2891064529,960223,3566,4638,-1072
2891064529,1020248,5563,2148,3415
2891064529,1080268,7161,4109,3052
2891064529,1140303,1753,2826,-1073
2891064529,1200315,6414,2263,4151
2891064529,1260337,5512,3584,1928
2891064529,1320365,3895,1258,2637
2891064529,1380379,8145,1872,6273
2891064529,1440379,4795,2797,1998
2891064529,1500386,5033,1583,3450
2891064529,1560390,7283,2024,5259
2891064529,1620419,6697,2389,4308
2891076218,0,2500,2500,0
2891076218,60005,0,0,0
2891076218,120009,362,386,-24
2891076218,180053,2524,1435,1089
2891076218,240056,4343,2878,1465
2891076218,300065,883,3082,-2199
2891076218,360067,3084,3353,-269
2891076218,420075,2120,2579,-459
2891076218,480076,4003,3838,165
2891076218,540098,3175,2711,464
2891076218,600120,3366,4318,-952
2891076218,660151,2121,1525,596
2891076218,720154,2631,3902,-1271
2891076218,780176,3476,3888,-412
2891076218,840182,3987,3405,582
2891076218,900184,3916,3138,778
2891076218,960203,3206,3058,148
2891076218,1020214,4722,3590,1132
2891076218,1080241,6222,1864,4358
2891076218,1140242,7849,3310,4539
2891076218,1200243,4137,3697,440
2891076218,1260257,5251,3876,1375
2891076218,1320272,8639,2214,6425
2891076218,1380306,10402,2641,7761
2891076218,1440330,6194,4702,1492
2891076218,1500361,6367,2526,3841
2891076218,1560368,4316,2384,1932
2891076218,1620368,7821,2506,5315
2891112166,0,2500,2500,0
2891112166,60032,500,0,500
2891112166,120056,480,456,24
2891112166,180090,1822,1781,41
2891112166,240103,2169,3661,-1492
2891112166,300130,4208,2528,1680
2891112166,360146,2855,3866,-1011
2891112166,420170,1595,1504,91
2891112166,480173,3150,2349,801
2891112166,540192,2799,4079,-1280
2891112166,600211,1200,2350,-1150
2891112166,660212,1929,5237,-3308
2891112166,720236,3935,4805,-870
2891112166,780250,4793,2924,1869
2891112166,840269,4342,4975,-633
2891112166,900284,4946,2221,2725
2891112166,960305,3757,2422,1335
2891112166,1020311,4288,2994,1294
2891112166,1080311,2744,2140,604
2891112166,1140340,2479,4225,-1746
2891112166,1200369,5392,2850,2542
2891112166,1260384,3561,3190,371
2891112166,1320409,5777,2586,3191
2891112166,1380434,4646,2668,1978
2891112166,1440438,7028,3268,3760
2891112166,1500463,2530,2531,-1
2891112166,1560489,5026,2859,2167
2891112166,1620489,8588,2416,6172
2891135046,0,2500,2500,0
2891135046,60001,0,0,0
2891135046,120020,334,511,-177
2891135046,180079,1503,2424,-921
2891135046,240082,2905,2368,537
2891135046,300082,2811,2449,362
2891135046,360103,3031,2461,570
2891135046,420109,4501,3319,1182
2891135046,480119,2192,5429,-3237
2891135046,540144,3843,2586,1257
2891135046,600173,4104,3327,777
2891135046,660173,3994,4165,-171
2891135046,720205,7725,3469,4256
2891135046,780216,4385,3241,1144
2891135046,840227,6662,762,5900
2891135046,900235,6960,1988,4972
2891135046,960238,6864,4445,2419
2891135046,1020250,7402,2561,4841
2891135046,1080268,5107,2450,2657
2891135046,1140298,5822,4028,1794
2891135046,1200322,8126,3355,4771
2891135046,1260346,9409,4232,5177
2891135046,1320367,11647,4133,7514
2891135046,1380370,1528,5362,-3834
2891135046,1440383,4032,3734,298
2891135046,1500399,5321,3160,2161
2891135046,1560427,3124,2813,311
2891135046,1620427,5685,-1545,7230
2891176291,0,2500,2500,0
2891176291,60026,10,0,10
2891176291,120045,420,372,48
2891176291,180084,1997,2142,-145
2891176291,240086,1958,1628,330
2891176291,300094,2268,2783,-515
2891176291,360110,2031,2755,-724
2891176291,420114,2721,3297,-576
2891176291,480145,3090,1463,1627
2891176291,540152,3105,1786,1319
2891176291,600170,4765,3624,1141
2891176291,660214,4030,4028,2
2891176291,720218,3273,5045,-1772
2891176291,780233,3393,3031,362
2891176291,840259,3994,3370,624
2891176291,900274,3980,4098,-118
2891176291,960279,4754,680,4074
2891176291,1020290,3761,2397,1364
2891176291,1080320,6887,2317,4570
2891176291,1140337,4676,1933,2743
2891176291,1200349,9347,1879,7468
2891176291,1260370,3027,3641,-614
2891176291,1320401,2743,1446,1297
2891176291,1380420,3855,3311,544
2891176291,1440429,3271,2486,785
2891176291,1500449,5142,4634,508
2891176291,1560453,2492,4048,-1556
2891176291,1620453,5438,2238,3200
2891279187,0,2500,2500,0
2891279187,60019,115,500,-385
2891279187,120056,363,731,-368
2891279187,180106,1405,1460,-55
2891279187,240117,2104,3161,-1057
2891279187,300120,3360,2971,389
2891279187,360127,4538,1891,2647
2891279187,420149,2972,2944,28
2891279187,480159,3881,4099,-218
2891279187,540165,5117,2887,2230
2891279187,600193,6692,3734,2958
2891279187,660230,8367,4804,3563
2891279187,720245,8061,4608,3453
2891279187,780285,2549,5885,-3336
2891279187,840286,4487,2275,2212
2891279187,900318,4357,2677,1680
2891279187,960343,2070,4866,-2796
2891279187,1020374,5178,1056,4122
2891279187,1080383,6401,1852,4549
2891279187,1140407,7659,3865,3794
2891279187,1200413,8916,3215,5701
2891279187,1260462,6006,5766,240
2891279187,1320480,7941,2894,5047
2891279187,1380507,12064,1554,10510
2891279187,1440530,8121,4007,4114
2891279187,1500549,6056,5905,151
2891279187,1560560,5935,6143,-208
2891279187,1620560,7411,4458,2953
2891279262,0,7000,7000,0
2891279262,60006,60,1500,-1440
2891279262,120017,2369,2184,185
2891279262,180060,5758,2857,2901
2891279262,240064,7326,4558,2768
2891279262,300083,1686,5285,-3599
2891279262,360088,5125,4729,396
2891279262,420099,2837,3359,-522
2891279262,480118,4788,6048,-1260
2891279262,540138,5501,8172,-2671
2891279262,600146,4027,5895,-1868
2891279262,660152,6289,3948,2341
2891279262,720157,3413,2625,788
2891279262,780167,6060,4205,1855
2891279262,840184,4352,6331,-1979
2891279262,900190,3522,2415,1107
2891279262,960191,5579,1664,3915
2891279262,1020217,7628,2288,5340
2891279262,1080225,5867,5159,708
2891279262,1140243,5083,3463,1620
2891279262,1200257,5154,4449,705
2891279262,1260289,2963,3187,-224
2891279262,1320314,4435,3127,1308
2891279262,1380338,6624,5312,1312
2891279262,1440338,10224,3328,6896
2891279262,1500359,8095,4709,3386
2891279262,1560367,3716,3917,-201
2891279262,1620367,4021,3992,29
2891305211,0,2500,2500,0
2891305211,60022,0,0,0
2891305211,120027,499,370,129
2891305211,180035,2107,1552,555
2891305211,240058,3103,2423,680
2891305211,300075,3469,3012,457
2891305211,360089,2910,3728,-818
2891305211,420127,1408,577,831
2891305211,480157,2551,2088,463
2891305211,540176,2546,2906,-360
2891305211,600183,1447,3401,-1954
2891305211,660204,3956,3676,280
2891305211,720234,1805,2632,-827
2891305211,780239,3341,3857,-516
2891305211,840270,4162,2868,1294
2891305211,900281,4393,4071,322
2891305211,960312,3004,1991,1013
2891305211,1020331,2275,2310,-35
2891305211,1080334,4402,2955,1447
2891305211,1140359,5555,1912,3643
2891305211,1200363,2574,4080,-1506
2891305211,1260391,2507,1845,662
2891305211,1320394,5187,1846,3341
2891305211,1380419,2098,4689,-2591
2891305211,1440446,3222,3615,-393
2891305211,1500448,4291,3932,359
2891305211,1560449,5988,3511,2477
2891305211,1620449,4697,4758,-61
2891492342,0,2500,2500,0
2891492342,60000,952,0,952
2891492342,120003,1028,422,606
2891492342,180011,2566,1742,824
2891492342,240030,2493,3417,-924
2891492342,300035,3181,3162,19
2891492342,360043,4127,1796,2331
2891492342,420083,2304,3420,-1116
2891492342,480090,3753,2204,1549
2891492342,540095,3946,2503,1443
2891492342,600113,2729,3028,-299
2891492342,660117,2053,3399,-1346
2891492342,720138,1866,3629,-1763
2891492342,780147,3342,2382,960
2891492342,840179,5444,2028,3416
2891492342,900201,2969,2643,326
2891492342,960231,4583,3927,656
2891492342,1020239,6451,5278,1173
2891492342,1080250,7469,2462,5007
2891492342,1140294,2490,2192,298
2891492342,1200302,6552,1440,5112
2891492342,1260325,6955,795,6160
2891492342,1320337,2520,2088,432
2891492342,1380351,5370,2990,2380
2891492342,1440368,7461,3184,4277
2891492342,1500376,7017,3340,3677
2891492342,1560382,10549,2964,7585
2891492342,1620382,13298,1523,11775
2891594894,0,2500,2500,0
2891594894,60002,30,555,-525
2891594894,120009,1046,483,563
2891594894,180054,978,1980,-1002
2891594894,240057,2360,3380,-1020
2891594894,300079,2782,4278,-1496
2891594894,360083,2222,2824,-602
2891594894,420111,2806,2530,276
2891594894,480140,3382,1328,2054
2891594894,540140,3136,1354,1782
2891594894,600142,3560,2422,1138
2891594894,660174,2385,3018,-633
2891594894,720205,3004,3840,-836
2891594894,780217,3892,1953,1939
2891594894,840223,1241,2821,-1580
2891594894,900246,3803,2487,1316
2891594894,960265,3773,2895,878
2891594894,1020291,5332,2128,3204
2891594894,1080298,8266,3754,4512
2891594894,1140305,2872,2809,63
2891594894,1200322,6431,3592,2839
2891594894,1260337,2777,3482,-705
2891594894,1320366,4239,2615,1624
2891594894,1380385,3617,2737,880
2891594894,1440393,6233,2169,4064
2891594894,1500408,2803,2503,300
2891594894,1560434,4278,3107,1171
2891594894,1620434,5981,3428,2553
2891624079,0,2550,2550,0
2891624079,60015,150,25,125
2891624079,120048,683,1412,-729
2891624079,180077,1243,2055,-812
2891624079,240107,1384,2023,-639
2891624079,300136,1997,2630,-633
2891624079,360166,1911,3276,-1365
2891624079,420195,2183,3855,-1672
2891624079,480225,2272,1779,493
2891624079,540253,1908,2411,-503
2891624079,600283,2211,2558,-347
2891624079,660313,2018,1941,77
2891624079,720343,3020,2456,564
2891624079,780373,4095,1530,2565
2891624079,840405,967,3124,-2157
2891624079,900435,1827,829,998
2891624079,960464,3362,1455,1907
2891624079,1020494,1605,1961,-356
2891624079,1080523,4183,822,3361
2891624079,1140552,2883,1096,1787
2891624079,1200581,892,1664,-772
2891624079,1260612,2208,1035,1173
2891624079,1320642,2337,2295,42
2891624079,1380674,1357,3436,-2079
2891624079,1440675,2564,2623,-59
2891624079,1500707,1850,924,926
2891624079,1560736,1428,1115,313
2891624079,1620768,1451,2039,-588
2891625665,0,2500,2500,0
2891625665,60020,0,75,-75
2891625665,120021,503,558,-55
2891625665,180052,2051,2051,0
2891625665,240084,2713,2333,380
2891625665,300102,2530,3184,-654
2891625665,360115,775,3061,-2286
2891625665,420141,1888,2276,-388
2891625665,480166,2428,4241,-1813
2891625665,540171,2622,1609,1013
2891625665,600203,3895,2883,1012
2891625665,660216,5107,3993,1114
2891625665,720248,4272,1413,2859
2891625665,780276,3866,1934,1932
2891625665,840307,5511,3842,1669
2891625665,900339,2458,4203,-1745
2891625665,960364,3013,4700,-1687
2891625665,1020369,4292,4544,-252
2891625665,1080402,5391,6222,-831
2891625665,1140421,6005,5177,828
2891625665,1200438,2682,3766,-1084
2891625665,1260451,2747,3535,-788
2891625665,1320454,3283,1468,1815
2891625665,1380468,2641,2380,261
2891625665,1440490,6276,3444,2832
2891625665,1500490,9266,4710,4556
2891625665,1560498,922,5454,-4532
2891625665,1620498,4382,2532,1850
2891627824,0,2500,2500,0
2891627824,60011,0,0,0
2891627824,120019,423,440,-17
2891627824,180032,1656,1910,-254
2891627824,240050,3215,3236,-21
2891627824,300057,4495,3996,499
2891627824,360062,5797,4217,1580
2891627824,420081,5699,3762,1937
2891627824,480096,4692,5210,-518
2891627824,540127,3127,2285,842
2891627824,600151,3561,2691,870
2891627824,660157,4157,3875,282
2891627824,720163,1272,2863,-1591
2891627824,780182,3084,2223,861
2891627824,840186,4198,3280,918
2891627824,900207,5703,2206,3497
2891627824,960235,4208,2074,2134
2891627824,1020241,3352,2479,873
2891627824,1080273,2691,2265,426
2891627824,1140302,2625,2183,442
2891627824,1200332,6138,3141,2997
2891627824,1260353,2102,2271,-169
2891627824,1320376,2450,3694,-1244
2891627824,1380407,2644,4088,-1444
2891627824,1440435,2480,2960,-480
2891627824,1500457,5406,4457,949
2891627824,1560464,3094,1781,1313
2891627824,1620464,5802,2948,2854
2891656844,0,2500,2500,0
2891656844,60006,0,500,-500
2891656844,120022,349,854,-505
2891656844,180076,1606,1613,-7
2891656844,240096,2937,2825,112
2891656844,300114,3077,3443,-366
2891656844,360146,3208,2897,311
2891656844,420176,2119,4898,-2779
2891656844,480199,2217,1996,221
2891656844,540219,3654,3321,333
2891656844,600234,4129,2717,1412
2891656844,660246,3362,3415,-53
2891656844,720256,2982,3814,-832
2891656844,780284,2092,2461,-369
2891656844,840315,3788,2328,1460
2891656844,900326,5686,3694,1992
2891656844,960352,2963,6510,-3547
2891656844,1020374,5363,4643,720
2891656844,1080387,3787,1771,2016
2891656844,1140389,4948,3309,1639
2891656844,1200400,8335,1730,6605
2891656844,1260409,10740,2560,8180
2891656844,1320425,7007,2342,4665
2891656844,1380448,9559,2614,6945
2891656844,1440461,2143,2962,-819
2891656844,1500467,5500,4516,984
2891656844,1560498,7012,1305,5707
2891656844,1620498,9526,1870,7656
2891659873,0,2500,2500,0
2891659873,60029,0,0,0
2891659873,120031,425,338,87
2891659873,180060,2163,1235,928
2891659873,240063,2143,2799,-656
2891659873,300093,2853,3611,-758
2891659873,360101,1950,2731,-781
2891659873,420111,2936,2716,220
2891659873,480134,2733,1223,1510
2891659873,540162,3499,2433,1066
2891659873,600168,2936,4022,-1086
2891659873,660186,5382,5177,205
2891659873,720193,3070,1938,1132
2891659873,780206,2286,3118,-832
2891659873,840230,3283,1896,1387
2891659873,900269,5739,1785,3954
2891659873,960278,3548,1970,1578
2891659873,1020311,3871,2417,1454
2891659873,1080311,4412,4112,300
2891659873,1140333,3307,2759,548
2891659873,1200361,3072,2491,581
2891659873,1260387,6075,2828,3247
2891659873,1320411,5947,2994,2953
2891659873,1380439,7722,3478,4244
2891659873,1440447,9064,5622,3442
2891659873,1500463,2413,3174,-761
2891659873,1560469,6278,1829,4449
2891659873,1620469,6106,1745,4361
2891723735,0,2500,2500,0
2891723735,60013,0,550,-550
2891723735,120029,372,526,-154
2891723735,180035,1880,2081,-201
2891723735,240046,2884,2073,811
2891723735,300069,4828,3223,1605
2891723735,360076,5208,4556,652
2891723735,420091,7231,4806,2425
2891723735,480102,4436,4768,-332
2891723735,540112,5888,4492,1396
2891723735,600129,3803,1915,1888
2891723735,660149,3956,2316,1640
2891723735,720174,2939,2162,777
2891723735,780211,2882,2511,371
2891723735,840217,2849,3694,-845
2891723735,900235,2905,3965,-1060
2891723735,960249,3027,4091,-1064
2891723735,1020274,2540,4344,-1804
2891723735,1080292,3246,6136,-2890
2891723735,1140294,3587,4474,-887
2891723735,1200319,6879,1220,5659
2891723735,1260333,3621,3654,-33
2891723735,1320347,5378,1193,4185
2891723735,1380380,7524,1983,5541
2891723735,1440402,1690,3195,-1505
2891723735,1500430,2780,3840,-1060
2891723735,1560441,4385,3560,825
2891723735,1620441,5008,3439,1569
2891751047,0,2500,2500,0
2891751047,60008,10,0,10
2891751047,120025,402,425,-23
2891751047,180080,2174,2416,-242
2891751047,240099,3764,1771,1993
2891751047,300108,1658,3393,-1735
2891751047,360114,1524,1521,3
2891751047,420131,2888,2925,-37
2891751047,480164,3786,2408,1378
2891751047,540187,2979,1895,1084
2891751047,600188,3940,982,2958
2891751047,660204,4342,1970,2372
2891751047,720213,3306,2658,648
2891751047,780245,5038,1760,3278
2891751047,840268,4794,3544,1250
2891751047,900296,3915,3720,195
2891751047,960302,6308,1069,5239
2891751047,1020327,3297,2851,446
2891751047,1080358,7679,2517,5162
2891751047,1140376,5385,3700,1685
2891751047,1200383,1766,4347,-2581
2891751047,1260402,4073,2131,1942
2891751047,1320412,3340,3491,-151
2891751047,1380420,2653,4450,-1797
2891751047,1440444,2297,5657,-3360
2891751047,1500462,3785,3907,-122
2891751047,1560474,4708,3312,1396
2891751047,1620495,5039,3038,2001
2891782044,0,2500,2500,0
2891782044,60023,0,0,0
2891782044,120027,434,380,54
2891782044,180068,1643,1816,-173
2891782044,240071,1507,2335,-828
2891782044,300075,3303,2440,863
2891782044,360086,4690,3458,1232
2891782044,420115,2110,3220,-1110
2891782044,480130,3267,2912,355
2891782044,540155,3600,3864,-264
2891782044,600161,3101,1997,1104
2891782044,660175,2202,2668,-466
2891782044,720191,3993,3474,519
2891782044,780220,3557,2795,762
2891782044,840245,6008,3278,2730
2891782044,900271,6053,3129,2924
2891782044,960294,2891,3437,-546
2891782044,1020301,5281,2887,2394
2891782044,1080304,5312,2400,2912
2891782044,1140334,4180,2185,1995
2891782044,1200352,6274,1790,4484
2891782044,1260359,9030,2315,6715
2891782044,1320365,5419,2257,3162
2891782044,1380371,3330,4276,-946
2891782044,1440392,6192,2426,3766
2891782044,1500412,2484,3632,-1148
2891782044,1560413,4328,2938,1390
2891782044,1620413,8293,2253,6040
2891783433,0,7000,7000,0
2891783433,60022,130,165,-35
2891783433,120027,2991,2166,825
2891783433,180063,5050,4176,874
2891783433,240064,8038,3770,4268
2891783433,300077,2822,3377,-555
2891783433,360088,2666,6064,-3398
2891783433,420106,5126,7235,-2109
2891783433,480109,4747,4774,-27
2891783433,540142,6250,3274,2976
2891783433,600145,1454,3627,-2173
2891783433,660168,4490,3614,876
2891783433,720185,6447,2433,4014
2891783433,780212,2336,5282,-2946
2891783433,840224,4272,2894,1378
2891783433,900240,3634,4434,-800
2891783433,960270,6636,3898,2738
2891783433,1020289,4786,6081,-1295
2891783433,1080314,3049,6557,-3508
2891783433,1140327,3732,3172,560
2891783433,1200336,6086,4081,2005
2891783433,1260362,5622,7606,-1984
2891783433,1320377,3995,2070,1925
2891783433,1380404,5171,5075,96
2891783433,1440434,6649,4190,2459
2891783433,1500446,7382,6970,412
2891783433,1560460,6956,8286,-1330
2891783433,1620460,6999,7914,-915
2891788818,0,2500,2500,0
2891788818,60003,0,0,0
2891788818,120004,409,468,-59
2891788818,180011,1968,2135,-167
2891788818,240020,3183,2605,578
2891788818,300065,1898,1220,678
2891788818,360083,3600,2600,1000
2891788818,420115,3113,2460,653
2891788818,480140,1823,3106,-1283
2891788818,540150,4864,2818,2046
2891788818,600174,2441,4961,-2520
2891788818,660191,2799,1278,1521
2891788818,720217,3621,2428,1193
2891788818,780238,4579,1911,2668
2891788818,840253,4655,3429,1226
2891788818,900273,2926,2102,824
2891788818,960277,4175,2690,1485
2891788818,1020289,5485,2709,2776
2891788818,1080306,2463,3844,-1381
2891788818,1140333,2846,7334,-4488
2891788818,1200362,4322,6490,-2168
2891788818,1260381,7164,1250,5914
2891788818,1320384,7365,2934,4431
2891788818,1380416,2649,1538,1111
2891788818,1440436,4251,3103,1148
2891788818,1500461,3593,3425,168
2891788818,1560468,7486,1927,5559
2891788818,1620468,12378,2385,9993
2891812446,0,2500,2500,0
2891812446,60013,0,0,0
2891812446,120031,456,391,65
2891812446,180034,2134,2175,-41
2891812446,240045,1821,3942,-2121
2891812446,300061,2911,2887,24
2891812446,360065,1667,3988,-2321
2891812446,420069,3120,1652,1468
2891812446,480085,4683,2818,1865
2891812446,540111,4978,3750,1228
2891812446,600137,2452,2749,-297
2891812446,660164,2118,2976,-858
2891812446,720187,4686,2524,2162
2891812446,780205,5421,2116,3305
2891812446,840234,1657,2423,-766
2891812446,900239,4273,2079,2194
2891812446,960262,4822,3411,1411
2891812446,1020289,4112,3636,476
2891812446,1080313,1903,2201,-298
2891812446,1140320,5577,1692,3885
2891812446,1200342,1880,3064,-1184
2891812446,1260349,3467,5327,-1860
2891812446,1320368,5935,3050,2885
2891812446,1380380,6385,2659,3726
2891812446,1440392,1659,3516,-1857
2891812446,1500408,3213,4680,-1467
2891812446,1560418,3398,3946,-548
2891812446,1620418,5707,4145,1562
2891815901,0,2500,2500,0
2891815901,60027,0,0,0
2891815901,120032,391,570,-179
2891815901,180096,2337,1555,782
2891815901,240098,2956,2405,551
2891815901,300120,4492,3052,1440
2891815901,360127,3061,1612,1449
2891815901,420147,2059,1864,195
2891815901,480171,2856,2049,807
2891815901,540178,1156,2905,-1749
2891815901,600209,3060,2254,806
2891815901,660232,4380,1496,2884
2891815901,720257,2810,2644,166
2891815901,780267,2518,2462,56
2891815901,840272,2886,3083,-197
2891815901,900298,2818,1955,863
2891815901,960309,1815,3054,-1239
2891815901,1020339,3857,3327,530
2891815901,1080367,3774,4137,-363
2891815901,1140373,7133,3350,3783
2891815901,1200399,4836,2448,2388
2891815901,1260412,2859,2444,415
2891815901,1320436,5225,2531,2694
2891815901,1380452,3062,3730,-668
2891815901,1440482,6894,3339,3555
2891815901,1500494,8693,2928,5765
2891815901,1560527,8019,3748,4271
2891815901,1620527,3692,713,2979
2891855222,0,2500,2500,0
2891855222,60004,0,500,-500
2891855222,120031,364,403,-39
2891855222,180046,1922,1840,82
2891855222,240075,3128,3117,11
2891855222,300103,4553,4680,-127
2891855222,360105,4946,5003,-57
2891855222,420128,1039,4031,-2992
2891855222,480139,2889,1656,1233
2891855222,540170,3215,3805,-590
2891855222,600203,5175,4758,417
2891855222,660204,1254,2529,-1275
2891855222,720234,3289,4723,-1434
2891855222,780265,3271,4781,-1510
2891855222,840291,2690,4776,-2086
2891855222,900316,3321,2201,1120
2891855222,960346,5371,2768,2603
2891855222,1020353,3878,5154,-1276
2891855222,1080378,4059,3027,1032
2891855222,1140387,3082,3037,45
2891855222,1200410,4527,3995,532
2891855222,1260423,1491,2343,-852
2891855222,1320429,3733,3746,-13
2891855222,1380431,4895,2997,1898
2891855222,1440441,5201,2898,2303
2891855222,1500468,4018,2974,1044
2891855222,1560495,4907,2448,2459
2891855222,1620495,5574,1841,3733
2891863425,0,2500,2500,0
2891863425,60007,0,25,-25
2891863425,120026,451,507,-56
2891863425,180078,2459,1684,775
2891863425,240102,2390,2327,63
2891863425,300108,2620,2290,330
2891863425,360125,2453,2670,-217
2891863425,420148,3569,3805,-236
2891863425,480151,3446,3144,302
2891863425,540158,5199,4667,532
2891863425,600171,1545,1838,-293
2891863425,660204,1561,4289,-2728
2891863425,720232,1993,4408,-2415
2891863425,780242,5212,2814,2398
2891863425,840259,4884,3044,1840
2891863425,900269,3301,5646,-2345
2891863425,960298,2627,4097,-1470
2891863425,1020316,3045,3261,-216
2891863425,1080331,5292,1694,3598
2891863425,1140358,3997,3604,393
2891863425,1200378,3316,2368,948
2891863425,1260404,3392,1267,2125
2891863425,1320415,6352,1273,5079
2891863425,1380446,6577,2494,4083
2891863425,1440478,6331,2646,3685
2891863425,1500492,2603,4659,-2056
2891863425,1560521,2951,2897,54
2891863425,1620521,5908,2353,3555
2891965714,0,2500,2500,0
2891965714,60031,0,0,0
2891965714,120034,398,312,86
2891965714,180064,2708,1493,1215
2891965714,240077,4862,1410,3452
2891965714,300083,3639,2259,1380
2891965714,360085,3459,1817,1642
2891965714,420085,5989,2003,3986
2891965714,480098,3030,3563,-533
2891965714,540130,4277,3980,297
2891965714,600146,4514,4974,-460
2891965714,660153,4077,2593,1484
2891965714,720170,5836,2133,3703
2891965714,780207,2123,2745,-622
2891965714,840225,2872,6534,-3662
2891965714,900228,2834,2914,-80
2891965714,960259,6198,1859,4339
2891965714,1020266,7675,2079,5596
2891965714,1080272,4766,3189,1577
2891965714,1140276,2735,2669,66
2891965714,1200281,4543,1748,2795
2891965714,1260288,6572,2636,3936
2891965714,1320313,8574,2235,6339
2891965714,1380336,2723,3752,-1029
2891965714,1440355,3901,4203,-302
2891965714,1500360,4852,3820,1032
2891965714,1560372,3870,4047,-177
2891965714,1620372,4959,2376,2583
2891966408,0,2500,2500,0
2891966408,60014,0,0,0
2891966408,120026,384,439,-55
2891966408,180033,2261,1821,440
2891966408,240046,3978,1644,2334
2891966408,300051,3228,2671,557
2891966408,360082,2524,2216,308
2891966408,420120,1433,1638,-205
2891966408,480134,2006,4197,-2191
2891966408,540160,4172,2324,1848
2891966408,600179,6098,2839,3259
2891966408,660208,4664,665,3999
2891966408,720224,2833,2530,303
2891966408,780250,3393,1772,1621
2891966408,840280,5692,2330,3362
2891966408,900281,3359,1848,1511
2891966408,960290,5043,2433,2610
2891966408,1020315,5221,2291,2930
2891966408,1080340,3582,2338,1244
2891966408,1140354,3771,1656,2115
2891966408,1200373,6053,2650,3403
2891966408,1260379,3624,5856,-2232
2891966408,1320396,3595,3058,537
2891966408,1380415,4929,3535,1394
2891966408,1440423,3307,6131,-2824
2891966408,1500429,3909,2874,1035
2891966408,1560447,1863,2976,-1113
2891966408,1620459,6512,1789,4723
2892013345,0,7000,7000,0
2892013345,60026,100,571,-471
2892013345,120055,2408,2232,176
2892013345,180084,5257,3512,1745
2892013345,240111,6175,5114,1061
2892013345,300144,9569,4457,5112
2892013345,360146,4908,5529,-621
2892013345,420177,1333,2852,-1519
2892013345,480205,3467,4826,-1359
2892013345,540238,3977,6581,-2604
2892013345,600245,2881,2376,505
2892013345,660252,4413,2461,1952
2892013345,720263,5496,4340,1156
2892013345,780267,3684,7120,-3436
2892013345,840280,3765,7351,-3586
2892013345,900299,5336,3393,1943
2892013345,960304,2105,3889,-1784
2892013345,1020329,5937,4204,1733
2892013345,1080333,3214,7066,-3852
2892013345,1140340,5770,6135,-365
2892013345,1200358,2891,3723,-832
2892013345,1260375,7155,2881,4274
2892013345,1320388,4588,2814,1774
2892013345,1380414,4278,4412,-134
2892013345,1440431,6215,6105,110
2892013345,1500454,6832,3553,3279
2892013345,1560479,6535,5597,938
2892013345,1620479,7329,7081,248
2892045242,0,2500,2500,0
2892045242,60023,0,0,0
2892045242,120037,423,419,4
2892045242,180050,1817,1606,211
2892045242,240065,3238,3091,147
2892045242,300089,4489,4434,55
2892045242,360099,3352,2185,1167
2892045242,420132,1199,2257,-1058
2892045242,480147,2678,3765,-1087
2892045242,540162,1427,3989,-2562
2892045242,600190,2198,3661,-1463
2892045242,660202,3464,3377,87
2892045242,720214,1076,3072,-1996
2892045242,780228,3161,3466,-305
2892045242,840238,3942,5011,-1069
2892045242,900242,1549,3723,-2174
2892045242,960260,4162,3719,443
2892045242,1020289,6025,4613,1412
2892045242,1080315,2993,1777,1216
2892045242,1140325,2717,1843,874
2892045242,1200332,3314,3681,-367
2892045242,1260342,4952,1869,3083
2892045242,1320343,5789,2380,3409
2892045242,1380358,7810,2902,4908
2892045242,1440376,9677,3756,5921
2892045242,1500397,4830,3155,1675
2892045242,1560408,2789,4065,-1276
2892045242,1620431,5975,4295,1680
2892069174,0,2500,2500,0
2892069174,60027,420,50,370
2892069174,120033,932,320,612
2892069174,180077,2203,1559,644
2892069174,240105,2114,1478,636
2892069174,300110,3437,2519,918
2892069174,360139,1648,2713,-1065
2892069174,420143,1573,2290,-717
2892069174,480148,4009,1970,2039
2892069174,540170,4316,3052,1264
2892069174,600182,3378,2744,634
2892069174,660206,4573,4703,-130
2892069174,720226,2127,4840,-2713
2892069174,780251,2908,3054,-146
2892069174,840269,6313,2121,4192
2892069174,900299,1956,1745,211
2892069174,960325,3074,2965,109
2892069174,1020332,5732,1056,4676
2892069174,1080352,2371,3441,-1070
2892069174,1140383,4653,2201,2452
2892069174,1200416,6374,3455,2919
2892069174,1260432,3920,3865,55
2892069174,1320460,4890,2280,2610
2892069174,1380486,6350,1906,4444
2892069174,1440513,3867,4675,-808
2892069174,1500529,6596,1609,4987
2892069174,1560555,6104,1818,4286
2892069174,1620555,9569,2144,7425
2892074527,0,2500,2500,0
2892074527,60002,500,0,500
2892074527,120010,404,390,14
2892074527,180023,1435,1799,-364
2892074527,240047,2883,3171,-288
2892074527,300067,3020,4084,-1064
2892074527,360095,1592,1774,-182
2892074527,420108,2407,1946,461
2892074527,480141,4075,2400,1675
2892074527,540178,5521,3511,2010
2892074527,600181,2886,2061,825
2892074527,660211,5001,2910,2091
2892074527,720231,3906,2143,1763
2892074527,780258,3244,3022,222
2892074527,840264,3267,2273,994
2892074527,900276,5982,3910,2072
2892074527,960301,3606,2342,1264
2892074527,1020330,1661,3366,-1705
2892074527,1080360,3389,4529,-1140
2892074527,1140374,5006,2917,2089
2892074527,1200407,2967,3698,-731
2892074527,1260420,4748,3352,1396
2892074527,1320422,1419,4299,-2880
2892074527,1380452,4615,3211,1404
2892074527,1440462,8117,1067,7050
2892074527,1500476,2318,1868,450
2892074527,1560489,5781,1372,4409
2892074527,1620489,7510,1216,6294
2892079437,0,2500,2500,0
2892079437,60029,0,0,0
2892079437,120035,438,448,-10
2892079437,180097,2072,1769,303
2892079437,240104,2939,2385,554
2892079437,300120,1376,2609,-1233
2892079437,360137,2754,1374,1380
2892079437,420157,3778,1138,2640
2892079437,480176,2773,3153,-380
2892079437,540198,4836,2883,1953
2892079437,600223,1400,1802,-402
2892079437,660230,2685,2064,621
2892079437,720252,2977,4002,-1025
2892079437,780276,2246,1076,1170
2892079437,840307,2884,2572,312
2892079437,900336,4499,3928,571
2892079437,960361,5486,4374,1112
2892079437,1020378,1881,2355,-474
2892079437,1080391,4121,2595,1526
2892079437,1140407,2253,3205,-952
2892079437,1200436,3107,3754,-647
2892079437,1260449,6353,7005,-652
2892079437,1320472,1638,1865,-227
2892079437,1380484,4751,3251,1500
2892079437,1440485,7827,2674,5153
2892079437,1500516,1660,3076,-1416
2892079437,1560518,7608,2979,4629
2892079437,1620518,10183,4514,5669
2892154262,0,2500,2500,0
2892154262,60010,0,0,0
2892154262,120013,392,332,60
2892154262,180043,2088,1670,418
2892154262,240063,2820,3274,-454
2892154262,300095,790,1617,-827
2892154262,360104,3347,1431,1916
2892154262,420132,4464,2747,1717
2892154262,480139,5247,2283,2964
2892154262,540142,3213,2791,422
2892154262,600168,2894,3541,-647
2892154262,660169,3915,4049,-134
2892154262,720189,4543,3209,1334
2892154262,780196,1571,3562,-1991
2892154262,840204,4021,4420,-399
2892154262,900214,4950,4340,610
2892154262,960214,5448,4419,1029
2892154262,1020248,2419,5853,-3434
2892154262,1080251,2081,2321,-240
2892154262,1140261,1630,5062,-3432
2892154262,1200264,3687,4128,-441
2892154262,1260278,5454,3170,2284
2892154262,1320303,2541,1558,983
2892154262,1380314,4371,3352,1019
2892154262,1440338,8224,4245,3979
2892154262,1500371,1549,1680,-131
2892154262,1560381,3798,2428,1370
2892154262,1620381,5670,1218,4452
2892274557,0,2500,2500,0
2892274557,60001,0,0,0
2892274557,120002,328,299,29
2892274557,180004,1643,1824,-181
2892274557,240030,2823,2214,609
2892274557,300064,1800,2443,-643
2892274557,360097,2144,1749,395
2892274557,420116,2724,1854,870
2892274557,480139,2993,3188,-195
2892274557,540150,3220,3179,41
2892274557,600166,1331,1339,-8
2892274557,660169,2442,2392,50
2892274557,720175,4231,2442,1789
2892274557,780193,2790,1804,986
2892274557,840206,3968,3201,767
2892274557,900222,1944,4864,-2920
2892274557,960233,4164,2609,1555
2892274557,1020250,2923,4999,-2076
2892274557,1080263,2525,3880,-1355
2892274557,1140293,1746,2530,-784
2892274557,1200304,2287,2896,-609
2892274557,1260316,4891,3646,1245
2892274557,1320332,1811,2077,-266
2892274557,1380348,2365,2611,-246
2892274557,1440376,5750,1790,3960
2892274557,1500389,4520,3175,1345
2892274557,1560406,2158,3456,-1298
2892274557,1620406,5861,1764,4097
2892278304,0,2500,2500,0
2892278304,60017,0,0,0
2892278304,120027,524,363,161
2892278304,180028,1914,1963,-49
2892278304,240063,2167,2665,-498
2892278304,300091,2368,2310,58
2892278304,360108,1718,3358,-1640
2892278304,420110,2783,2607,176
2892278304,480131,5000,2064,2936
2892278304,540134,3532,2676,856
2892278304,600136,2930,5235,-2305
2892278304,660153,2668,3200,-532
2892278304,720174,2845,2330,515
2892278304,780216,3538,1994,1544
2892278304,840246,3689,4629,-940
2892278304,900279,3628,5424,-1796
2892278304,960303,2642,3222,-580
2892278304,1020308,3187,5444,-2257
2892278304,1080313,3247,5030,-1783
2892278304,1140321,4461,3175,1286
2892278304,1200358,4849,3391,1458
2892278304,1260369,4227,1877,2350
2892278304,1320377,2309,1663,646
2892278304,1380392,1875,2691,-816
2892278304,1440405,5889,2845,3044
2892278304,1500431,7785,2712,5073
2892278304,1560434,4985,2577,2408
2892278304,1620434,9108,1987,7121
2892280993,0,2500,2500,0
2892280993,60010,500,0,500
2892280993,120012,814,976,-162
2892280993,180040,1676,2286,-610
2892280993,240053,3130,2928,202
2892280993,300080,1651,1373,278
2892280993,360085,2287,2649,-362
2892280993,420097,2297,3104,-807
2892280993,480104,3758,2173,1585
2892280993,540122,6075,3279,2796
2892280993,600124,6230,1948,4282
2892280993,660132,2380,3858,-1478
2892280993,720135,4655,3331,1324
2892280993,780163,2970,2580,390
2892280993,840193,4832,3122,1710
2892280993,900224,3990,3059,931
2892280993,960248,4184,2760,1424
2892280993,1020252,1991,3080,-1089
2892280993,1080265,4904,1653,3251
2892280993,1140268,2225,4447,-2222
2892280993,1200293,2638,2713,-75
2892280993,1260316,4440,2083,2357
2892280993,1320318,4624,2395,2229
2892280993,1380320,7149,2683,4466
2892280993,1440325,4603,1539,3064
2892280993,1500330,4742,2006,2736
2892280993,1560346,9698,3916,5782
2892280993,1620346,9674,3457,6217
2892327071,0,2500,2500,0
2892327071,60028,30,15,15
2892327071,120057,418,534,-116
2892327071,180086,1878,2100,-222
2892327071,240115,2706,1998,708
2892327071,300151,4139,3215,924
2892327071,360178,6952,2707,4245
2892327071,420180,3126,1416,1710
2892327071,480209,2721,2288,433
2892327071,540221,3140,3803,-663
2892327071,600243,5863,1533,4330
2892327071,660251,1274,2029,-755
2892327071,720265,2686,2276,410
2892327071,780288,3085,3297,-212
2892327071,840291,4838,2392,2446
2892327071,900296,4615,2819,1796
2892327071,960304,2563,2552,11
2892327071,1020324,5175,2266,2909
2892327071,1080336,5280,2729,2551
2892327071,1140337,3803,2539,1264
2892327071,1200340,3157,2630,527
2892327071,1260363,3939,1467,2472
2892327071,1320393,3852,2231,1621
2892327071,1380404,6411,1903,4508
2892327071,1440430,3385,2466,919
2892327071,1500435,3286,3047,239
2892327071,1560445,6553,2676,3877
2892327071,1620445,6450,3169,3281
2892340225,0,2500,2500,0
2892340225,60013,0,0,0
2892340225,120019,476,394,82
2892340225,180022,1567,1912,-345
2892340225,240053,2552,2729,-177
2892340225,300086,3960,2608,1352
2892340225,360086,1740,2172,-432
2892340225,420106,4115,2971,1144
2892340225,480122,6191,2126,4065
2892340225,540128,2823,3130,-307
2892340225,600139,5432,1489,3943
2892340225,660163,2747,1697,1050
2892340225,720189,2390,3253,-863
2892340225,780207,2656,1940,716
2892340225,840224,2708,3952,-1244
2892340225,900239,3878,3804,74
2892340225,960245,7408,2492,4916
2892340225,1020275,3418,3081,337
2892340225,1080306,3272,2044,1228
2892340225,1140334,6016,2329,3687
2892340225,1200357,7783,2524,5259
2892340225,1260379,2872,1955,917
2892340225,1320408,2481,3175,-694
2892340225,1380418,3713,3058,655
2892340225,1440422,4999,1704,3295
2892340225,1500451,8414,1443,6971
2892340225,1560461,3479,3027,452
2892340225,1620461,5962,1109,4853
2892342710,0,2500,2500,0
2892342710,60001,0,0,0
2892342710,120007,437,419,18
2892342710,180020,1499,1116,383
2892342710,240066,3266,2500,766
2892342710,300088,1574,3058,-1484
2892342710,360094,1823,1032,791
2892342710,420115,3755,2373,1382
2892342710,480124,3506,3043,463
2892342710,540155,3390,2390,1000
2892342710,600186,2607,2269,338
2892342710,660200,4555,2167,2388
2892342710,720211,6814,2142,4672
2892342710,780231,4587,2013,2574
2892342710,840240,4034,2267,1767
2892342710,900242,3458,3824,-366
2892342710,960254,4236,5894,-1658
2892342710,1020269,3549,2830,719
2892342710,1080286,5593,2644,2949
2892342710,1140311,7616,1822,5794
2892342710,1200327,3742,2395,1347
2892342710,1260339,7657,1960,5697
2892342710,1320346,9586,2407,7179
2892342710,1380360,2607,3936,-1329
2892342710,1440393,3015,2925,90
2892342710,1500406,3686,4206,-520
2892342710,1560413,7632,4767,2865
2892342710,1620413,7810,4946,2864
2892399244,0,2500,2500,0
2892399244,60003,0,500,-500
2892399244,120005,378,550,-172
2892399244,180034,1765,2073,-308
2892399244,240064,3174,3486,-312
2892399244,300094,4760,4047,713
2892399244,360127,4901,5656,-755
2892399244,420162,847,1453,-606
2892399244,480171,3251,2460,791
2892399244,540186,3769,3671,98
2892399244,600201,6342,4218,2124
2892399244,660220,1694,3110,-1416
2892399244,720224,2710,4541,-1831
2892399244,780248,4884,3941,943
2892399244,840255,4150,2502,1648
2892399244,900260,2279,2210,69
2892399244,960265,4936,2307,2629
2892399244,1020287,4591,2320,2271
2892399244,1080296,4887,2595,2292
2892399244,1140314,2615,2092,523
2892399244,1200323,1306,3987,-2681
2892399244,1260342,3606,5319,-1713
2892399244,1320363,2900,1758,1142
2892399244,1380381,5906,3297,2609
2892399244,1440390,7170,3001,4169
2892399244,1500393,5364,3410,1954
2892399244,1560406,6382,3983,2399
2892399244,1620406,10184,1939,8245
2892403339,0,2500,2500,0
2892403339,60008,0,520,-520
2892403339,120012,441,560,-119
2892403339,180013,1572,1842,-270
2892403339,240029,3502,2189,1313
2892403339,300039,3199,2237,962
2892403339,360049,854,2545,-1691
2892403339,420057,2195,2649,-454
2892403339,480063,3151,4073,-922
2892403339,540067,3938,3082,856
2892403339,600083,2304,3126,-822
2892403339,660104,3135,3917,-782
2892403339,720114,3469,2489,980
2892403339,780121,3345,2028,1317
2892403339,840121,4356,3628,728
2892403339,900127,2964,5736,-2772
2892403339,960152,1984,3889,-1905
2892403339,1020158,3953,1722,2231
2892403339,1080176,3084,2388,696
2892403339,1140179,2900,1860,1040
2892403339,1200187,3868,2448,1420
2892403339,1260213,6029,3750,2279
2892403339,1320223,1831,2569,-738
2892403339,1380246,3774,3749,25
2892403339,1440255,3476,4184,-708
2892403339,1500264,3783,2085,1698
2892403339,1560284,5101,3637,1464
2892403339,1620284,6006,2633,3373
2892471659,0,2500,2500,0
2892471659,60030,0,0,0
2892471659,120035,461,409,52
2892471659,180081,2062,1713,349
2892471659,240092,3508,3118,390
2892471659,300104,2618,2174,444
2892471659,360109,1362,2633,-1271
2892471659,420128,2626,2902,-276
2892471659,480148,4997,3946,1051
2892471659,540152,4018,3232,786
2892471659,600161,2359,2409,-50
2892471659,660167,2088,2007,81
2892471659,720189,3180,3689,-509
2892471659,780212,4106,3047,1059
2892471659,840241,3899,3446,453
2892471659,900262,3410,3053,357
2892471659,960294,4064,4840,-776
2892471659,1020298,3841,5917,-2076
2892471659,1080328,3910,6129,-2219
2892471659,1140339,5720,2881,2839
2892471659,1200354,3343,2812,531
2892471659,1260369,5019,3895,1124
2892471659,1320386,4154,2595,1559
2892471659,1380399,6645,3575,3070
2892471659,1440414,1872,3735,-1863
2892471659,1500435,2825,3191,-366
2892471659,1560444,7996,1442,6554
2892471659,1620444,11007,1491,9516
2892506620,0,2500,2500,0
2892506620,60026,500,10,490
2892506620,120034,526,388,138
2892506620,180043,1790,1849,-59
2892506620,240074,3994,2350,1644
2892506620,300088,3955,2101,1854
2892506620,360097,3082,2771,311
2892506620,420112,2410,3338,-928
2892506620,480143,3700,2853,847
2892506620,540159,3026,2578,448
2892506620,600170,2627,3583,-956
2892506620,660185,2016,4016,-2000
2892506620,720201,4474,5647,-1173
2892506620,780204,2279,2720,-441
2892506620,840204,2898,4503,-1605
2892506620,900208,3375,4195,-820
2892506620,960236,4334,1911,2423
2892506620,1020253,3596,2899,697
2892506620,1080279,3308,3785,-477
2892506620,1140281,4036,3969,67
2892506620,1200283,2931,5904,-2973
2892506620,1260296,3654,5990,-2336
2892506620,1320324,4810,6922,-2112
2892506620,1380336,2657,1558,1099
2892506620,1440346,8419,2217,6202
2892506620,1500362,14812,2741,12071
2892506620,1560391,5424,3768,1656
2892506620,1620391,4709,3973,736
2892531504,0,2500,2500,0
2892531504,60020,10,0,10
2892531504,120024,410,435,-25
2892531504,180077,1985,1141,844
2892531504,240087,3244,1911,1333
2892531504,300117,3621,1863,1758
2892531504,360146,3410,2829,581
2892531504,420160,3906,2698,1208
2892531504,480169,3695,2182,1513
2892531504,540182,3361,4342,-981
2892531504,600207,4645,2040,2605
2892531504,660207,5308,2314,2994
2892531504,720226,4043,3300,743
2892531504,780236,7013,2549,4464
2892531504,840255,5338,1900,3438
2892531504,900281,5464,3208,2256
2892531504,960282,8042,4386,3656
2892531504,1020297,8189,4839,3350
2892531504,1080297,3525,2519,1006
2892531504,1140326,6753,1612,5141
2892531504,1200352,4668,3849,819
2892531504,1260353,4510,1228,3282
2892531504,1320354,7600,1913,5687
2892531504,1380367,9622,2209,7413
2892531504,1440369,9989,2898,7091
2892531504,1500389,2811,6227,-3416
2892531504,1560398,2270,4911,-2641
2892531504,1620401,8252,2080,6172
2892563241,0,2500,2500,0
2892563241,60011,0,0,0
2892563241,120031,423,321,102
2892563241,180077,1564,1672,-108
2892563241,240091,3610,1789,1821
2892563241,300113,4155,2517,1638
2892563241,360122,4975,3164,1811
2892563241,420142,3019,2155,864
2892563241,480168,2127,1428,699
2892563241,540170,4041,1876,2165
2892563241,600172,3558,1956,1602
2892563241,660180,4813,2958,1855
2892563241,720199,2467,4804,-2337
2892563241,780202,2172,3294,-1122
2892563241,840210,4573,1905,2668
2892563241,900227,5667,2074,3593
2892563241,960238,1991,3837,-1846
2892563241,1020267,6984,2341,4643
2892563241,1080271,9625,1865,7760
2892563241,1140273,1840,3497,-1657
2892563241,1200279,2813,4730,-1917
2892563241,1260281,3224,4530,-1306
2892563241,1320283,1896,5176,-3280
2892563241,1380300,3000,5061,-2061
2892563241,1440316,5297,4839,458
2892563241,1500331,4741,5229,-488
2892563241,1560364,3390,4336,-946
2892563241,1620377,5411,3517,1894
2892577315,0,2500,2500,0
2892577315,60016,0,500,-500
2892577315,120023,527,349,178
2892577315,180025,2465,1720,745
2892577315,240035,3797,2553,1244
2892577315,300051,1575,2510,-935
2892577315,360075,2117,2800,-683
2892577315,420079,4214,2164,2050
2892577315,480103,4811,2097,2714
2892577315,540128,3225,2491,734
2892577315,600149,1529,1550,-21
2892577315,660161,1684,3950,-2266
2892577315,720185,4087,3340,747
2892577315,780212,4995,2245,2750
2892577315,840215,3559,2313,1246
2892577315,900225,4668,2162,2506
2892577315,960228,5066,3687,1379
2892577315,1020280,7730,3834,3896
2892577315,1080285,2030,3013,-983
2892577315,1140310,3973,2897,1076
2892577315,1200337,4950,3048,1902
2892577315,1260346,3280,3598,-318
2892577315,1320365,7933,3053,4880
2892577315,1380395,3935,2059,1876
2892577315,1440415,5955,2230,3725
2892577315,1500434,4253,2255,1998
2892577315,1560437,4810,3295,1515
2892577315,1620437,8656,2582,6074
2892620444,0,2550,2550,0
2892620444,60020,0,50,-50
2892620444,120049,865,874,-9
2892620444,180076,834,1533,-699
2892620444,240105,2026,568,1458
2892620444,300136,476,2581,-2105
2892620444,360160,1246,1404,-158
2892620444,420175,2056,1630,426
2892620444,480207,1001,2644,-1643
2892620444,540236,2072,3095,-1023
2892620444,600263,418,897,-479
2892620444,660288,1063,1643,-580
2892620444,720315,1306,1178,128
2892620444,780323,2031,2384,-353
2892620444,840348,630,2195,-1565
2892620444,900354,1979,2812,-833
2892620444,960355,3515,1153,2362
2892620444,1020378,2282,1079,1203
2892620444,1080387,2300,2522,-222
2892620444,1140412,3958,2027,1931
2892620444,1200437,4264,2672,1592
2892620444,1260449,3711,2441,1270
2892620444,1320454,2621,1858,763
2892620444,1380456,1910,3486,-1576
2892620444,1440461,1690,2193,-503
2892620444,1500486,2999,3111,-112
2892620444,1560515,5770,2608,3162
2892620444,1620515,6224,2713,3511
2892634685,0,2500,2500,0
2892634685,60015,0,500,-500
2892634685,120034,398,452,-54
2892634685,180042,1622,1850,-228
2892634685,240061,2448,1965,483
2892634685,300084,4213,1985,2228
2892634685,360107,1596,3646,-2050
2892634685,420110,1330,2271,-941
2892634685,480118,2694,3104,-410
2892634685,540128,1568,4154,-2586
2892634685,600131,3741,2490,1251
2892634685,660144,6058,3214,2844
2892634685,720175,3727,1431,2296
2892634685,780203,3529,2765,764
2892634685,840231,4513,2587,1926
2892634685,900267,4304,3782,522
2892634685,960292,4243,3898,345
2892634685,1020306,4865,2876,1989
2892634685,1080309,1478,4507,-3029
2892634685,1140342,2957,4312,-1355
2892634685,1200353,2868,5934,-3066
2892634685,1260360,4056,3115,941
2892634685,1320374,5502,1882,3620
2892634685,1380387,4361,4480,-119
2892634685,1440402,1491,1978,-487
2892634685,1500410,4890,2417,2473
2892634685,1560425,9495,2757,6738
2892634685,1620425,9705,33,9672
2892689593,0,2500,2500,0
2892689593,60019,0,0,0
2892689593,120028,429,348,81
2892689593,180082,2235,1326,909
2892689593,240114,2985,2859,126
2892689593,300131,2863,4243,-1380
2892689593,360164,4969,2424,2545
2892689593,420193,1248,1902,-654
2892689593,480197,1966,2134,-168
2892689593,540205,4524,2021,2503
2892689593,600217,4818,2194,2624
2892689593,660224,1733,5389,-3656
2892689593,720235,3739,2914,825
2892689593,780262,4230,5337,-1107
2892689593,840268,3837,6948,-3111
2892689593,900285,6574,2538,4036
2892689593,960314,6700,2585,4115
2892689593,1020340,2594,2562,32
2892689593,1080364,4797,2863,1934
2892689593,1140396,4732,3661,1071
2892689593,1200396,2552,4354,-1802
2892689593,1260413,3735,6058,-2323
2892689593,1320439,4331,4516,-185
2892689593,1380441,3472,3512,-40
2892689593,1440454,5433,2224,3209
2892689593,1500470,3468,2919,549
2892689593,1560492,3606,3399,207
2892689593,1620492,7225,3032,4193
2892689627,0,7000,7000,0
2892689627,60015,165,65,100
2892689627,120023,2211,3450,-1239
2892689627,180065,3447,1760,1687
2892689627,240068,6683,4402,2281
2892689627,300070,4409,2805,1604
2892689627,360094,6851,5230,1621
2892689627,420123,3742,5089,-1347
2892689627,480151,7003,5320,1683
2892689627,540181,6190,5935,255
2892689627,600213,6303,6066,237
2892689627,660224,1293,5667,-4374
2892689627,720229,3802,1899,1903
2892689627,780245,3711,3451,260
2892689627,840258,3856,2347,1509
2892689627,900267,6933,2772,4161
2892689627,960283,2027,6523,-4496
2892689627,1020288,4302,4168,134
2892689627,1080289,4529,2861,1668
2892689627,1140293,4236,4354,-118
2892689627,1200314,3719,3394,325
2892689627,1260346,2385,4671,-2286
2892689627,1320366,5547,1367,4180
2892689627,1380375,7774,3861,3913
2892689627,1440406,5631,6631,-1000
2892689627,1500432,5232,7239,-2007
2892689627,1560436,6312,8154,-1842
2892689627,1620436,8631,-410,9041
2892692599,0,2500,2500,0
2892692599,60004,0,0,0
2892692599,120009,888,332,556
2892692599,180010,2093,1520,573
2892692599,240043,2092,2014,78
2892692599,300073,1395,1068,327
2892692599,360074,1671,3239,-1568
2892692599,420080,2814,3418,-604
2892692599,480110,4179,3728,451
2892692599,540131,3510,3609,-99
2892692599,600146,4662,2834,1828
2892692599,660161,2569,1798,771
2892692599,720189,2054,2657,-603
2892692599,780209,4420,1042,3378
2892692599,840236,2865,2147,718
2892692599,900239,2872,5833,-2961
2892692599,960253,1931,2768,-837
2892692599,1020265,3866,4366,-500
2892692599,1080289,2419,1365,1054
2892692599,1140313,5091,2852,2239
2892692599,1200320,2495,3316,-821
2892692599,1260339,3470,5128,-1658
2892692599,1320349,7608,2169,5439
2892692599,1380365,5371,2505,2866
2892692599,1440385,2452,3325,-873
2892692599,1500412,1608,3663,-2055
2892692599,1560421,4510,2832,1678
2892692599,1620421,3362,2326,1036
2892694976,0,2500,2500,0
2892694976,60010,0,0,0
2892694976,120018,525,363,162
2892694976,180018,2019,1756,263
2892694976,240043,3706,1855,1851
2892694976,300074,3769,3440,329
2892694976,360075,2371,1250,1121
2892694976,420090,1883,1462,421
2892694976,480103,3379,2946,433
2892694976,540113,3791,4216,-425
2892694976,600138,3046,4843,-1797
2892694976,660160,2061,1638,423
2892694976,720193,3990,3080,910
2892694976,780214,3067,4401,-1334
2892694976,840241,5298,3557,1741
2892694976,900274,2024,2172,-148
2892694976,960276,4039,2880,1159
2892694976,1020287,5013,3402,1611
2892694976,1080314,6286,3160,3126
2892694976,1140339,2307,2019,288
2892694976,1200347,3082,4075,-993
2892694976,1260380,4067,2272,1795
2892694976,1320399,4190,2182,2008
2892694976,1380424,1706,2591,-885
2892694976,1440439,2018,2553,-535
2892694976,1500457,5958,2202,3756
2892694976,1560470,2854,2365,489
2892694976,1620479,9197,1906,7291
2892705867,0,2500,2500,0
2892705867,60026,0,0,0
2892705867,120032,393,498,-105
2892705867,180033,1581,2796,-1215
2892705867,240061,3424,1742,1682
2892705867,300108,4028,3943,85
2892705867,360114,1181,1856,-675
2892705867,420145,2255,3324,-1069
2892705867,480165,3310,1422,1888
2892705867,540186,2659,2698,-39
2892705867,600193,4161,2481,1680
2892705867,660222,5447,3793,1654
2892705867,720239,1836,6251,-4415
2892705867,780259,1751,2107,-356
2892705867,840274,5411,2060,3351
2892705867,900298,2338,2123,215
2892705867,960322,4386,5130,-744
2892705867,1020353,3745,4924,-1179
2892705867,1080372,5883,1546,4337
2892705867,1140377,7399,2094,5305
2892705867,1200381,1391,1838,-447
2892705867,1260399,5468,1544,3924
2892705867,1320410,5736,2847,2889
2892705867,1380411,3266,1960,1306
2892705867,1440426,5120,2529,2591
2892705867,1500434,2167,1420,747
2892705867,1560452,5574,2865,2709
2892705867,1620452,5696,2287,3409
2892716460,0,2500,2500,0
2892716460,60021,0,0,0
2892716460,120054,468,391,77
2892716460,180064,2377,1618,759
2892716460,240084,2272,1843,429
2892716460,300123,2540,2540,0
2892716460,360154,3141,4020,-879
2892716460,420154,3124,3015,109
2892716460,480173,4397,1923,2474
2892716460,540198,1168,3475,-2307
2892716460,600214,2342,4154,-1812
2892716460,660218,4563,2912,1651
2892716460,720220,1998,4035,-2037
2892716460,780231,3006,5298,-2292
2892716460,840245,2892,1561,1331
2892716460,900246,3980,3299,681
2892716460,960272,6594,2327,4267
2892716460,1020305,4044,2502,1542
2892716460,1080309,2215,2840,-625
2892716460,1140335,4437,2245,2192
2892716460,1200398,3938,1857,2081
2892716460,1260420,1829,5260,-3431
2892716460,1320431,2646,3116,-470
2892716460,1380442,4694,3884,810
2892716460,1440453,4034,1700,2334
2892716460,1500471,2863,2481,382
2892716460,1560495,4004,3529,475
2892716460,1620510,9276,3917,5359
2892722578,0,2500,2500,0
2892722578,60012,0,0,0
2892722578,120018,474,458,16
2892722578,180026,1759,1964,-205
2892722578,240050,3902,2265,1637
2892722578,300056,1909,2804,-895
2892722578,360076,1713,1636,77
2892722578,420081,1839,2011,-172
2892722578,480105,3343,3796,-453
2892722578,540136,2814,801,2013
2892722578,600144,1627,2331,-704
2892722578,660171,3465,2533,932
2892722578,720188,5651,3734,1917
2892722578,780214,2647,3649,-1002
2892722578,840236,2077,2494,-417
2892722578,900257,3627,2338,1289
2892722578,960264,4826,2338,2488
2892722578,1020288,4012,990,3022
2892722578,1080321,1232,2483,-1251
2892722578,1140338,3160,1257,1903
2892722578,1200368,2515,3856,-1341
2892722578,1260384,3658,1155,2503
2892722578,1320392,3757,2419,1338
2892722578,1380423,5506,3760,1746
2892722578,1440451,5600,4653,947
2892722578,1500481,3385,3401,-16
2892722578,1560507,5477,3416,2061
2892722578,1620507,3865,1730,2135
2892731696,0,7000,7000,0
2892731696,60032,150,0,150
2892731696,120039,2824,1748,1076
2892731696,180066,5666,2713,2953
2892731696,240096,2616,5874,-3258
2892731696,300121,4600,3356,1244
2892731696,360149,1490,5107,-3617
2892731696,420177,5027,3417,1610
2892731696,480205,8000,1350,6650
2892731696,540216,8195,3868,4327
2892731696,600249,10346,1009,9337
2892731696,660275,7616,4491,3125
2892731696,720302,4574,6608,-2034
2892731696,780306,3621,8647,-5026
2892731696,840314,4691,4443,248
2892731696,900324,3006,3308,-302
2892731696,960325,6510,4079,2431
2892731696,1020340,7778,3576,4202
2892731696,1080346,1965,7442,-5477
2892731696,1140348,4451,8533,-4082
2892731696,1200377,7038,11659,-4621
2892731696,1260403,5127,8866,-3739
2892731696,1320420,7663,11583,-3920
2892731696,1380449,5810,8304,-2494
2892731696,1440474,7807,6722,1085
2892731696,1500499,5142,4547,595
2892731696,1560508,8706,6076,2630
2892731696,1620508,-243,6341,-6584
2892744758,0,2500,2500,0
2892744758,60006,0,0,0
2892744758,120011,432,471,-39
2892744758,180029,1819,1797,22
2892744758,240045,2993,3490,-497
2892744758,300050,2720,3210,-490
2892744758,360052,3995,4405,-410
2892744758,420062,3538,4089,-551
2892744758,480088,1782,2122,-340
2892744758,540134,3263,3207,56
2892744758,600154,2972,3401,-429
2892744758,660165,3615,4368,-753
2892744758,720192,1323,4031,-2708
2892744758,780240,2590,4482,-1892
2892744758,840252,4225,3322,903
2892744758,900270,5456,1931,3525
2892744758,960272,5146,2930,2216
2892744758,1020282,1576,2166,-590
2892744758,1080307,3911,2766,1145
2892744758,1140315,5361,2165,3196
2892744758,1200341,3922,2254,1668
2892744758,1260342,3035,2264,771
2892744758,1320371,4378,1899,2479
2892744758,1380400,2976,2034,942
2892744758,1440419,2129,2262,-133
2892744758,1500425,6322,1797,4525
2892744758,1560449,5506,1616,3890
2892744758,1620449,5905,2523,3382
2892786579,0,2500,2500,0
2892786579,60007,0,0,0
2892786579,120012,380,334,46
2892786579,180069,1512,1340,172
2892786579,240097,2761,2545,216
2892786579,300098,3655,2122,1533
2892786579,360130,4244,1275,2969
2892786579,420137,4696,2852,1844
2892786579,480150,1532,2316,-784
2892786579,540157,3018,1430,1588
2892786579,600175,4781,1585,3196
2892786579,660202,5188,2582,2606
2892786579,720213,3402,3714,-312
2892786579,780224,4924,3260,1664
2892786579,840236,4025,1599,2426
2892786579,900266,6742,2147,4595
2892786579,960283,3949,2216,1733
2892786579,1020292,2784,3394,-610
2892786579,1080306,5233,1862,3371
2892786579,1140328,4985,1943,3042
2892786579,1200341,1804,3395,-1591
2892786579,1260364,3033,2564,469
2892786579,1320395,8170,2756,5414
2892786579,1380418,6674,3459,3215
2892786579,1440447,7343,1117,6226
2892786579,1500450,6184,2324,3860
2892786579,1560474,9449,2605,6844
2892786579,1620474,9834,1954,7880
2892795827,0,2500,2500,0
2892795827,60005,0,520,-520
2892795827,120035,505,864,-359
2892795827,180087,2163,1905,258
2892795827,240119,2969,1922,1047
2892795827,300125,2846,1862,984
2892795827,360132,2288,3268,-980
2892795827,420137,2025,2141,-116
2892795827,480142,3775,2523,1252
2892795827,540144,4066,2253,1813
2892795827,600154,1085,2612,-1527
2892795827,660180,2798,4062,-1264
2892795827,720199,6182,1300,4882
2892795827,780210,3718,1903,1815
2892795827,840222,4051,1225,2826
2892795827,900236,2932,3262,-330
2892795827,960244,3313,4035,-722
2892795827,1020245,2683,2840,-157
2892795827,1080252,5353,3625,1728
2892795827,1140258,3953,2505,1448
2892795827,1200276,4483,3543,940
2892795827,1260289,1275,2600,-1325
2892795827,1320297,2927,2716,211
2892795827,1380299,4349,3108,1241
2892795827,1440328,6706,3978,2728
2892795827,1500339,6414,3096,3318
2892795827,1560363,2117,2417,-300
2892795827,1620363,3989,2768,1221
2892812903,0,2500,2500,0
2892812903,60030,0,0,0
2892812903,120036,410,381,29
2892812903,180087,1700,1618,82
2892812903,240093,2214,4030,-1816
2892812903,300122,3753,2274,1479
2892812903,360153,2743,2650,93
2892812903,420183,2416,2915,-499
2892812903,480201,2990,2126,864
2892812903,540206,3909,3449,460
2892812903,600210,3692,2926,766
2892812903,660235,4778,3819,959
2892812903,720238,1499,3271,-1772
2892812903,780251,1814,2369,-555
2892812903,840263,3845,2503,1342
2892812903,900269,3148,2826,322
2892812903,960281,3739,2180,1559
2892812903,1020313,3853,2347,1506
2892812903,1080342,8557,1982,6575
2892812903,1140348,4391,1521,2870
2892812903,1200376,3632,2931,701
2892812903,1260397,2173,4091,-1918
2892812903,1320414,3083,2109,974
2892812903,1380445,2956,3613,-657
2892812903,1440454,5141,2112,3029
2892812903,1500461,2440,2866,-426
2892812903,1560487,3512,3911,-399
2892812903,1620487,4078,2399,1679
2892813961,0,2500,2500,0
2892813961,60013,0,0,0
2892813961,120017,356,467,-111
2892813961,180071,2269,1759,510
2892813961,240078,2634,3094,-460
2892813961,300106,2255,2579,-324
2892813961,360137,1631,3623,-1992
2892813961,420147,1967,2434,-467
2892813961,480173,3653,2178,1475
2892813961,540197,5351,1470,3881
2892813961,600210,3201,2288,913
2892813961,660221,5272,2960,2312
2892813961,720245,5530,2505,3025
2892813961,780248,6543,2785,3758
2892813961,840251,2020,1810,210
2892813961,900270,2471,3243,-772
2892813961,960273,4609,2209,2400
2892813961,1020276,4850,1559,3291
2892813961,1080305,1748,2076,-328
2892813961,1140321,2920,2979,-59
2892813961,1200336,4679,1917,2762
2892813961,1260353,2264,2918,-654
2892813961,1320365,5735,2721,3014
2892813961,1380367,4165,1438,2727
2892813961,1440390,2975,3533,-558
2892813961,1500393,5254,5256,-2
2892813961,1560395,7667,2083,5584
2892813961,1620395,9533,1694,7839
2892871428,0,2500,2500,0
2892871428,60031,35,0,35
2892871428,120040,1058,322,736
2892871428,180081,2391,1560,831
2892871428,240111,3073,1781,1292
2892871428,300122,1290,1929,-639
2892871428,360128,3217,2762,455
2892871428,420151,4590,2706,1884
2892871428,480164,4480,4520,-40
2892871428,540194,3979,1150,2829
2892871428,600224,2631,2544,87
2892871428,660227,3096,2501,595
2892871428,720254,4957,2120,2837
2892871428,780274,6163,2796,3367
2892871428,840284,5118,3148,1970
2892871428,900285,2089,2916,-827
2892871428,960317,3477,3948,-471
2892871428,1020348,3928,3088,840
2892871428,1080369,4837,2831,2006
2892871428,1140383,6143,2817,3326
2892871428,1200391,6530,4104,2426
2892871428,1260399,7440,1566,5874
2892871428,1320417,3517,3545,-28
2892871428,1380423,6771,4674,2097
2892871428,1440450,4897,2195,2702
2892871428,1500462,4817,3430,1387
2892871428,1560482,2961,2796,165
2892871428,1620483,6824,3243,3581
2892883961,0,2500,2500,0
2892883961,60021,0,0,0
2892883961,120030,533,362,171
2892883961,180046,2269,1637,632
2892883961,240049,2580,2035,545
2892883961,300054,3299,2179,1120
2892883961,360077,2898,2712,186
2892883961,420101,2161,2429,-268
2892883961,480113,2618,1672,946
2892883961,540157,1233,2933,-1700
2892883961,600168,2294,1315,979
2892883961,660169,3568,1976,1592
2892883961,720174,2793,3180,-387
2892883961,780180,3509,4813,-1304
2892883961,840213,4449,3054,1395
2892883961,900231,5263,2381,2882
2892883961,960249,4470,3476,994
2892883961,1020257,1309,1378,-69
2892883961,1080287,2841,4213,-1372
2892883961,1140297,4979,2675,2304
2892883961,1200305,2561,5486,-2925
2892883961,1260339,4458,2592,1866
2892883961,1320360,6932,2796,4136
2892883961,1380391,6225,1665,4560
2892883961,1440410,8656,3024,5632
2892883961,1500433,5765,3935,1830
2892883961,1560459,5301,1666,3635
2892883961,1620459,6838,2445,4393
2892913722,0,2500,2500,0
2892913722,60023,0,0,0
2892913722,120023,397,341,56
2892913722,180051,1652,1730,-78
2892913722,240081,2235,2456,-221
2892913722,300092,3970,1982,1988
2892913722,360123,2510,1585,925
2892913722,420129,2987,2697,290
2892913722,480157,2807,2101,706
2892913722,540169,4327,2554,1773
2892913722,600170,3252,3217,35
2892913722,660176,1699,1492,207
2892913722,720177,1797,2619,-822
2892913722,780186,2815,4011,-1196
2892913722,840196,3564,5057,-1493
2892913722,900212,6042,2928,3114
2892913722,960218,1395,2282,-887
2892913722,1020221,4131,1930,2201
2892913722,1080252,5042,2496,2546
2892913722,1140288,6052,3796,2256
2892913722,1200298,5522,1365,4157
2892913722,1260303,2002,4072,-2070
2892913722,1320324,1457,3041,-1584
2892913722,1380335,5360,2279,3081
2892913722,1440346,8972,2855,6117
2892913722,1500366,1011,2766,-1755
2892913722,1560381,3262,4391,-1129
2892913722,1620403,8128,3786,4342
2892950733,0,2500,2500,0
2892950733,60020,0,0,0
2892950733,120027,327,892,-565
2892950733,180096,1928,2390,-462
2892950733,240104,3576,2541,1035
2892950733,300107,2811,3339,-528
2892950733,360139,4290,3338,952
2892950733,420160,3447,3877,-430
2892950733,480189,3546,1398,2148
2892950733,540191,3060,1556,1504
2892950733,600206,4234,2258,1976
2892950733,660229,3450,3866,-416
2892950733,720231,5727,3734,1993
2892950733,780257,5214,3636,1578
2892950733,840275,7648,4126,3522
2892950733,900288,2617,2213,404
2892950733,960303,2301,3861,-1560
2892950733,1020326,1756,2451,-695
2892950733,1080328,3235,4547,-1312
2892950733,1140350,5194,2997,2197
2892950733,1200362,6134,4911,1223
2892950733,1260365,9793,2295,7498
2892950733,1320371,3754,3251,503
2892950733,1380376,3139,3694,-555
2892950733,1440383,3627,3830,-203
2892950733,1500384,3260,3135,125
2892950733,1560407,6841,3689,3152
2892950733,1620407,7290,2363,4927
2892955562,0,2500,2500,0
2892955562,60009,0,500,-500
2892955562,120010,330,379,-49
2892955562,180038,1959,1771,188
2892955562,240061,2668,2446,222
2892955562,300062,3061,4214,-1153
2892955562,360080,4306,964,3342
2892955562,420122,3730,1636,2094
2892955562,480152,3578,3172,406
2892955562,540158,5205,3298,1907
2892955562,600183,3895,4065,-170
2892955562,660186,4195,2794,1401
2892955562,720203,4212,1724,2488
2892955562,780212,1334,4294,-2960
2892955562,840223,2588,3609,-1021
2892955562,900241,5875,2051,3824
2892955562,960254,7202,3201,4001
2892955562,1020287,4447,3248,1199
2892955562,1080301,4444,1443,3001
2892955562,1140312,1972,4399,-2427
2892955562,1200344,5565,4669,896
2892955562,1260353,3477,3973,-496
2892955562,1320377,3429,6306,-2877
2892955562,1380383,5059,3406,1653
2892955562,1440414,2579,3019,-440
2892955562,1500444,3599,3613,-14
2892955562,1560464,5486,4119,1367
2892955562,1620464,7168,4611,2557
2892962538,0,2500,2500,0
2892962538,60008,25,0,25
2892962538,120021,294,377,-83
2892962538,180021,1789,2027,-238
2892962538,240055,2310,3213,-903
2892962538,300088,3924,2082,1842
2892962538,360117,855,2630,-1775
2892962538,420127,2538,3881,-1343
2892962538,480140,3029,3213,-184
2892962538,540145,3795,5238,-1443
2892962538,600158,1441,5383,-3942
2892962538,660179,2860,3267,-407
2892962538,720207,3259,2794,465
2892962538,780235,2900,1483,1417
2892962538,840263,5156,3296,1860
2892962538,900271,5361,2573,2788
2892962538,960299,4544,4194,350
2892962538,1020324,3509,3438,71
2892962538,1080353,3565,2323,1242
2892962538,1140374,3991,2208,1783
2892962538,1200393,1821,4194,-2373
2892962538,1260405,2462,2845,-383
2892962538,1320406,3821,1618,2203
2892962538,1380421,1836,2201,-365
2892962538,1440435,3965,1747,2218
2892962538,1500452,6706,1091,5615
2892962538,1560469,11795,1915,9880
2892962538,1620469,12955,600,12355
2892976712,0,2500,2500,0
2892976712,60009,0,0,0
2892976712,120021,556,369,187
2892976712,180081,1497,1798,-301
2892976712,240113,2537,1889,648
2892976712,300144,3694,1540,2154
2892976712,360147,4192,2766,1426
2892976712,420162,3318,2442,876
2892976712,480188,1278,3929,-2651
2892976712,540205,1663,3824,-2161
2892976712,600220,1878,4110,-2232
2892976712,660238,3946,2234,1712
2892976712,720252,2739,3631,-892
2892976712,780266,1938,3688,-1750
2892976712,840294,2754,2075,679
2892976712,900321,3727,2452,1275
2892976712,960335,4240,2565,1675
2892976712,1020345,3205,2461,744
2892976712,1080348,3104,2318,786
2892976712,1140380,4354,2585,1769
2892976712,1200382,2823,4151,-1328
2892976712,1260409,8145,4293,3852
2892976712,1320423,7691,4495,3196
2892976712,1380426,9237,3110,6127
2892976712,1440426,2840,3784,-944
2892976712,1500454,1878,4800,-2922
2892976712,1560468,4869,1473,3396
2892976712,1620468,3933,2647,1286
2893009390,0,2500,2500,0
2893009390,60028,0,0,0
2893009390,120058,398,395,3
2893009390,180059,1425,1397,28
2893009390,240063,2382,3255,-873
2893009390,300074,1577,666,911
2893009390,360088,2557,2359,198
2893009390,420092,2200,2553,-353
2893009390,480102,3963,3359,604
2893009390,540127,1917,2082,-165
2893009390,600138,1906,4824,-2918
2893009390,660156,4316,1746,2570
2893009390,720183,2843,3502,-659
2893009390,780184,2515,4645,-2130
2893009390,840186,2639,3214,-575
2893009390,900205,2206,2126,80
2893009390,960230,3963,3435,528
2893009390,1020256,923,4707,-3784
2893009390,1080280,1108,4209,-3101
2893009390,1140313,2879,2924,-45
2893009390,1200326,3479,2650,829
2893009390,1260335,5347,3888,1459
2893009390,1320336,6550,1582,4968
2893009390,1380349,2852,3033,-181
2893009390,1440375,4265,2362,1903
2893009390,1500407,4773,2372,2401
2893009390,1560414,2739,3558,-819
2893009390,1620417,4841,2227,2614
2893021424,0,2500,2500,0
2893021424,60019,0,0,0
2893021424,120023,459,771,-312
2893021424,180051,1905,1578,327
2893021424,240073,2089,2106,-17
2893021424,300073,2640,1456,1184
2893021424,360079,3518,3075,443
2893021424,420084,4215,1624,2591
2893021424,480103,2280,3151,-871
2893021424,540153,3212,2105,1107
2893021424,600184,5252,2274,2978
2893021424,660200,1860,2669,-809
2893021424,720215,3975,3100,875
2893021424,780220,4779,5392,-613
2893021424,840239,3076,3279,-203
2893021424,900262,5951,3519,2432
2893021424,960286,5218,4769,449
2893021424,1020305,1344,7898,-6554
2893021424,1080311,4380,2440,1940
2893021424,1140343,2752,3048,-296
2893021424,1200372,1860,3093,-1233
2893021424,1260383,2998,2440,558
2893021424,1320400,2517,3702,-1185
2893021424,1380413,4720,2893,1827
2893021424,1440441,3177,3547,-370
2893021424,1500447,3825,2700,1125
2893021424,1560470,4281,3125,1156
2893021424,1620470,7362,2294,5068
2893031035,0,2500,2500,0
2893031035,60004,5,0,5
2893031035,120006,428,391,37
2893031035,180009,1593,1656,-63
2893031035,240035,2432,1972,460
2893031035,300065,2813,2617,196
2893031035,360080,2301,2415,-114
2893031035,420118,2745,2918,-173
2893031035,480146,3071,4359,-1288
2893031035,540161,1696,1814,-118
2893031035,600164,3134,2023,1111
2893031035,660195,5206,1358,3848
2893031035,720201,3136,2809,327
2893031035,780203,2750,3386,-636
2893031035,840210,4966,1961,3005
2893031035,900245,3509,2728,781
2893031035,960268,5424,4037,1387
2893031035,1020268,1678,2706,-1028
2893031035,1080282,2537,4418,-1881
2893031035,1140301,4179,2749,1430
2893031035,1200308,2590,1550,1040
2893031035,1260310,5024,3128,1896
2893031035,1320341,5382,4201,1181
2893031035,1380365,2890,1989,901
2893031035,1440383,6288,3087,3201
2893031035,1500391,1094,5031,-3937
2893031035,1560408,2850,2784,66
2893031035,1620416,6588,4075,2513
2893037421,0,2500,2500,0
2893037421,60010,0,0,0
2893037421,120028,415,390,25
2893037421,180074,958,3097,-2139
2893037421,240083,1850,1679,171
2893037421,300098,3398,1714,1684
2893037421,360110,3323,2045,1278
2893037421,420133,4093,3368,725
2893037421,480155,2396,1647,749
2893037421,540155,3650,1696,1954
2893037421,600169,3661,1991,1670
2893037421,660186,3555,3069,486
2893037421,720190,2816,2155,661
2893037421,780217,2043,4249,-2206
2893037421,840234,3627,6710,-3083
2893037421,900262,4099,4484,-385
2893037421,960272,3888,4198,-310
2893037421,1020282,3037,2550,487
2893037421,1080298,2665,4995,-2330
2893037421,1140319,3234,1853,1381
2893037421,1200345,6492,3843,2649
2893037421,1260352,5589,3209,2380
2893037421,1320366,8748,3410,5338
2893037421,1380376,1001,5990,-4989
2893037421,1440385,4623,4374,249
2893037421,1500415,3331,4556,-1225
2893037421,1560455,3706,3776,-70
2893037421,1620455,6026,2142,3884
2893042686,0,2500,2500,0
2893042686,60026,0,100,-100
2893042686,120028,395,371,24
2893042686,180057,1882,1365,517
2893042686,240066,2220,2387,-167
2893042686,300087,3037,2604,433
2893042686,360097,3261,1984,1277
2893042686,420118,3046,2374,672
2893042686,480129,2808,3908,-1100
2893042686,540146,3501,3507,-6
2893042686,600167,1966,2432,-466
2893042686,660175,3761,1981,1780
2893042686,720182,3337,3161,176
2893042686,780205,4693,5978,-1285
2893042686,840237,2715,3435,-720
2893042686,900246,5634,1349,4285
2893042686,960270,4810,2135,2675
2893042686,1020274,6514,2365,4149
2893042686,1080281,2222,1728,494
2893042686,1140285,5413,1562,3851
2893042686,1200286,6010,2367,3643
2893042686,1260288,4238,2473,1765
2893042686,1320316,7276,3004,4272
2893042686,1380357,6347,2445,3902
2893042686,1440369,5061,2652,2409
2893042686,1500386,3173,1854,1319
2893042686,1560390,5547,3389,2158
2893042686,1620390,6613,3037,3576
2893047570,0,7000,7000,0
2893047570,60006,155,173,-18
2893047570,120007,2222,2304,-82
2893047570,180010,4374,4035,339
2893047570,240011,4443,4447,-4
2893047570,300057,7031,4834,2197
2893047570,360086,8533,5606,2927
2893047570,420093,7843,8476,-633
2893047570,480123,6572,5534,1038
2893047570,540132,4151,8255,-4104
2893047570,600145,4002,2333,1669
2893047570,660175,3800,4492,-692
2893047570,720177,5711,2617,3094
2893047570,780180,4947,4869,78
2893047570,840203,5663,7673,-2010
2893047570,900228,5396,1665,3731
2893047570,960251,5611,3272,2339
2893047570,1020266,4244,2373,1871
2893047570,1080273,5578,4716,862
2893047570,1140290,6935,6193,742
2893047570,1200298,7300,8577,-1277
2893047570,1260310,7538,3165,4373
2893047570,1320340,2033,4638,-2605
2893047570,1380370,4579,5926,-1347
2893047570,1440382,5462,4391,1071
2893047570,1500392,5685,6241,-556
2893047570,1560405,9381,6526,2855
2893047570,1620405,8888,6178,2710
2893065996,0,7000,7000,0
2893065996,60032,470,205,265
2893065996,120036,1778,2804,-1026
2893065996,180067,3291,4646,-1355
2893065996,240097,5407,5293,114
2893065996,300097,3680,3703,-23
2893065996,360128,5093,4913,180
2893065996,420159,5148,2853,2295
2893065996,480189,7262,3577,3685
2893065996,540217,5788,1328,4460
2893065996,600248,6001,3210,2791
2893065996,660253,7253,4009,3244
2893065996,720257,5106,5600,-494
2893065996,780265,1664,6369,-4705
2893065996,840266,3201,2947,254
2893065996,900287,3887,5622,-1735
2893065996,960312,4872,2914,1958
2893065996,1020338,5551,5765,-214
2893065996,1080346,3131,5354,-2223
2893065996,1140356,3426,3808,-382
2893065996,1200379,2167,4049,-1882
2893065996,1260383,5284,2350,2934
2893065996,1320394,4786,3727,1059
2893065996,1380401,4708,4953,-245
2893065996,1440414,3999,6099,-2100
2893065996,1500416,5894,8745,-2851
2893065996,1560420,6629,8679,-2050
2893065996,1620420,5250,-1612,6862
2893160760,0,2500,2500,0
2893160760,60012,0,0,0
2893160760,120028,478,328,150
2893160760,180043,1621,2230,-609
2893160760,240071,2517,2289,228
2893160760,300111,4659,2865,1794
2893160760,360133,4022,2642,1380
2893160760,420162,3494,1880,1614
2893160760,480194,2384,2374,10
2893160760,540221,4648,2464,2184
2893160760,600224,1393,3957,-2564
2893160760,660248,3197,4282,-1085
2893160760,720268,1260,3305,-2045
2893160760,780285,1824,2834,-1010
2893160760,840299,3960,2688,1272
2893160760,900302,5988,2943,3045
2893160760,960313,5534,3366,2168
2893160760,1020342,4931,2814,2117
2893160760,1080372,5547,2303,3244
2893160760,1140391,6446,1618,4828
2893160760,1200408,1301,2491,-1190
2893160760,1260408,3882,3904,-22
2893160760,1320434,2250,3644,-1394
2893160760,1380456,5661,1611,4050
2893160760,1440488,10199,4272,5927
2893160760,1500509,2447,5318,-2871
2893160760,1560528,3237,5654,-2417
2893160760,1620528,4246,4769,-523
2893170084,0,2500,2500,0
2893170084,60018,0,0,0
2893170084,120030,328,368,-40
2893170084,180051,1725,2079,-354
2893170084,240069,2443,1774,669
2893170084,300075,3957,3981,-24
2893170084,360075,2518,4188,-1670
2893170084,420093,2647,2425,222
2893170084,480102,1442,2689,-1247
2893170084,540116,3287,3007,280
2893170084,600144,3705,3389,316
2893170084,660155,2568,733,1835
2893170084,720176,2996,3206,-210
2893170084,780187,1887,2699,-812
2893170084,840196,3233,3095,138
2893170084,900220,2923,3410,-487
2893170084,960243,5017,3605,1412
2893170084,1020254,3696,4805,-1109
2893170084,1080267,5994,5966,28
2893170084,1140283,4028,1049,2979
2893170084,1200287,2465,2348,117
2893170084,1260291,4481,2040,2441
2893170084,1320314,2853,2512,341
2893170084,1380321,5133,1886,3247
2893170084,1440326,8215,4247,3968
2893170084,1500340,5167,3659,1508
2893170084,1560351,7898,1761,6137
2893170084,1620351,9838,1607,8231
2893234373,0,7000,7000,0
2893234373,60005,0,759,-759
2893234373,120031,1850,3315,-1465
2893234373,180034,5300,2241,3059
2893234373,240040,4635,4532,103
2893234373,300045,1798,7130,-5332
2893234373,360074,6127,3060,3067
2893234373,420103,7196,3023,4173
2893234373,480129,5559,4331,1228
2893234373,540145,1989,2864,-875
2893234373,600152,4521,4100,421
2893234373,660171,6684,5291,1393
2893234373,720201,3041,5033,-1992
2893234373,780204,2393,3550,-1157
2893234373,840220,4150,3407,743
2893234373,900232,4624,3454,1170
2893234373,960260,4760,4314,446
2893234373,1020265,7206,7083,123
2893234373,1080283,4862,7340,-2478
2893234373,1140298,3160,6708,-3548
2893234373,1200312,2857,5597,-2740
2893234373,1260325,3643,1675,1968
2893234373,1320339,2489,4661,-2172
2893234373,1380350,5246,5957,-711
2893234373,1440380,4266,9392,-5126
2893234373,1500411,6341,9241,-2900
2893234373,1560441,8903,7892,1011
2893234373,1620441,9976,2797,7179
2893263178,0,2500,2500,0
2893263178,60016,0,0,0
2893263178,120059,447,395,52
2893263178,180091,1849,1958,-109
2893263178,240117,1908,3118,-1210
2893263178,300121,1908,2593,-685
2893263178,360145,2769,3079,-310
2893263178,420145,3231,3028,203
2893263178,480164,4687,2975,1712
2893263178,540192,3818,2930,888
2893263178,600209,2735,4544,-1809
2893263178,660229,2726,4178,-1452
2893263178,720256,4184,3022,1162
2893263178,780282,1852,3335,-1483
2893263178,840311,3458,2296,1162
2893263178,900323,4354,2714,1640
2893263178,960337,6696,2484,4212
2893263178,1020347,5211,1790,3421
2893263178,1080367,3344,3320,24
2893263178,1140374,2801,5780,-2979
2893263178,1200416,4487,2257,2230
2893263178,1260428,2343,3981,-1638
2893263178,1320429,4987,5263,-276
2893263178,1380456,3201,3866,-665
2893263178,1440473,3621,1817,1804
2893263178,1500505,2693,2651,42
2893263178,1560515,2396,2772,-376
2893263178,1620539,6487,3707,2780
2893271043,0,7000,7000,0
2893271043,60026,265,400,-135
2893271043,120057,2406,2618,-212
2893271043,180086,4898,4553,345
2893271043,240118,5902,6693,-791
2893271043,300147,7560,6186,1374
2893271043,360150,8824,1779,7045
2893271043,420150,11056,3918,7138
2893271043,480152,6191,1472,4719
2893271043,540184,4432,3256,1176
2893271043,600215,8023,1131,6892
2893271043,660244,7995,4020,3975
2893271043,720273,1787,8437,-6650
2893271043,780306,6076,5158,918
2893271043,840328,4787,4028,759
2893271043,900340,4792,4049,743
2893271043,960366,6676,5236,1440
2893271043,1020368,2015,7448,-5433
2893271043,1080397,5804,3622,2182
2893271043,1140409,6849,4068,2781
2893271043,1200415,5152,5472,-320
2893271043,1260440,7674,8531,-857
2893271043,1320471,2024,4443,-2419
2893271043,1380497,4777,2912,1865
2893271043,1440513,4714,5970,-1256
2893271043,1500527,3968,4855,-887
2893271043,1560547,6311,7178,-867
2893271043,1620547,7203,3652,3551
2893292901,0,7000,7000,0
2893292901,60022,110,200,-90
2893292901,120028,2215,2768,-553
2893292901,180033,4519,5518,-999
2893292901,240035,3334,8249,-4915
2893292901,300060,5462,6833,-1371
2893292901,360087,1547,5523,-3976
2893292901,420092,3119,7887,-4768
2893292901,480098,3373,6572,-3199
2893292901,540127,3365,3329,36
2893292901,600131,2082,4602,-2520
2893292901,660134,4342,3326,1016
2893292901,720144,4519,4048,471
2893292901,780165,4256,4720,-464
2893292901,840165,2053,2777,-724
2893292901,900170,2112,4677,-2565
2893292901,960179,5210,3470,1740
2893292901,1020196,2902,4652,-1750
2893292901,1080221,2594,4582,-1988
2893292901,1140250,2042,8689,-6647
2893292901,1200257,3417,7731,-4314
2893292901,1260275,3721,6606,-2885
2893292901,1320277,3930,8244,-4314
2893292901,1380286,6476,6741,-265
2893292901,1440297,4473,6433,-1960
2893292901,1500326,4796,6255,-1459
2893292901,1560349,7334,3088,4246
2893292901,1620349,7514,3770,3744
2893395607,0,2500,2500,0
2893395607,60017,0,0,0
2893395607,120045,446,466,-20
2893395607,180056,2387,1867,520
2893395607,240060,3636,2948,688
2893395607,300100,3549,4696,-1147
2893395607,360120,2722,2930,-208
2893395607,420134,3282,2896,386
2893395607,480139,2841,2610,231
2893395607,540144,2798,3959,-1161
2893395607,600168,2203,3908,-1705
2893395607,660170,3473,2510,963
2893395607,720198,4195,4391,-196
2893395607,780230,3592,7263,-3671
2893395607,840257,2806,2829,-23
2893395607,900280,2762,2684,78
2893395607,960290,5661,2425,3236
2893395607,1020293,3245,4197,-952
2893395607,1080311,2716,1112,1604
2893395607,1140317,3412,2700,712
2893395607,1200340,6050,4564,1486
2893395607,1260361,3612,1759,1853
2893395607,1320390,3853,4151,-298
2893395607,1380418,4653,5952,-1299
2893395607,1440438,3649,1605,2044
2893395607,1500443,7512,3029,4483
2893395607,1560450,5317,2037,3280
2893395607,1620473,9685,1825,7860
2893426830,0,2500,2500,0
2893426830,60022,0,0,0
2893426830,120054,464,426,38
2893426830,180075,2575,2564,11
2893426830,240105,2898,2719,179
2893426830,300136,2823,2258,565
2893426830,360155,4170,2016,2154
2893426830,420204,3233,2884,349
2893426830,480236,3758,3868,-110
2893426830,540256,4061,3570,491
2893426830,600280,2542,3307,-765
2893426830,660290,3218,2983,235
2893426830,720317,3372,4688,-1316
2893426830,780344,2464,4422,-1958
2893426830,840367,1929,5294,-3365
2893426830,900389,2507,1991,516
2893426830,960397,4898,3476,1422
2893426830,1020405,4214,1761,2453
2893426830,1080431,1987,3326,-1339
2893426830,1140457,3472,4237,-765
2893426830,1200475,5858,4238,1620
2893426830,1260485,4166,2551,1615
2893426830,1320516,5369,5902,-533
2893426830,1380538,2967,5168,-2201
2893426830,1440550,9029,2938,6091
2893426830,1500578,5038,3785,1253
2893426830,1560604,7912,3474,4438
2893426830,1620604,9786,3922,5864
2893480537,0,2500,2500,0
2893480537,60031,0,0,0
2893480537,120037,284,430,-146
2893480537,180083,2022,1132,890
2893480537,240092,3094,2792,302
2893480537,300096,4807,3179,1628
2893480537,360097,3533,5110,-1577
2893480537,420112,1565,2698,-1133
2893480537,480117,2461,1721,740
2893480537,540148,4675,2681,1994
2893480537,600178,4167,2335,1832
2893480537,660188,6045,2833,3212
2893480537,720216,5109,2863,2246
2893480537,780228,5952,976,4976
2893480537,840259,1847,3575,-1728
2893480537,900278,3534,4446,-912
2893480537,960279,5825,3745,2080
2893480537,1020293,6638,1267,5371
2893480537,1080312,6583,2151,4432
2893480537,1140336,6854,2288,4566
2893480537,1200363,4601,1535,3066
2893480537,1260370,6899,1888,5011
2893480537,1320380,1321,1912,-591
2893480537,1380396,3684,3376,308
2893480537,1440397,4437,6071,-1634
2893480537,1500401,1978,1979,-1
2893480537,1560408,4111,2984,1127
2893480537,1620408,8608,2772,5836
2893489349,0,2500,2500,0
2893489349,60011,0,10,-10
2893489349,120026,606,357,249
2893489349,180082,2120,1126,994
2893489349,240108,2613,1976,637
2893489349,300114,3833,3367,466
2893489349,360137,4681,3134,1547
2893489349,420149,1798,3746,-1948
2893489349,480155,1419,2823,-1404
2893489349,540181,3533,3198,335
2893489349,600207,4525,3014,1511
2893489349,660217,4162,2718,1444
2893489349,720221,2539,2227,312
2893489349,780242,4687,4399,288
2893489349,840242,2876,4655,-1779
2893489349,900261,4914,5873,-959
2893489349,960274,5259,863,4396
2893489349,1020305,3400,3735,-335
2893489349,1080319,3004,4236,-1232
2893489349,1140323,4200,3802,398
2893489349,1200349,5242,3234,2008
2893489349,1260350,8599,3352,5247
2893489349,1320355,6000,2501,3499
2893489349,1380365,5145,3853,1292
2893489349,1440385,9949,2232,7717
2893489349,1500404,3454,2662,792
2893489349,1560431,2951,4458,-1507
2893489349,1620431,5677,2700,2977
2893508169,0,2500,2500,0
2893508169,60007,0,100,-100
2893508169,120019,523,363,160
2893508169,180021,1746,1521,225
2893508169,240049,3250,2936,314
2893508169,300103,4302,3354,948
2893508169,360133,3513,2597,916
2893508169,420146,4764,3843,921
2893508169,480147,1591,5306,-3715
2893508169,540180,1795,2950,-1155
2893508169,600181,2998,3438,-440
2893508169,660191,1536,3364,-1828
2893508169,720193,2830,2269,561
2893508169,780216,5714,1139,4575
2893508169,840226,2416,2625,-209
2893508169,900259,1811,2408,-597
2893508169,960289,3164,3166,-2
2893508169,1020316,4254,2292,1962
2893508169,1080348,4675,3477,1198
2893508169,1140371,4050,5715,-1665
2893508169,1200385,3037,2417,620
2893508169,1260418,3508,1619,1889
2893508169,1320436,2654,3204,-550
2893508169,1380448,5592,2685,2907
2893508169,1440451,6048,5499,549
2893508169,1500471,2754,2829,-75
2893508169,1560491,4151,4528,-377
2893508169,1620495,4915,2473,2442
2893524473,0,2500,2500,0
2893524473,60032,0,0,0
2893524473,120040,396,387,9
2893524473,180048,2064,1736,328
2893524473,240060,1881,2229,-348
2893524473,300104,2315,2646,-331
2893524473,360135,3458,2253,1205
2893524473,420157,3602,1981,1621
2893524473,480172,1820,2783,-963
2893524473,540187,3809,2108,1701
2893524473,600216,3037,2037,1000
2893524473,660243,3367,3692,-325
2893524473,720264,2229,2003,226
2893524473,780279,4621,2781,1840
2893524473,840299,6546,3087,3459
2893524473,900300,764,3243,-2479
2893524473,960333,4140,2494,1646
2893524473,1020342,4329,2131,2198
2893524473,1080374,6463,2372,4091
2893524473,1140382,6877,1263,5614
2893524473,1200395,3093,3222,-129
2893524473,1260425,2457,1915,542
2893524473,1320438,5503,3412,2091
2893524473,1380450,4942,2787,2155
2893524473,1440470,6969,2592,4377
2893524473,1500490,6705,1952,4753
2893524473,1560522,4929,3647,1282
2893524473,1620540,7991,3770,4221
2893551461,0,2500,2500,0
2893551461,60008,0,100,-100
2893551461,120012,337,530,-193
2893551461,180057,1794,1358,436
2893551461,240066,3127,2871,256
2893551461,300089,3662,3659,3
2893551461,360118,2986,3348,-362
2893551461,420121,4677,5163,-486
2893551461,480124,4872,3407,1465
2893551461,540125,3574,3619,-45
2893551461,600157,2218,3606,-1388
2893551461,660175,3009,1549,1460
2893551461,720181,5073,1340,3733
2893551461,780184,3065,1884,1181
2893551461,840199,3141,4052,-911
2893551461,900226,2874,4507,-1633
2893551461,960228,1532,1185,347
2893551461,1020251,3144,2526,618
2893551461,1080269,3093,2864,229
2893551461,1140301,4055,2174,1881
2893551461,1200322,3594,4574,-980
2893551461,1260339,5924,3843,2081
2893551461,1320351,7511,3009,4502
2893551461,1380356,2920,2766,154
2893551461,1440383,5256,4091,1165
2893551461,1500413,3217,2409,808
2893551461,1560426,5984,2408,3576
2893551461,1620426,7536,1197,6339
2893567960,0,7000,7000,0
2893567960,60027,465,300,165
2893567960,120032,3099,1719,1380
2893567960,180065,5538,4122,1416
2893567960,240095,4593,3149,1444
2893567960,300096,8033,4828,3205
2893567960,360123,3968,4213,-245
2893567960,420151,4806,1711,3095
2893567960,480161,2652,2172,480
2893567960,540186,3227,3128,99
2893567960,600203,2944,2844,100
2893567960,660219,4217,4077,140
2893567960,720248,5488,2761,2727
2893567960,780280,3134,2836,298
2893567960,840300,2493,6312,-3819
2893567960,900319,2941,5855,-2914
2893567960,960347,2563,5087,-2524
2893567960,1020376,5276,4324,952
2893567960,1080391,2415,4893,-2478
2893567960,1140401,3354,5157,-1803
2893567960,1200433,4732,4260,472
2893567960,1260456,3583,7576,-3993
2893567960,1320467,4938,8459,-3521
2893567960,1380495,7579,3142,4437
2893567960,1440497,5072,4819,253
2893567960,1500527,4322,7280,-2958
2893567960,1560550,6550,4601,1949
2893567960,1620550,6024,5958,66
2893568134,0,2500,2500,0
2893568134,60022,0,50,-50
2893568134,120053,305,792,-487
2893568134,180085,1432,955,477
2893568134,240090,3524,2384,1140
2893568134,300122,3345,3027,318
2893568134,360134,4119,2191,1928
2893568134,420139,1835,1185,650
2893568134,480151,2844,1732,1112
2893568134,540164,3176,3598,-422
2893568134,600174,3878,3219,659
2893568134,660188,749,2160,-1411
2893568134,720202,2591,3255,-664
2893568134,780220,3407,6064,-2657
2893568134,840247,4029,7364,-3335
2893568134,900278,5285,1754,3531
2893568134,960285,2057,3434,-1377
2893568134,1020297,2459,5205,-2746
2893568134,1080315,4254,5024,-770
2893568134,1140337,3625,2637,988
2893568134,1200352,2585,3266,-681
2893568134,1260375,3606,3508,98
2893568134,1320381,1721,2749,-1028
2893568134,1380413,3091,4144,-1053
2893568134,1440419,7250,2742,4508
2893568134,1500421,2891,2434,457
2893568134,1560422,4821,2098,2723
2893568134,1620422,8444,1955,6489
2893581620,0,2500,2500,0
2893581620,60014,0,0,0
2893581620,120024,426,336,90
2893581620,180030,1722,1602,120
2893581620,240030,2849,2804,45
2893581620,300053,4218,2843,1375
2893581620,360059,5529,4011,1518
2893581620,420091,4539,3405,1134
2893581620,480111,6073,2110,3963
2893581620,540116,6091,1858,4233
2893581620,600137,6395,2631,3764
2893581620,660163,4852,3476,1376
2893581620,720176,2576,3345,-769
2893581620,780196,3930,3686,244
2893581620,840223,4925,2049,2876
2893581620,900239,2599,3388,-789
2893581620,960252,5282,4641,641
2893581620,1020269,7748,2070,5678
2893581620,1080272,5242,2971,2271
2893581620,1140285,5012,4525,487
2893581620,1200294,2695,3546,-851
2893581620,1260299,3356,2749,607
2893581620,1320305,4113,3607,506
2893581620,1380325,7067,2490,4577
2893581620,1440344,7886,2463,5423
2893581620,1500376,3472,3182,290
2893581620,1560392,4244,3498,746
2893581620,1620392,6629,1130,5499
2893585160,0,2500,2500,0
2893585160,60006,0,15,-15
2893585160,120012,357,175,182
2893585160,180070,1753,1151,602
2893585160,240084,2557,2240,317
2893585160,300109,2790,3563,-773
2893585160,360114,4701,5123,-422
2893585160,420122,4485,3662,823
2893585160,480127,2634,3951,-1317
2893585160,540154,4286,3337,949
2893585160,600170,3274,2881,393
2893585160,660177,4280,1625,2655
2893585160,720203,2618,1852,766
2893585160,780230,4553,2692,1861
2893585160,840254,4684,3349,1335
2893585160,900262,1824,2914,-1090
2893585160,960292,3482,4369,-887
2893585160,1020318,5800,3502,2298
2893585160,1080319,7034,3955,3079
2893585160,1140320,4085,5265,-1180
2893585160,1200351,1528,1787,-259
2893585160,1260367,2696,3449,-753
2893585160,1320388,6578,3360,3218
2893585160,1380391,9350,1303,8047
2893585160,1440414,5140,3597,1543
2893585160,1500420,6975,2776,4199
2893585160,1560427,3020,3397,-377
2893585160,1620427,5769,1605,4164
2893681260,0,7000,7000,0
2893681260,60001,15,40,-25
2893681260,120004,2000,2722,-722
2893681260,180033,3688,4258,-570
2893681260,240062,6326,6344,-18
2893681260,300091,4705,2930,1775
2893681260,360119,5310,3405,1905
2893681260,420122,4493,5053,-560
2893681260,480154,5036,6913,-1877
2893681260,540184,4634,4614,20
2893681260,600184,5163,3647,1516
2893681260,660216,3650,5166,-1516
2893681260,720225,5428,7732,-2304
2893681260,780254,7047,5235,1812
2893681260,840256,2480,8117,-5637
2893681260,900285,5765,5586,179
2893681260,960286,7768,5082,2686
2893681260,1020316,5567,8256,-2689
2893681260,1080329,10094,3453,6641
2893681260,1140329,9184,4480,4704
2893681260,1200350,12598,5688,6910
2893681260,1260381,14067,6023,8044
2893681260,1320386,10639,5733,4906
2893681260,1380404,4460,7073,-2613
2893681260,1440422,6369,2355,4014
2893681260,1500423,3767,3652,115
2893681260,1560436,6327,3923,2404
2893681260,1620436,9756,3229,6527
2893934343,0,2500,2500,0
2893934343,60028,0,0,0
2893934343,120029,499,410,89
2893934343,180059,1722,2164,-442
2893934343,240061,2845,3762,-917
2893934343,300091,1699,3719,-2020
2893934343,360123,2419,1320,1099
2893934343,420123,3841,2511,1330
2893934343,480130,1477,2947,-1470
2893934343,540161,2747,2048,699
2893934343,600181,3227,1305,1922
2893934343,660190,5273,3007,2266
2893934343,720199,1997,3046,-1049
2893934343,780227,2940,2295,645
2893934343,840230,5687,3934,1753
2893934343,900243,2786,1562,1224
2893934343,960264,3454,3058,396
2893934343,1020269,5938,3384,2554
2893934343,1080298,4047,4353,-306
2893934343,1140301,6852,1286,5566
2893934343,1200318,3814,1876,1938
2893934343,1260327,4584,3010,1574
2893934343,1320329,7259,4846,2413
2893934343,1380355,9670,2550,7120
2893934343,1440384,9517,4408,5109
2893934343,1500386,2995,3755,-760
2893934343,1560396,4600,5959,-1359
2893934343,1620396,4552,5317,-765
2893937747,0,7000,7000,0
2893937747,60025,300,55,245
2893937747,120026,2319,2769,-450
2893937747,180053,4209,3736,473
2893937747,240084,3431,3060,371
2893937747,300113,4820,4405,415
2893937747,360114,6171,3850,2321
2893937747,420143,5324,4031,1293
2893937747,480150,5543,5068,475
2893937747,540180,8579,1951,6628
2893937747,600209,4646,4851,-205
2893937747,660213,3588,4900,-1312
2893937747,720241,4196,6425,-2229
2893937747,780271,3491,4930,-1439
2893937747,840273,2987,5405,-2418
2893937747,900303,2970,6847,-3877
2893937747,960334,5111,4126,985
2893937747,1020339,3781,3649,132
2893937747,1080339,3237,6611,-3374
2893937747,1140366,6844,4602,2242
2893937747,1200388,4783,6330,-1547
2893937747,1260405,4877,4594,283
2893937747,1320429,4154,4271,-117
2893937747,1380455,5369,7364,-1995
2893937747,1440467,3611,10002,-6391
2893937747,1500490,3741,10961,-7220
2893937747,1560509,9114,5151,3963
2893937747,1620509,8543,5210,3333
2893977198,0,2500,2500,0
2893977198,60003,0,0,0
2893977198,120007,558,421,137
2893977198,180009,1815,1782,33
2893977198,240031,2760,2212,548
2893977198,300037,2459,2547,-88
2893977198,360066,1464,4349,-2885
2893977198,420078,1559,2310,-751
2893977198,480093,3393,3867,-474
2893977198,540104,5097,1754,3343
2893977198,600126,5840,2021,3819
2893977198,660135,2869,2241,628
2893977198,720141,1980,2822,-842
2893977198,780168,3795,4797,-1002
2893977198,840168,2974,2991,-17
2893977198,900182,5342,3068,2274
2893977198,960195,7285,3160,4125
2893977198,1020215,6686,3370,3316
2893977198,1080231,6704,2580,4124
2893977198,1140235,6274,2898,3376
2893977198,1200238,6206,2764,3442
2893977198,1260255,9034,2423,6611
2893977198,1320269,2993,2704,289
2893977198,1380299,7447,1154,6293
2893977198,1440317,9295,2373,6922
2893977198,1500325,3284,3012,272
2893977198,1560345,5635,2218,3417
2893977198,1620345,7459,2505,4954
2893999964,0,2500,2500,0
2893999964,60030,0,0,0
2893999964,120033,521,528,-7
2893999964,180071,1556,2236,-680
2893999964,240104,2661,1930,731
2893999964,300111,1836,2303,-467
2893999964,360116,1972,3245,-1273
2893999964,420132,2781,2194,587
2893999964,480152,2217,3603,-1386
2893999964,540175,2580,1533,1047
2893999964,600189,4042,2981,1061
2893999964,660208,2907,2737,170
2893999964,720217,3517,1258,2259
2893999964,780234,3700,2630,1070
2893999964,840261,3252,4505,-1253
2893999964,900272,2562,2658,-96
2893999964,960296,4129,3098,1031
2893999964,1020324,1219,4825,-3606
2893999964,1080343,2629,1283,1346
2893999964,1140375,4638,1987,2651
2893999964,1200398,7089,2259,4830
2893999964,1260404,5161,3840,1321
2893999964,1320407,3718,2333,1385
2893999964,1380412,6807,2978,3829
2893999964,1440442,6132,2439,3693
2893999964,1500447,2271,2540,-269
2893999964,1560465,3935,2404,1531
2893999964,1620481,7226,3931,3295
2894022903,0,2500,2500,0
2894022903,60020,0,0,0
2894022903,120025,421,394,27
2894022903,180058,1690,1710,-20
2894022903,240086,2654,3695,-1041
2894022903,300092,2499,4416,-1917
2894022903,360093,3137,5432,-2295
2894022903,420111,1889,2929,-1040
2894022903,480127,2925,3836,-911
2894022903,540157,1171,3844,-2673
2894022903,600180,3742,2750,992
2894022903,660204,2298,3330,-1032
2894022903,720219,2912,3814,-902
2894022903,780225,5654,3679,1975
2894022903,840255,6114,2034,4080
2894022903,900286,5648,1777,3871
2894022903,960302,7217,1440,5777
2894022903,1020305,8858,2504,6354
2894022903,1080311,10824,4419,6405
2894022903,1140339,1804,2631,-827
2894022903,1200346,4819,3046,1773
2894022903,1260360,8080,2886,5194
2894022903,1320387,5560,3699,1861
2894022903,1380393,2865,2395,470
2894022903,1440411,3813,2274,1539
2894022903,1500427,5540,1818,3722
2894022903,1560448,6846,2768,4078
2894022903,1620448,7163,3497,3666
2894075454,0,2500,2500,0
2894075454,60010,0,100,-100
2894075454,120014,405,441,-36
2894075454,180026,1657,1549,108
2894075454,240038,2326,2024,302
2894075454,300069,2657,2376,281
2894075454,360096,3838,1927,1911
2894075454,420099,4248,1546,2702
2894075454,480123,3058,2894,164
2894075454,540137,1267,2694,-1427
2894075454,600168,2233,1689,544
2894075454,660194,1733,3321,-1588
2894075454,720208,2081,1801,280
2894075454,780225,1854,3307,-1453
2894075454,840241,3140,4484,-1344
2894075454,900273,4327,1338,2989
2894075454,960294,2549,2875,-326
2894075454,1020325,4174,2778,1396
2894075454,1080327,8672,2152,6520
2894075454,1140357,8645,1399,7246
2894075454,1200375,2485,2097,388
2894075454,1260406,5829,2356,3473
2894075454,1320410,8302,2273,6029
2894075454,1380439,2468,3586,-1118
2894075454,1440471,2900,2667,233
2894075454,1500481,4578,3299,1279
2894075454,1560497,3931,2855,1076
2894075454,1620497,4828,3002,1826
2894080908,0,2500,2500,0
2894080908,60018,0,0,0
2894080908,120026,321,397,-76
2894080908,180062,2127,1143,984
2894080908,240094,2158,2600,-442
2894080908,300108,3616,3833,-217
2894080908,360124,3994,5461,-1467
2894080908,420147,2883,1790,1093
2894080908,480165,1656,1520,136
2894080908,540177,2362,1939,423
2894080908,600186,4821,2123,2698
2894080908,660205,6858,2991,3867
2894080908,720213,6099,2947,3152
2894080908,780239,2388,5972,-3584
2894080908,840254,3563,3585,-22
2894080908,900279,2588,2256,332
2894080908,960292,2313,3461,-1148
2894080908,1020303,2872,3349,-477
2894080908,1080330,5332,4770,562
2894080908,1140341,1901,2439,-538
2894080908,1200358,6119,1826,4293
2894080908,1260383,5003,3152,1851
2894080908,1320398,1982,6811,-4829
2894080908,1380422,3035,3710,-675
2894080908,1440424,7562,1412,6150
2894080908,1500455,3258,3585,-327
2894080908,1560473,9476,2026,7450
2894080908,1620473,8379,2937,5442
2894149291,0,2500,2500,0
2894149291,60012,0,500,-500
2894149291,120016,836,333,503
2894149291,180067,2425,1294,1131
2894149291,240068,3246,2010,1236
2894149291,300095,3319,3664,-345
2894149291,360114,2380,1972,408
2894149291,420152,2712,2840,-128
2894149291,480165,1924,3361,-1437
2894149291,540172,2148,3556,-1408
2894149291,600195,2710,1883,827
2894149291,660209,3801,2884,917
2894149291,720225,5356,2977,2379
2894149291,780258,3835,3480,355
2894149291,840278,5028,3544,1484
2894149291,900280,6073,3903,2170
2894149291,960290,2696,3425,-729
2894149291,1020313,4889,4132,757
2894149291,1080313,5166,2952,2214
2894149291,1140343,2461,1333,1128
2894149291,1200367,3242,3676,-434
2894149291,1260400,3837,4239,-402
2894149291,1320414,7152,3349,3803
2894149291,1380446,5856,3173,2683
2894149291,1440459,8047,2918,5129
2894149291,1500484,3403,2897,506
2894149291,1560493,4792,3240,1552
2894149291,1620493,4779,2883,1896
2894168443,0,2500,2500,0
2894168443,60017,0,0,0
2894168443,120023,343,465,-122
2894168443,180057,1736,1782,-46
2894168443,240057,3043,3532,-489
2894168443,300063,2000,3371,-1371
2894168443,360095,1653,1786,-133
2894168443,420124,2640,1732,908
2894168443,480153,3252,2735,517
2894168443,540164,5889,2512,3377
2894168443,600192,1424,2432,-1008
2894168443,660196,3544,3075,469
2894168443,720228,2894,2306,588
2894168443,780237,3237,4586,-1349
2894168443,840247,4073,3427,646
2894168443,900275,3297,5001,-1704
2894168443,960293,5760,2788,2972
2894168443,1020320,1452,2756,-1304
2894168443,1080323,3489,2861,628
2894168443,1140332,4433,4569,-136
2894168443,1200358,4080,4807,-727
2894168443,1260359,3383,1931,1452
2894168443,1320386,5112,3042,2070
2894168443,1380418,7993,4426,3567
2894168443,1440420,11072,3751,7321
2894168443,1500437,6056,2722,3334
2894168443,1560441,3615,3894,-279
2894168443,1620452,5931,3288,2643
2894188160,0,2500,2500,0
2894188160,60030,0,0,0
2894188160,120046,490,333,157
2894188160,180061,1578,1639,-61
2894188160,240062,2365,1859,506
2894188160,300084,3811,2226,1585
2894188160,360110,1754,3183,-1429
2894188160,420110,2927,1713,1214
2894188160,480120,3580,2517,1063
2894188160,540152,5430,2557,2873
2894188160,600180,3840,1788,2052
2894188160,660213,5532,2256,3276
2894188160,720231,1707,2004,-297
2894188160,780261,3133,2162,971
2894188160,840280,6030,3091,2939
2894188160,900307,6367,4652,1715
2894188160,960323,6223,5459,764
2894188160,1020339,4081,2833,1248
2894188160,1080344,4857,5037,-180
2894188160,1140354,3563,2489,1074
2894188160,1200384,4864,2550,2314
2894188160,1260408,5523,2887,2636
2894188160,1320423,7004,1934,5070
2894188160,1380440,5130,3601,1529
2894188160,1440453,5638,3233,2405
2894188160,1500471,5224,3084,2140
2894188160,1560496,4004,4071,-67
2894188160,1620496,4874,3953,921
2894215909,0,2500,2500,0
2894215909,60015,0,0,0
2894215909,120026,412,314,98
2894215909,180049,1814,1759,55
2894215909,240062,3144,2695,449
2894215909,300064,3136,4219,-1083
2894215909,360075,2310,4044,-1734
2894215909,420092,3703,3222,481
2894215909,480110,4092,4207,-115
2894215909,540113,4096,3735,361
2894215909,600130,4061,3217,844
2894215909,660134,1373,3189,-1816
2894215909,720160,4095,3757,338
2894215909,780182,3720,2829,891
2894215909,840197,3151,3567,-416
2894215909,900219,4425,2076,2349
2894215909,960227,5755,3279,2476
2894215909,1020270,8430,3535,4895
2894215909,1080292,4753,3928,825
2894215909,1140306,8133,3654,4479
2894215909,1200318,4413,2961,1452
2894215909,1260323,4794,4586,208
2894215909,1320342,5974,5092,882
2894215909,1380347,3965,4433,-468
2894215909,1440381,3853,4705,-852
2894215909,1500404,1988,3119,-1131
2894215909,1560405,4352,3263,1089
2894215909,1620424,10314,1468,8846
2894219149,0,2500,2500,0
2894219149,60013,0,0,0
2894219149,120044,434,276,158
2894219149,180066,1693,1586,107
2894219149,240097,2946,2696,250
2894219149,300125,2288,2761,-473
2894219149,360143,2117,3370,-1253
2894219149,420168,2920,4219,-1299
2894219149,480188,2313,2086,227
2894219149,540215,1877,3830,-1953
2894219149,600230,2034,3916,-1882
2894219149,660245,3220,3695,-475
2894219149,720275,4106,4063,43
2894219149,780284,2502,1917,585
2894219149,840303,5345,1763,3582
2894219149,900334,3664,3616,48
2894219149,960360,5054,3869,1185
2894219149,1020362,4516,4491,25
2894219149,1080374,4885,4198,687
2894219149,1140395,3319,1256,2063
2894219149,1200397,3389,1307,2082
2894219149,1260420,3707,2843,864
2894219149,1320421,8074,2659,5415
2894219149,1380427,2843,3476,-633
2894219149,1440458,5764,2636,3128
2894219149,1500488,3501,1991,1510
2894219149,1560497,6723,3328,3395
2894219149,1620497,11647,2996,8651
2894219747,0,2500,2500,0
2894219747,60022,500,0,500
2894219747,120029,369,515,-146
2894219747,180030,1880,2278,-398
2894219747,240036,2605,2264,341
2894219747,300052,4112,2213,1899
2894219747,360073,3386,3336,50
2894219747,420073,4416,3398,1018
2894219747,480104,2165,1207,958
2894219747,540127,2182,2661,-479
2894219747,600138,1138,3642,-2504
2894219747,660146,4534,4205,329
2894219747,720161,7210,1655,5555
2894219747,780179,5364,1921,3443
2894219747,840202,2525,1856,669
2894219747,900248,5652,1339,4313
2894219747,960280,3388,3146,242
2894219747,1020319,4257,3864,393
2894219747,1080351,5548,3497,2051
2894219747,1140369,2428,2242,186
2894219747,1200374,2112,1872,240
2894219747,1260397,2514,3472,-958
2894219747,1320410,4614,1276,3338
2894219747,1380442,5817,2995,2822
2894219747,1440458,4982,1706,3276
2894219747,1500469,3995,2863,1132
2894219747,1560481,7109,2374,4735
2894219747,1620481,7670,2316,5354
2894234975,0,2500,2500,0
2894234975,60027,500,0,500
2894234975,120038,507,333,174
2894234975,180092,1552,2220,-668
2894234975,240101,3112,3797,-685
2894234975,300112,1394,4501,-3107
2894234975,360114,2171,1460,711
2894234975,420134,1431,1870,-439
2894234975,480143,2453,3819,-1366
2894234975,540149,3561,3205,356
2894234975,600165,2181,1690,491
2894234975,660165,1607,2838,-1231
2894234975,720195,5003,2118,2885
2894234975,780212,2923,1894,1029
2894234975,840238,4248,2597,1651
2894234975,900256,3791,3020,771
2894234975,960259,2860,4812,-1952
2894234975,1020261,3502,2602,900
2894234975,1080280,5926,3478,2448
2894234975,1140282,6394,2566,3828
2894234975,1200306,7261,3866,3395
2894234975,1260332,11211,2664,8547
2894234975,1320364,5764,6006,-242
2894234975,1380387,1476,3505,-2029
2894234975,1440411,2931,4378,-1447
2894234975,1500413,2331,2399,-68
2894234975,1560422,6992,2746,4246
2894234975,1620422,8059,2609,5450
2894245800,0,2500,2500,0
2894245800,60030,0,0,0
2894245800,120031,455,300,155
2894245800,180056,2321,901,1420
2894245800,240084,2815,2046,769
2894245800,300093,3443,2493,950
2894245800,360111,1666,3263,-1597
2894245800,420132,1775,3359,-1584
2894245800,480155,2252,4292,-2040
2894245800,540170,3212,880,2332
2894245800,600190,3390,2159,1231
2894245800,660219,5580,3097,2483
2894245800,720243,4235,2326,1909
2894245800,780264,1829,3240,-1411
2894245800,840292,3719,4389,-670
2894245800,900319,4364,5007,-643
2894245800,960343,2190,4819,-2629
2894245800,1020373,1601,3946,-2345
2894245800,1080385,3961,4932,-971
2894245800,1140409,2620,3034,-414
2894245800,1200415,2984,4727,-1743
2894245800,1260416,1711,1523,188
2894245800,1320429,2486,3823,-1337
2894245800,1380436,2636,2357,279
2894245800,1440459,3539,3300,239
2894245800,1500481,3908,3121,787
2894245800,1560484,6767,2161,4606
2894245800,1620484,7045,2287,4758
2894246845,0,7000,7000,0
2894246845,60011,0,315,-315
2894246845,120023,2036,2976,-940
2894246845,180062,4347,5422,-1075
2894246845,240088,4896,7799,-2903
2894246845,300097,6101,6630,-529
2894246845,360111,3010,4456,-1446
2894246845,420141,2774,5440,-2666
2894246845,480144,4401,7615,-3214
2894246845,540166,6488,4375,2113
2894246845,600191,9485,4086,5399
2894246845,660194,11628,6205,5423
2894246845,720203,4017,5459,-1442
2894246845,780209,3593,1608,1985
2894246845,840228,2811,4022,-1211
2894246845,900238,4469,3269,1200
2894246845,960248,3868,6998,-3130
2894246845,1020266,3572,2313,1259
2894246845,1080289,5719,4680,1039
2894246845,1140298,8464,7185,1279
2894246845,1200307,4124,7444,-3320
2894246845,1260331,2977,4223,-1246
2894246845,1320348,3710,5293,-1583
2894246845,1380361,6135,7400,-1265
2894246845,1440370,10726,5345,5381
2894246845,1500394,8257,6158,2099
2894246845,1560413,8309,5725,2584
2894246845,1620413,10591,5210,5381
2894248326,0,2500,2500,0
2894248326,60016,0,0,0
2894248326,120020,337,334,3
2894248326,180031,2729,1301,1428
2894248326,240049,3123,1268,1855
2894248326,300063,2930,1787,1143
2894248326,360071,4933,2055,2878
2894248326,420075,4241,3067,1174
2894248326,480105,3461,3607,-146
2894248326,540126,3227,2895,332
2894248326,600150,1294,1253,41
2894248326,660178,4195,1624,2571
2894248326,720207,2511,1819,692
2894248326,780230,3123,2110,1013
2894248326,840238,5311,2023,3288
2894248326,900270,3829,3403,426
2894248326,960276,3481,2060,1421
2894248326,1020287,3677,3251,426
2894248326,1080309,3428,669,2759
2894248326,1140340,3769,2394,1375
2894248326,1200361,3088,1633,1455
2894248326,1260372,4857,1277,3580
2894248326,1320396,6001,1944,4057
2894248326,1380406,3028,3131,-103
2894248326,1440422,4756,1921,2835
2894248326,1500438,3133,1994,1139
2894248326,1560469,7422,1897,5525
2894248326,1620469,6220,1640,4580
2894281555,0,2500,2500,0
2894281555,60011,0,0,0
2894281555,120021,464,455,9
2894281555,180036,2028,1860,168
2894281555,240067,1120,1637,-517
2894281555,300067,2084,1959,125
2894281555,360099,2510,3047,-537
2894281555,420130,3564,1698,1866
2894281555,480139,3337,3386,-49
2894281555,540149,6311,1719,4592
2894281555,600150,2285,3566,-1281
2894281555,660192,3661,2530,1131
2894281555,720217,4969,1180,3789
2894281555,780257,4756,3036,1720
2894281555,840287,2706,2944,-238
2894281555,900320,2293,4291,-1998
2894281555,960343,3373,4598,-1225
2894281555,1020372,3915,2767,1148
2894281555,1080399,4221,1835,2386
2894281555,1140428,2896,3226,-330
2894281555,1200444,4264,2277,1987
2894281555,1260470,4249,2371,1878
2894281555,1320473,4938,2669,2269
2894281555,1380483,5371,3053,2318
2894281555,1440514,7248,3329,3919
2894281555,1500545,7393,3022,4371
2894281555,1560553,2638,4396,-1758
2894281555,1620553,4601,3228,1373
2894293264,0,2500,2500,0
2894293264,60014,500,0,500
2894293264,120021,269,404,-135
2894293264,180025,2077,1740,337
2894293264,240051,2410,1570,840
2894293264,300081,4089,1091,2998
2894293264,360088,1958,2526,-568
2894293264,420111,1994,2526,-532
2894293264,480120,3474,1293,2181
2894293264,540130,4605,2299,2306
2894293264,600144,6400,2686,3714
2894293264,660176,5808,3229,2579
2894293264,720181,1052,4961,-3909
2894293264,780202,2746,1969,777
2894293264,840205,4400,3887,513
2894293264,900230,1460,5247,-3787
2894293264,960249,2699,1375,1324
2894293264,1020257,3190,3822,-632
2894293264,1080268,3488,2470,1018
2894293264,1140286,2832,4078,-1246
2894293264,1200312,4002,1754,2248
2894293264,1260313,3846,2947,899
2894293264,1320327,5117,2686,2431
2894293264,1380358,2409,3441,-1032
2894293264,1440372,3047,2814,233
2894293264,1500380,2142,1887,255
2894293264,1560388,6534,2254,4280
2894293264,1620388,6999,2191,4808
2894293488,0,7000,7000,0
2894293488,60003,50,50,0
2894293488,120018,2499,2312,187
2894293488,180050,4345,3986,359
2894293488,240080,5587,3350,2237
2894293488,300089,7796,3330,4466
2894293488,360119,10033,5389,4644
2894293488,420147,6792,2600,4192
2894293488,480177,9017,4947,4070
2894293488,540190,5739,7148,-1409
2894293488,600200,5987,8833,-2846
2894293488,660231,5110,2866,2244
2894293488,720264,4532,2768,1764
2894293488,780272,7699,3932,3767
2894293488,840274,8050,2876,5174
2894293488,900306,1893,6478,-4585
2894293488,960316,4160,6212,-2052
2894293488,1020321,6486,4310,2176
2894293488,1080342,6504,4140,2364
2894293488,1140362,4459,6648,-2189
2894293488,1200364,7052,3539,3513
2894293488,1260382,4105,4445,-340
2894293488,1320410,6241,5482,759
2894293488,1380415,6417,5213,1204
2894293488,1440443,6057,5787,270
2894293488,1500474,8171,8404,-233
2894293488,1560480,11977,8308,3669
2894293488,1620480,12940,3621,9319
2894307060,0,7000,7000,0
2894307060,60026,695,65,630
2894307060,120057,2395,2400,-5
2894307060,180085,3888,4796,-908
2894307060,240115,4221,6130,-1909
2894307060,300144,4408,5899,-1491
2894307060,360172,2817,5689,-2872
2894307060,420181,4389,5523,-1134
2894307060,480210,3318,7781,-4463
2894307060,540238,3825,8224,-4399
2894307060,600264,4443,7227,-2784
2894307060,660293,6538,2126,4412
2894307060,720322,2590,1737,853
2894307060,780327,3583,4247,-664
2894307060,840334,5056,5958,-902
2894307060,900337,5226,4647,579
2894307060,960362,4354,3364,990
2894307060,1020369,4212,4935,-723
2894307060,1080387,2001,4724,-2723
2894307060,1140420,3817,7484,-3667
2894307060,1200421,3921,8365,-4444
2894307060,1260428,4538,9261,-4723
2894307060,1320431,3433,2343,1090
2894307060,1380443,5292,4446,846
2894307060,1440467,3275,6907,-3632
2894307060,1500487,6246,8618,-2372
2894307060,1560507,5879,4420,1459
2894307060,1620507,10315,174,10141
2894349814,0,2500,2500,0
2894349814,60010,0,0,0
2894349814,120012,327,455,-128
2894349814,180041,1581,2253,-672
2894349814,240053,3323,1355,1968
2894349814,300054,2619,3009,-390
2894349814,360066,3771,1981,1790
2894349814,420102,3381,1083,2298
2894349814,480109,4812,2239,2573
2894349814,540121,1959,4613,-2654
2894349814,600126,2609,1369,1240
2894349814,660156,2902,3069,-167
2894349814,720173,1769,1460,309
2894349814,780175,3662,2430,1232
2894349814,840182,3392,5408,-2016
2894349814,900185,3985,1135,2850
2894349814,960197,5171,1590,3581
2894349814,1020197,5119,2881,2238
2894349814,1080230,6002,4641,1361
2894349814,1140237,1504,4894,-3390
2894349814,1200260,4273,1571,2702
2894349814,1260262,3620,1626,1994
2894349814,1320267,4849,2429,2420
2894349814,1380305,4213,3375,838
2894349814,1440306,5064,3536,1528
2894349814,1500307,3839,3723,116
2894349814,1560312,6135,1952,4183
2894349814,1620312,10034,2230,7804
2894364908,0,2500,2500,0
2894364908,60005,500,0,500
2894364908,120038,513,428,85
2894364908,180054,1753,1751,2
2894364908,240082,2663,2786,-123
2894364908,300091,4050,4643,-593
2894364908,360120,3866,2957,909
2894364908,420124,1818,1960,-142
2894364908,480131,3052,2835,217
2894364908,540144,4502,4524,-22
2894364908,600153,3058,4914,-1856
2894364908,660162,4737,3334,1403
2894364908,720189,3882,3647,235
2894364908,780216,2059,2099,-40
2894364908,840240,2228,4680,-2452
2894364908,900259,3474,5088,-1614
2894364908,960273,4676,1176,3500
2894364908,1020297,6302,2522,3780
2894364908,1080328,3853,3235,618
2894364908,1140332,5230,3278,1952
2894364908,1200333,8504,1183,7321
2894364908,1260351,3668,1416,2252
2894364908,1320377,5492,2781,2711
2894364908,1380380,6443,3435,3008
2894364908,1440403,2744,2886,-142
2894364908,1500434,4500,1985,2515
2894364908,1560447,3696,2895,801
2894364908,1620447,4157,3146,1011
2894365129,0,2500,2500,0
2894365129,60004,20,0,20
2894365129,120004,415,355,60
2894365129,180037,1650,2065,-415
2894365129,240050,2389,1833,556
2894365129,300088,1579,1278,301
2894365129,360092,2880,1654,1226
2894365129,420109,2581,2342,239
2894365129,480123,4097,3242,855
2894365129,540150,2858,2916,-58
2894365129,600167,3729,5787,-2058
2894365129,660180,1978,1123,855
2894365129,720200,2368,3991,-1623
2894365129,780210,3673,2398,1275
2894365129,840220,2018,2401,-383
2894365129,900234,4034,3894,140
2894365129,960262,5748,3375,2373
2894365129,1020271,7280,2623,4657
2894365129,1080287,2784,3405,-621
2894365129,1140291,4291,2062,2229
2894365129,1200317,5318,2137,3181
2894365129,1260324,6013,3351,2662
2894365129,1320338,5917,2836,3081
2894365129,1380356,2243,3038,-795
2894365129,1440362,4343,4088,255
2894365129,1500373,3053,5003,-1950
2894365129,1560393,5709,2201,3508
2894365129,1620393,9454,2332,7122
2894368717,0,2500,2500,0
2894368717,60007,0,0,0
2894368717,120039,396,462,-66
2894368717,180074,1674,1755,-81
2894368717,240105,3053,3352,-299
2894368717,300134,3462,2924,538
2894368717,360167,4278,2907,1371
2894368717,420167,2752,4331,-1579
2894368717,480197,3841,4321,-480
2894368717,540204,2864,5516,-2652
2894368717,600217,2697,852,1845
2894368717,660232,2943,2077,866
2894368717,720245,3558,3340,218
2894368717,780271,2972,4464,-1492
2894368717,840279,5141,2305,2836
2894368717,900286,7122,1275,5847
2894368717,960309,2464,2852,-388
2894368717,1020320,2598,4412,-1814
2894368717,1080329,5409,3977,1432
2894368717,1140343,5359,2277,3082
2894368717,1200351,2373,2134,239
2894368717,1260373,4912,2049,2863
2894368717,1320386,5538,3105,2433
2894368717,1380404,3219,1871,1348
2894368717,1440427,2784,3365,-581
2894368717,1500458,2799,2674,125
2894368717,1560481,5713,4029,1684
2894368717,1620481,4254,4616,-362
2894382196,0,2500,2500,0
2894382196,60030,0,0,0
2894382196,120033,341,472,-131
2894382196,180062,2183,1832,351
2894382196,240076,1942,1820,122
2894382196,300104,2451,3179,-728
2894382196,360115,1984,3653,-1669
2894382196,420147,3065,3414,-349
2894382196,480158,2840,1707,1133
2894382196,540161,4284,1399,2885
2894382196,600171,5529,2049,3480
2894382196,660200,4679,1870,2809
2894382196,720207,2808,3823,-1015
2894382196,780227,3880,375,3505
2894382196,840255,3891,2221,1670
2894382196,900262,2165,3046,-881
2894382196,960277,2441,4817,-2376
2894382196,1020296,4739,6067,-1328
2894382196,1080311,4074,2723,1351
2894382196,1140327,5467,4573,894
2894382196,1200333,6739,3722,3017
2894382196,1260348,3148,502,2646
2894382196,1320355,2539,2221,318
2894382196,1380378,7327,1962,5365
2894382196,1440389,3803,2220,1583
2894382196,1500392,1734,3755,-2021
2894382196,1560393,5123,3734,1389
2894382196,1620393,4901,4428,473
2894384320,0,2500,2500,0
2894384320,60003,0,500,-500
2894384320,120006,388,376,12
2894384320,180035,2396,1457,939
2894384320,240057,3675,3015,660
2894384320,300058,3811,4055,-244
2894384320,360077,3463,4189,-726
2894384320,420112,4716,860,3856
2894384320,480117,2852,2335,517
2894384320,540139,3808,3075,733
2894384320,600168,2087,4100,-2013
2894384320,660182,2600,5443,-2843
2894384320,720214,3119,2206,913
2894384320,780246,1288,2821,-1533
2894384320,840267,3835,4232,-397
2894384320,900280,3793,4721,-928
2894384320,960300,2590,2793,-203
2894384320,1020304,4978,2030,2948
2894384320,1080326,4982,1963,3019
2894384320,1140336,2567,2826,-259
2894384320,1200338,2685,2734,-49
2894384320,1260348,4039,3172,867
2894384320,1320378,2568,4080,-1512
2894384320,1380383,3569,3619,-50
2894384320,1440413,7965,3441,4524
2894384320,1500443,5382,3473,1909
2894384320,1560453,9917,3230,6687
2894384320,1620453,11166,3337,7829
2894398616,0,2500,2500,0
2894398616,60001,0,0,0
2894398616,120031,516,425,91
2894398616,180074,2295,1169,1126
2894398616,240102,2545,2546,-1
2894398616,300108,4510,3301,1209
2894398616,360140,1771,3182,-1411
2894398616,420146,1800,1813,-13
2894398616,480155,5159,2589,2570
2894398616,540168,2713,3696,-983
2894398616,600182,2356,1880,476
2894398616,660197,3928,2777,1151
2894398616,720229,3088,2701,387
2894398616,780262,3535,4305,-770
2894398616,840284,2388,2032,356
2894398616,900296,3629,3242,387
2894398616,960329,3262,3516,-254
2894398616,1020360,5160,2783,2377
2894398616,1080382,6640,4099,2541
2894398616,1140388,2523,3349,-826
2894398616,1200406,2762,2650,112
2894398616,1260436,6261,2853,3408
2894398616,1320466,10097,3182,6915
2894398616,1380473,5622,3401,2221
2894398616,1440494,6589,5599,990
2894398616,1500507,5494,2291,3203
2894398616,1560519,4891,3026,1865
2894398616,1620519,6709,2254,4455
2894442766,0,2500,2500,0
2894442766,60017,0,539,-539
2894442766,120026,363,632,-269
2894442766,180070,1500,1995,-495
2894442766,240087,2485,3265,-780
2894442766,300091,2847,4601,-1754
2894442766,360116,3460,2879,581
2894442766,420116,4699,1141,3558
2894442766,480147,3688,2840,848
2894442766,540151,2293,3637,-1344
2894442766,600159,4247,4176,71
2894442766,660183,4685,1898,2787
2894442766,720183,3059,5049,-1990
2894442766,780211,4909,1882,3027
2894442766,840241,4360,2872,1488
2894442766,900256,4298,3328,970
2894442766,960266,3265,1824,1441
2894442766,1020294,3941,2247,1694
2894442766,1080296,5855,3010,2845
2894442766,1140321,11310,2309,9001
2894442766,1200335,1820,4424,-2604
2894442766,1260366,2862,4596,-1734
2894442766,1320375,6719,7153,-434
2894442766,1380379,3823,5181,-1358
2894442766,1440390,2856,7144,-4288
2894442766,1500404,4978,3848,1130
2894442766,1560414,6173,3969,2204
2894442766,1620431,9517,3622,5895
2894450603,0,2500,2500,0
2894450603,60012,0,0,0
2894450603,120041,414,347,67
2894450603,180076,1810,1624,186
2894450603,240105,3342,2928,414
2894450603,300106,4855,3643,1212
2894450603,360134,3064,3638,-574
2894450603,420137,2487,2076,411
2894450603,480169,3176,2444,732
2894450603,540179,4141,3520,621
2894450603,600184,2835,3771,-936
2894450603,660198,1932,3231,-1299
2894450603,720222,3880,2988,892
2894450603,780249,3542,3466,76
2894450603,840272,4011,3447,564
2894450603,900298,7986,3420,4566
2894450603,960310,1644,3553,-1909
2894450603,1020322,4029,4507,-478
2894450603,1080347,4212,5708,-1496
2894450603,1140353,3385,4243,-858
2894450603,1200384,4808,3688,1120
2894450603,1260412,4965,4985,-20
2894450603,1320429,5767,3580,2187
2894450603,1380436,5477,4217,1260
2894450603,1440437,5667,5964,-297
2894450603,1500443,4401,6975,-2574
2894450603,1560464,2811,5033,-2222
2894450603,1620486,6586,4812,1774
2894462188,0,2500,2500,0
2894462188,60005,500,5,495
2894462188,120034,1203,382,821
2894462188,180063,1162,2405,-1243
2894462188,240064,2323,2322,1
2894462188,300067,2034,2939,-905
2894462188,360095,3469,2102,1367
2894462188,420124,1392,3164,-1772
2894462188,480153,2587,1561,1026
2894462188,540186,4383,2073,2310
2894462188,600196,1747,2385,-638
2894462188,660217,3752,3018,734
2894462188,720240,5970,2564,3406
2894462188,780271,8233,4049,4184
2894462188,840273,2984,2347,637
2894462188,900297,5025,2745,2280
2894462188,960301,6972,6639,333
2894462188,1020322,2336,3528,-1192
2894462188,1080334,4944,2548,2396
2894462188,1140361,3569,3881,-312
2894462188,1200363,6751,2268,4483
2894462188,1260374,3931,2439,1492
2894462188,1320405,7694,2369,5325
2894462188,1380428,3083,4532,-1449
2894462188,1440429,4848,4209,639
2894462188,1500443,3729,3255,474
2894462188,1560458,5528,1320,4208
2894462188,1620458,8835,961,7874
2894488040,0,2500,2500,0
2894488040,60017,0,0,0
2894488040,120050,269,880,-611
2894488040,180091,1221,2253,-1032
2894488040,240123,2459,2449,10
2894488040,300133,3127,3067,60
2894488040,360136,1305,3073,-1768
2894488040,420166,2659,1662,997
2894488040,480171,4119,2140,1979
2894488040,540201,2732,2613,119
2894488040,600202,3987,2700,1287
2894488040,660216,4332,1880,2452
2894488040,720227,3672,2346,1326
2894488040,780260,3521,2702,819
2894488040,840286,4292,3664,628
2894488040,900319,5482,1990,3492
2894488040,960339,4073,3219,854
2894488040,1020339,7035,2511,4524
2894488040,1080350,3735,4490,-755
2894488040,1140371,4620,3824,796
2894488040,1200387,3875,3043,832
2894488040,1260403,2466,4753,-2287
2894488040,1320426,7224,1545,5679
2894488040,1380434,5746,2858,2888
2894488040,1440449,5263,2070,3193
2894488040,1500453,2486,1251,1235
2894488040,1560486,5709,2923,2786
2894488040,1620486,6921,2845,4076
2894516737,0,2500,2500,0
2894516737,60006,0,0,0
2894516737,120007,754,303,451
2894516737,180033,2242,1621,621
2894516737,240052,2613,3760,-1147
2894516737,300082,2665,535,2130
2894516737,360112,4627,1608,3019
2894516737,420120,3212,2483,729
2894516737,480128,2531,2000,531
2894516737,540128,4100,2502,1598
2894516737,600137,3752,2025,1727
2894516737,660148,4024,2069,1955
2894516737,720149,2783,2036,747
2894516737,780162,3059,3327,-268
2894516737,840192,2095,1529,566
2894516737,900206,3936,2302,1634
2894516737,960207,3676,2107,1569
2894516737,1020223,5293,1936,3357
2894516737,1080250,5917,2563,3354
2894516737,1140269,3146,1393,1753
2894516737,1200283,6296,3895,2401
2894516737,1260285,1910,2652,-742
2894516737,1320317,1994,4006,-2012
2894516737,1380321,4884,2369,2515
2894516737,1440333,8631,2436,6195
2894516737,1500355,7363,4169,3194
2894516737,1560386,6570,2023,4547
2894516737,1620386,9204,2128,7076
2894520361,0,2500,2500,0
2894520361,60011,0,546,-546
2894520361,120018,479,630,-151
2894520361,180025,1759,2058,-299
2894520361,240055,1843,1423,420
2894520361,300057,1378,2861,-1483
2894520361,360059,1350,4547,-3197
2894520361,420102,1996,1486,510
2894520361,480110,3242,2311,931
2894520361,540124,4445,2876,1569
2894520361,600155,6155,2604,3551
2894520361,660160,4553,4062,491
2894520361,720180,1726,2246,-520
2894520361,780190,2373,3775,-1402
2894520361,840218,3617,1756,1861
2894520361,900220,4020,2959,1061
2894520361,960245,4378,3589,789
2894520361,1020254,6017,5237,780
2894520361,1080261,4300,1231,3069
2894520361,1140286,1499,1842,-343
2894520361,1200302,4024,1538,2486
2894520361,1260328,3388,3084,304
2894520361,1320347,5909,4312,1597
2894520361,1380353,6649,9081,-2432
2894520361,1440356,5508,1701,3807
2894520361,1500358,4517,1374,3143
2894520361,1560388,7596,1601,5995
2894520361,1620388,7379,763,6616
2894527174,0,2500,2500,0
2894527174,60025,0,0,0
2894527174,120057,388,398,-10
2894527174,180067,937,2382,-1445
2894527174,240075,1567,3116,-1549
2894527174,300093,2652,1491,1161
2894527174,360100,3164,2361,803
2894527174,420121,2414,2359,55
2894527174,480142,2779,2677,102
2894527174,540158,5069,2523,2546
2894527174,600172,2645,2370,275
2894527174,660186,2466,2739,-273
2894527174,720192,3051,1867,1184
2894527174,780206,3261,2607,654
2894527174,840211,3583,2292,1291
2894527174,900237,4184,3486,698
2894527174,960259,3578,2616,962
2894527174,1020280,4456,3126,1330
2894527174,1080282,4756,3191,1565
2894527174,1140298,5499,2815,2684
2894527174,1200322,6552,2603,3949
2894527174,1260323,3254,3868,-614
2894527174,1320353,4756,2893,1863
2894527174,1380369,6946,4079,2867
2894527174,1440390,2703,4125,-1422
2894527174,1500415,3960,4175,-215
2894527174,1560418,7375,2157,5218
2894527174,1620418,9546,1904,7642
2894531637,0,2500,2500,0
2894531637,60010,15,20,-5
2894531637,120013,385,295,90
2894531637,180014,1816,1660,156
2894531637,240035,3161,2430,731
2894531637,300061,3773,2447,1326
2894531637,360065,1984,4065,-2081
2894531637,420077,1635,2143,-508
2894531637,480080,2683,3203,-520
2894531637,540103,4753,3735,1018
2894531637,600104,3854,3543,311
2894531637,660115,2100,2873,-773
2894531637,720118,3007,4052,-1045
2894531637,780158,4827,2975,1852
2894531637,840161,4513,3552,961
2894531637,900185,2781,3359,-578
2894531637,960189,4345,4159,186
2894531637,1020205,3393,4134,-741
2894531637,1080231,4693,1450,3243
2894531637,1140241,6303,1935,4368
2894531637,1200273,8937,1856,7081
2894531637,1260306,6113,2624,3489
2894531637,1320324,4862,3055,1807
2894531637,1380334,9120,3521,5599
2894531637,1440359,3239,3394,-155
2894531637,1500377,2566,3903,-1337
2894531637,1560388,6538,3200,3338
2894531637,1620399,10682,3538,7144
2894540717,0,2500,2500,0
2894540717,60017,5,0,5
2894540717,120025,426,459,-33
2894540717,180026,1868,1653,215
2894540717,240047,3991,2487,1504
2894540717,300059,1613,4671,-3058
2894540717,360092,1801,1103,698
2894540717,420106,3553,1369,2184
2894540717,480116,3220,1626,1594
2894540717,540118,2068,2014,54
2894540717,600123,3679,3260,419
2894540717,660134,3530,5140,-1610
2894540717,720146,3257,2531,726
2894540717,780193,1946,4474,-2528
2894540717,840216,3146,4291,-1145
2894540717,900224,3334,4370,-1036
2894540717,960246,2319,3028,-709
2894540717,1020268,3074,4845,-1771
2894540717,1080290,5959,2663,3296
2894540717,1140295,3483,1173,2310
2894540717,1200318,2410,3564,-1154
2894540717,1260338,4843,3641,1202
2894540717,1320371,6085,1477,4608
2894540717,1380377,4543,2034,2509
2894540717,1440380,4191,2689,1502
2894540717,1500400,4809,2732,2077
2894540717,1560433,8618,5760,2858
2894540717,1620433,7598,5181,2417
2894552311,0,2500,2500,0
2894552311,60018,0,0,0
2894552311,120034,396,939,-543
2894552311,180070,2253,1916,337
2894552311,240100,3785,2965,820
2894552311,300101,2706,3205,-499
2894552311,360107,1869,4462,-2593
2894552311,420110,3432,2263,1169
2894552311,480118,4879,2091,2788
2894552311,540137,1501,4047,-2546
2894552311,600155,3319,5319,-2000
2894552311,660185,3830,5292,-1462
2894552311,720209,5426,1791,3635
2894552311,780210,1893,2667,-774
2894552311,840242,4009,3709,300
2894552311,900245,2299,3930,-1631
2894552311,960252,2868,3454,-586
2894552311,1020280,5005,4868,137
2894552311,1080284,3959,1961,1998
2894552311,1140296,1967,3575,-1608
2894552311,1200320,4241,3010,1231
2894552311,1260321,4288,3964,324
2894552311,1320321,2888,3937,-1049
2894552311,1380350,4824,3260,1564
2894552311,1440372,7475,2970,4505
2894552311,1500374,5853,2421,3432
2894552311,1560399,6980,2363,4617
2894552311,1620399,6262,1342,4920
2894567590,0,7000,7000,0
2894567590,60005,100,595,-495
2894567590,120038,2567,3157,-590
2894567590,180049,4521,4222,299
2894567590,240079,2488,4607,-2119
2894567590,300099,5488,4746,742
2894567590,360100,3257,2527,730
2894567590,420100,2393,6195,-3802
2894567590,480104,3944,6733,-2789
2894567590,540105,4962,3880,1082
2894567590,600111,4214,5894,-1680
2894567590,660140,3209,7873,-4664
2894567590,720144,2408,10570,-8162
2894567590,780177,4011,4815,-804
2894567590,840178,3513,5542,-2029
2894567590,900210,2475,7344,-4869
2894567590,960224,5667,6169,-502
2894567590,1020241,3768,7125,-3357
2894567590,1080264,3756,8136,-4380
2894567590,1140279,4955,10177,-5222
2894567590,1200309,2215,10768,-8553
2894567590,1260334,4789,10184,-5395
2894567590,1320336,7624,9415,-1791
2894567590,1380337,3513,10575,-7062
2894567590,1440358,6171,13737,-7566
2894567590,1500377,4950,14168,-9218
2894567590,1560410,8631,13390,-4759
2894567590,1620410,10119,15007,-4888
2894603431,0,7000,7000,0
2894603431,60004,100,0,100
2894603431,120008,2378,2070,308
2894603431,180044,4833,4335,498
2894603431,240074,6892,2351,4541
2894603431,300081,7343,2270,5073
2894603431,360086,4668,4883,-215
2894603431,420090,7320,3648,3672
2894603431,480107,8895,4416,4479
2894603431,540123,1970,4729,-2759
2894603431,600129,6170,2368,3802
2894603431,660140,5601,5162,439
2894603431,720159,5467,4117,1350
2894603431,780160,3894,2505,1389
2894603431,840166,2942,3518,-576
2894603431,900168,4562,4615,-53
2894603431,960173,6692,4612,2080
2894603431,1020191,8095,7119,976
2894603431,1080210,2894,4036,-1142
2894603431,1140216,5404,6912,-1508
2894603431,1200248,6267,4069,2198
2894603431,1260274,7838,4532,3306
2894603431,1320300,3941,6654,-2713
2894603431,1380303,5465,2879,2586
2894603431,1440326,2665,7551,-4886
2894603431,1500329,7215,4630,2585
2894603431,1560356,6455,5663,792
2894603431,1620356,2987,4994,-2007
2894615099,0,2500,2500,0
2894615099,60021,0,0,0
2894615099,120031,353,506,-153
2894615099,180068,1559,1958,-399
2894615099,240069,1126,3694,-2568
2894615099,300097,1037,6681,-5644
2894615099,360106,2102,3912,-1810
2894615099,420108,3595,3282,313
2894615099,480122,4397,2094,2303
2894615099,540145,945,2838,-1893
2894615099,600146,2690,4351,-1661
2894615099,660168,5821,3955,1866
2894615099,720190,4304,1986,2318
2894615099,780216,2927,2925,2
2894615099,840227,3655,2723,932
2894615099,900241,3978,3310,668
2894615099,960272,3188,1185,2003
2894615099,1020280,2342,1806,536
2894615099,1080305,4411,1588,2823
2894615099,1140334,6110,2923,3187
2894615099,1200348,5933,2537,3396
2894615099,1260369,3919,1902,2017
2894615099,1320391,5481,2103,3378
2894615099,1380417,2758,4734,-1976
2894615099,1440437,1797,2387,-590
2894615099,1500438,4338,2625,1713
2894615099,1560452,6664,3746,2918
2894615099,1620452,10130,2184,7946
2894630835,0,2500,2500,0
2894630835,60007,0,0,0
2894630835,120011,390,390,0
2894630835,180040,3032,1339,1693
2894630835,240063,2867,1706,1161
2894630835,300099,3230,2144,1086
2894630835,360107,3124,1532,1592
2894630835,420121,3237,2380,857
2894630835,480141,3173,2801,372
2894630835,540156,5069,2783,2286
2894630835,600171,2376,3611,-1235
2894630835,660192,3590,4316,-726
2894630835,720200,5930,1587,4343
2894630835,780225,2630,1962,668
2894630835,840258,2035,3442,-1407
2894630835,900286,4777,2569,2208
2894630835,960291,3489,3386,103
2894630835,1020316,4919,3740,1179
2894630835,1080334,5504,2296,3208
2894630835,1140366,2952,2790,162
2894630835,1200382,3044,4227,-1183
2894630835,1260413,2518,3747,-1229
2894630835,1320423,4269,3319,950
2894630835,1380454,5321,2550,2771
2894630835,1440471,5502,1563,3939
2894630835,1500488,5014,2702,2312
2894630835,1560503,5294,4382,912
2894630835,1620503,3914,3056,858
2894668048,0,2500,2500,0
2894668048,60001,0,0,0
2894668048,120003,373,951,-578
2894668048,180003,1795,1871,-76
2894668048,240006,2478,2695,-217
2894668048,300026,3138,4169,-1031
2894668048,360030,2309,4091,-1782
2894668048,420045,3734,1956,1778
2894668048,480050,2254,1152,1102
2894668048,540065,3273,2959,314
2894668048,600078,1175,3381,-2206
2894668048,660094,3708,1464,2244
2894668048,720098,3099,2897,202
2894668048,780109,1713,1243,470
2894668048,840110,3833,2036,1797
2894668048,900113,1941,4744,-2803
2894668048,960129,3746,898,2848
2894668048,1020146,3436,2791,645
2894668048,1080152,2018,2578,-560
2894668048,1140169,3676,1861,1815
2894668048,1200199,2576,3126,-550
2894668048,1260218,5183,4156,1027
2894668048,1320223,5845,2023,3822
2894668048,1380225,7068,2576,4492
2894668048,1440254,5357,2378,2979
2894668048,1500260,10969,3128,7841
2894668048,1560261,9788,1642,8146
2894668048,1620261,9565,1684,7881
2894672939,0,2500,2500,0
2894672939,60001,0,0,0
2894672939,120018,553,440,113
2894672939,180029,1584,2126,-542
2894672939,240043,2671,3444,-773
2894672939,300055,1814,3996,-2182
2894672939,360077,2224,1891,333
2894672939,420122,2462,1567,895
2894672939,480126,2016,3328,-1312
2894672939,540155,4207,825,3382
2894672939,600169,4182,1184,2998
2894672939,660191,5138,3342,1796
2894672939,720211,1204,2723,-1519
2894672939,780230,3273,2991,282
2894672939,840239,5063,4533,530
2894672939,900261,3734,2119,1615
2894672939,960288,2587,1428,1159
2894672939,1020306,3832,3030,802
2894672939,1080338,4267,2939,1328
2894672939,1140347,6555,2894,3661
2894672939,1200357,3500,4977,-1477
2894672939,1260369,5887,2597,3290
2894672939,1320381,3424,4496,-1072
2894672939,1380390,2973,3009,-36
2894672939,1440392,4934,2289,2645
2894672939,1500413,3924,3379,545
2894672939,1560445,6057,2938,3119
2894672939,1620445,9218,2622,6596
2894687196,0,2500,2500,0
2894687196,60005,0,0,0
2894687196,120007,433,440,-7
2894687196,180015,1757,1797,-40
2894687196,240028,3785,1549,2236
2894687196,300059,2219,1821,398
2894687196,360064,1715,2015,-300
2894687196,420096,2590,2331,259
2894687196,480121,4319,2552,1767
2894687196,540153,3217,3146,71
2894687196,600174,1910,2041,-131
2894687196,660174,3403,3448,-45
2894687196,720201,2464,3010,-546
2894687196,780226,3348,1988,1360
2894687196,840231,6234,2098,4136
2894687196,900237,2990,1792,1198
2894687196,960264,5755,2954,2801
2894687196,1020265,6328,4354,1974
2894687196,1080285,5020,2388,2632
2894687196,1140312,1582,3421,-1839
2894687196,1200333,3261,4548,-1287
2894687196,1260346,7407,1295,6112
2894687196,1320398,2804,3178,-374
2894687196,1380428,2732,3319,-587
2894687196,1440434,995,3610,-2615
2894687196,1500437,5290,3209,2081
2894687196,1560460,6984,4568,2416
2894687196,1620460,7223,4242,2981
2894692052,0,2500,2500,0
2894692052,60003,0,0,0
2894692052,120030,398,522,-124
2894692052,180041,1491,2335,-844
2894692052,240073,2539,2613,-74
2894692052,300114,2289,2444,-155
2894692052,360140,1375,1904,-529
2894692052,420172,2183,2651,-468
2894692052,480175,2990,2660,330
2894692052,540202,2547,2962,-415
2894692052,600213,4359,5313,-954
2894692052,660237,5614,1306,4308
2894692052,720243,3922,1748,2174
2894692052,780269,5428,3409,2019
2894692052,840275,4057,2332,1725
2894692052,900303,2555,3820,-1265
2894692052,960322,2107,4499,-2392
2894692052,1020336,4127,4752,-625
2894692052,1080349,4453,2410,2043
2894692052,1140379,2022,4240,-2218
2894692052,1200385,3012,3250,-238
2894692052,1260401,4892,3431,1461
2894692052,1320409,8738,3183,5555
2894692052,1380416,5753,3832,1921
2894692052,1440430,4490,2419,2071
2894692052,1500437,5250,3271,1979
2894692052,1560468,4888,3158,1730
2894692052,1620468,5555,2820,2735
2894700541,0,2500,2500,0
2894700541,60024,0,0,0
2894700541,120029,337,379,-42
2894700541,180044,2427,1768,659
2894700541,240071,3798,2833,965
2894700541,300089,4437,4306,131
2894700541,360111,6746,3301,3445
2894700541,420133,2265,2180,85
2894700541,480159,1755,2931,-1176
2894700541,540192,3277,5242,-1965
2894700541,600202,3152,1968,1184
2894700541,660205,3252,3312,-60
2894700541,720205,1724,3533,-1809
2894700541,780224,4376,2819,1557
2894700541,840228,3259,3773,-514
2894700541,900256,4995,3484,1511
2894700541,960277,3577,3324,253
2894700541,1020303,4275,3481,794
2894700541,1080314,3586,4326,-740
2894700541,1140332,2614,2841,-227
2894700541,1200361,6031,1627,4404
2894700541,1260372,8886,2090,6796
2894700541,1320384,3780,3053,727
2894700541,1380398,3782,4196,-414
2894700541,1440416,4895,3877,1018
2894700541,1500417,3834,2675,1159
2894700541,1560446,3913,4221,-308
2894700541,1620446,1882,2992,-1110
2894701551,0,2500,2500,0
2894701551,60012,0,0,0
2894701551,120025,393,387,6
2894701551,180038,1686,2364,-678
2894701551,240064,2509,2741,-232
2894701551,300071,4252,1917,2335
2894701551,360092,1432,2310,-878
2894701551,420095,1906,2354,-448
2894701551,480127,1915,3062,-1147
2894701551,540148,2246,3201,-955
2894701551,600166,5062,4673,389
2894701551,660193,3281,3803,-522
2894701551,720217,3467,2284,1183
2894701551,780227,2542,3002,-460
2894701551,840235,2319,1314,1005
2894701551,900244,5247,2613,2634
2894701551,960249,5934,2674,3260
2894701551,1020249,1755,4630,-2875
2894701551,1080258,4103,4004,99
2894701551,1140258,4561,2419,2142
2894701551,1200290,8124,1829,6295
2894701551,1260320,10101,2482,7619
2894701551,1320338,5726,3716,2010
2894701551,1380343,7684,2010,5674
2894701551,1440348,4405,2857,1548
2894701551,1500380,5737,2247,3490
2894701551,1560408,5123,3796,1327
2894701551,1620408,5604,3528,2076
2894758704,0,2500,2500,0
2894758704,60028,0,0,0
2894758704,120036,444,460,-16
2894758704,180043,1851,1901,-50
2894758704,240046,3466,2879,587
2894758704,300074,2096,2280,-184
2894758704,360089,3115,1707,1408
2894758704,420092,3059,2892,167
2894758704,480123,3264,3889,-625
2894758704,540184,2555,1608,947
2894758704,600191,3841,2998,843
2894758704,660217,3647,4966,-1319
2894758704,720236,5358,2161,3197
2894758704,780264,4480,1282,3198
2894758704,840286,3315,1576,1739
2894758704,900303,4791,2866,1925
2894758704,960325,6473,5877,596
2894758704,1020356,2640,3621,-981
2894758704,1080383,2778,1933,845
2894758704,1140404,3651,1886,1765
2894758704,1200417,4555,3872,683
2894758704,1260422,8119,3733,4386
2894758704,1320429,1548,4649,-3101
2894758704,1380446,3421,6869,-3448
2894758704,1440471,2662,3531,-869
2894758704,1500497,2608,4049,-1441
2894758704,1560530,6892,3380,3512
2894758704,1620530,7263,3142,4121
2894823394,0,7000,7000,0
2894823394,60020,400,100,300
2894823394,120049,2481,2262,219
2894823394,180078,4758,4489,269
2894823394,240081,4855,5226,-371
2894823394,300110,3538,7712,-4174
2894823394,360113,4591,8716,-4125
2894823394,420143,5002,5459,-457
2894823394,480175,4472,4396,76
2894823394,540203,1516,3697,-2181
2894823394,600229,3275,5960,-2685
2894823394,660232,3087,7933,-4846
2894823394,720262,2818,7439,-4621
2894823394,780294,6641,2021,4620
2894823394,840300,2882,5583,-2701
2894823394,900306,5668,2865,2803
2894823394,960320,8687,3841,4846
2894823394,1020332,8653,3649,5004
2894823394,1080350,2600,8395,-5795
2894823394,1140382,3725,6956,-3231
2894823394,1200414,5327,10229,-4902
2894823394,1260417,6442,7978,-1536
2894823394,1320444,7055,10958,-3903
2894823394,1380453,6327,5893,434
2894823394,1440461,5854,6264,-410
2894823394,1500488,7886,6774,1112
2894823394,1560492,11548,9592,1956
2894823394,1620492,12971,7956,5015
2894841155,0,2500,2500,0
2894841155,60007,0,0,0
2894841155,120039,462,405,57
2894841155,180071,2046,1739,307
2894841155,240091,3252,2979,273
2894841155,300123,2689,1679,1010
2894841155,360126,2747,1387,1360
2894841155,420129,1905,2356,-451
2894841155,480153,3563,1331,2232
2894841155,540168,3682,2891,791
2894841155,600178,3540,2494,1046
2894841155,660196,5917,2684,3233
2894841155,720227,2572,3011,-439
2894841155,780231,3332,3166,166
2894841155,840245,4284,1799,2485
2894841155,900271,3603,3033,570
2894841155,960277,3998,1751,2247
2894841155,1020288,3040,2396,644
2894841155,1080318,3085,4164,-1079
2894841155,1140333,3711,2463,1248
2894841155,1200336,5444,3595,1849
2894841155,1260359,1247,2306,-1059
2894841155,1320384,4034,3797,237
2894841155,1380398,6461,1758,4703
2894841155,1440425,3965,3063,902
2894841155,1500446,5188,4116,1072
2894841155,1560467,5773,2134,3639
2894841155,1620467,6700,2476,4224
2894859998,0,2500,2500,0
2894859998,60012,0,500,-500
2894859998,120023,884,451,433
2894859998,180033,2330,1598,732
2894859998,240042,4053,2879,1174
2894859998,300057,3717,3660,57
2894859998,360081,3422,1673,1749
2894859998,420109,2325,2584,-259
2894859998,480118,3501,3098,403
2894859998,540165,4124,2992,1132
2894859998,600176,4957,3793,1164
2894859998,660179,1306,3525,-2219
2894859998,720188,3026,3740,-714
2894859998,780207,4755,3865,890
2894859998,840230,1273,2694,-1421
2894859998,900252,4169,3393,776
2894859998,960263,1252,3317,-2065
2894859998,1020263,3371,1678,1693
2894859998,1080279,5958,1584,4374
2894859998,1140309,8854,2325,6529
2894859998,1200315,4469,2570,1899
2894859998,1260343,7996,3015,4981
2894859998,1320352,3600,3669,-69
2894859998,1380374,4880,2570,2310
2894859998,1440374,5939,2835,3104
2894859998,1500377,7548,2522,5026
2894859998,1560397,10769,2492,8277
2894859998,1620397,11095,2537,8558
2894872338,0,2500,2500,0
2894872338,60017,0,0,0
2894872338,120023,384,411,-27
2894872338,180063,1764,1783,-19
2894872338,240069,2346,2917,-571
2894872338,300086,3042,4388,-1346
2894872338,360086,4747,4277,470
2894872338,420116,1342,1354,-12
2894872338,480117,3359,1917,1442
2894872338,540149,3652,3260,392
2894872338,600178,4449,3161,1288
2894872338,660205,3854,4388,-534
2894872338,720238,5663,5080,583
2894872338,780242,3727,4897,-1170
2894872338,840245,3491,4059,-568
2894872338,900261,3811,3376,435
2894872338,960283,4177,2561,1616
2894872338,1020305,4001,1840,2161
2894872338,1080321,3971,3901,70
2894872338,1140350,2358,6297,-3939
2894872338,1200370,6224,3642,2582
2894872338,1260378,2817,2450,367
2894872338,1320380,4597,4625,-28
2894872338,1380408,3693,5395,-1702
2894872338,1440408,4593,2930,1663
2894872338,1500438,2402,3169,-767
2894872338,1560468,4015,3519,496
2894872338,1620468,5411,4012,1399
2894901429,0,2500,2500,0
2894901429,60013,0,539,-539
2894901429,120028,437,944,-507
2894901429,180066,1889,2194,-305
2894901429,240069,3360,3410,-50
2894901429,300073,1920,4084,-2164
2894901429,360080,3237,3129,108
2894901429,420108,4359,2283,2076
2894901429,480125,800,2628,-1828
2894901429,540150,2737,1496,1241
2894901429,600172,3444,2452,992
2894901429,660192,2603,4083,-1480
2894901429,720196,4431,2828,1603
2894901429,780203,3923,3137,786
2894901429,840224,5425,3924,1501
2894901429,900253,7955,3819,4136
2894901429,960267,3517,1845,1672
2894901429,1020279,4355,2718,1637
2894901429,1080285,3431,4043,-612
2894901429,1140302,4557,3422,1135
2894901429,1200325,3876,4353,-477
2894901429,1260331,2163,1884,279
2894901429,1320363,6218,2314,3904
2894901429,1380387,2932,6312,-3380
2894901429,1440416,2939,2673,266
2894901429,1500420,5335,4209,1126
2894901429,1560434,6151,3791,2360
2894901429,1620434,7726,1394,6332
2894909581,0,2500,2500,0
2894909581,60008,0,0,0
2894909581,120013,384,496,-112
2894909581,180043,2298,1610,688
2894909581,240073,1720,3365,-1645
2894909581,300103,2541,1584,957
2894909581,360134,2667,1979,688
2894909581,420144,3936,2041,1895
2894909581,480174,3670,2823,847
2894909581,540204,2060,2544,-484
2894909581,600210,2834,2147,687
2894909581,660233,2786,2353,433
2894909581,720258,3802,2676,1126
2894909581,780280,2882,3487,-605
2894909581,840292,4317,2804,1513
2894909581,900294,1925,2115,-190
2894909581,960299,2640,3157,-517
2894909581,1020326,5184,2407,2777
2894909581,1080332,5991,4283,1708
2894909581,1140348,997,3466,-2469
2894909581,1200354,3783,3930,-147
2894909581,1260361,3536,2878,658
2894909581,1320381,3757,2112,1645
2894909581,1380404,2510,2404,106
2894909581,1440424,4114,3234,880
2894909581,1500449,2981,2312,669
2894909581,1560474,3023,5127,-2104
2894909581,1620474,6076,3574,2502
2894921131,0,2500,2500,0
2894921131,60016,500,0,500
2894921131,120019,411,402,9
2894921131,180023,1682,2396,-714
2894921131,240039,2865,2270,595
2894921131,300047,613,2431,-1818
2894921131,360074,1934,1499,435
2894921131,420095,3298,3134,164
2894921131,480112,2281,3589,-1308
2894921131,540128,3673,2160,1513
2894921131,600139,3384,2964,420
2894921131,660155,4722,4924,-202
2894921131,720164,1593,3214,-1621
2894921131,780167,2902,3641,-739
2894921131,840182,2554,6268,-3714
2894921131,900210,2979,2367,612
2894921131,960219,2824,4058,-1234
2894921131,1020234,2029,2850,-821
2894921131,1080244,5390,4259,1131
2894921131,1140245,2976,2080,896
2894921131,1200273,2349,5304,-2955
2894921131,1260275,7014,2189,4825
2894921131,1320289,3060,1881,1179
2894921131,1380325,8830,1536,7294
2894921131,1440336,2838,2622,216
2894921131,1500351,7589,2869,4720
2894921131,1560356,2956,2480,476
2894921131,1620356,5710,3490,2220
2894925101,0,2500,2500,0
2894925101,60002,0,0,0
2894925101,120031,376,380,-4
2894925101,180066,2329,1393,936
2894925101,240096,1839,1711,128
2894925101,300101,3466,2275,1191
2894925101,360131,3468,1118,2350
2894925101,420143,1396,3542,-2146
2894925101,480147,1962,938,1024
2894925101,540174,4114,2605,1509
2894925101,600194,5484,2903,2581
2894925101,660202,4109,3411,698
2894925101,720225,4263,3871,392
2894925101,780232,3766,4224,-458
2894925101,840256,5854,908,4946
2894925101,900287,2431,2185,246
2894925101,960311,4321,3700,621
2894925101,1020335,5093,2461,2632
2894925101,1080365,3376,1674,1702
2894925101,1140372,2329,2437,-108
2894925101,1200404,6561,543,6018
2894925101,1260424,3149,4650,-1501
2894925101,1320427,4392,5073,-681
2894925101,1380441,5815,3870,1945
2894925101,1440484,5552,3357,2195
2894925101,1500485,2083,2984,-901
2894925101,1560509,5150,1174,3976
2894925101,1620509,5262,759,4503
2894927551,0,2500,2500,0
2894927551,60019,500,0,500
2894927551,120047,425,918,-493
2894927551,180078,2125,2197,-72
2894927551,240090,2955,2996,-41
2894927551,300123,1317,1369,-52
2894927551,360152,1603,3648,-2045
2894927551,420152,2133,853,1280
2894927551,480183,2364,3284,-920
2894927551,540186,2858,4283,-1425
2894927551,600197,2864,1842,1022
2894927551,660206,3395,3357,38
2894927551,720220,3932,1500,2432
2894927551,780233,2180,3052,-872
2894927551,840252,1132,2009,-877
2894927551,900255,5391,2575,2816
2894927551,960261,5383,3580,1803
2894927551,1020288,3682,2806,876
2894927551,1080289,6205,3072,3133
2894927551,1140297,750,1501,-751
2894927551,1200309,2528,3683,-1155
2894927551,1260312,2155,1842,313
2894927551,1320324,1309,4418,-3109
2894927551,1380332,2371,2875,-504
2894927551,1440351,4336,2114,2222
2894927551,1500376,5403,2132,3271
2894927551,1560385,2931,2962,-31
2894927551,1620385,5349,1808,3541
2894932634,0,2500,2500,0
2894932634,60013,30,25,5
2894932634,120018,430,438,-8
2894932634,180050,1818,1379,439
2894932634,240054,1471,1453,18
2894932634,300067,3256,2970,286
2894932634,360072,3233,3447,-214
2894932634,420085,2711,3387,-676
2894932634,480098,2325,3252,-927
2894932634,540103,3173,2268,905
2894932634,600133,3858,3680,178
2894932634,660137,2470,2703,-233
2894932634,720139,4128,2060,2068
2894932634,780149,3231,4034,-803
2894932634,840177,4009,1518,2491
2894932634,900192,5701,2565,3136
2894932634,960215,8743,1926,6817
2894932634,1020237,2410,4104,-1694
2894932634,1080245,2987,2995,-8
2894932634,1140271,3459,4368,-909
2894932634,1200288,8100,1579,6521
2894932634,1260303,7357,3059,4298
2894932634,1320334,2114,2658,-544
2894932634,1380366,3353,3066,287
2894932634,1440382,2462,5325,-2863
2894932634,1500411,3671,2590,1081
2894932634,1560411,8316,1226,7090
2894932634,1620411,9259,1105,8154
2894952185,0,2500,2500,0
2894952185,60024,15,10,5
2894952185,120029,378,406,-28
2894952185,180032,1603,1848,-245
2894952185,240063,1932,2192,-260
2894952185,300064,2728,3594,-866
2894952185,360074,3814,2641,1173
2894952185,420077,2024,2418,-394
2894952185,480092,4448,3786,662
2894952185,540107,2394,4441,-2047
2894952185,600112,3655,2534,1121
2894952185,660123,4451,1741,2710
2894952185,720140,2815,3345,-530
2894952185,780156,3243,6358,-3115
2894952185,840162,2921,5655,-2734
2894952185,900185,4643,1533,3110
2894952185,960188,4907,1946,2961
2894952185,1020200,6522,4600,1922
2894952185,1080201,5725,1978,3747
2894952185,1140225,4730,4828,-98
2894952185,1200230,3542,5077,-1535
2894952185,1260271,3705,3277,428
2894952185,1320272,3656,5388,-1732
2894952185,1380287,2646,4154,-1508
2894952185,1440309,3255,4379,-1124
2894952185,1500342,6098,1606,4492
2894952185,1560355,1958,3264,-1306
2894952185,1620355,5050,1800,3250
2894960394,0,2500,2500,0
2894960394,60024,0,0,0
2894960394,120026,327,408,-81
2894960394,180060,1620,1954,-334
2894960394,240092,2904,1737,1167
2894960394,300102,1532,3165,-1633
2894960394,360108,2885,2419,466
2894960394,420118,4454,3038,1416
2894960394,480121,3992,3060,932
2894960394,540132,2720,2294,426
2894960394,600154,3857,2089,1768
2894960394,660158,3990,4328,-338
2894960394,720171,2503,2579,-76
2894960394,780179,3741,1764,1977
2894960394,840205,6585,3550,3035
2894960394,900233,5621,4111,1510
2894960394,960238,3930,3693,237
2894960394,1020268,3000,3439,-439
2894960394,1080285,2961,1045,1916
2894960394,1140286,4361,2287,2074
2894960394,1200314,5653,4608,1045
2894960394,1260336,3021,4390,-1369
2894960394,1320340,6121,1477,4644
2894960394,1380367,4933,3060,1873
2894960394,1440369,1688,2945,-1257
2894960394,1500394,3520,3334,186
2894960394,1560409,4769,3757,1012
2894960394,1620439,6238,5822,416
2894972741,0,2500,2500,0
2894972741,60002,10,0,10
2894972741,120007,404,321,83
2894972741,180038,1716,1611,105
2894972741,240069,1770,1728,42
2894972741,300073,2155,2541,-386
2894972741,360083,2405,3932,-1527
2894972741,420107,3868,2923,945
2894972741,480132,3983,1950,2033
2894972741,540150,4576,3313,1263
2894972741,600154,1821,1190,631
2894972741,660172,5646,1848,3798
2894972741,720190,3037,2883,154
2894972741,780193,4961,2720,2241
2894972741,840204,3062,1223,1839
2894972741,900236,3071,3060,11
2894972741,960246,4455,3810,645
2894972741,1020271,2169,3590,-1421
2894972741,1080294,5041,2138,2903
2894972741,1140305,4163,3860,303
2894972741,1200327,4953,2516,2437
2894972741,1260334,2364,2436,-72
2894972741,1320354,5465,2726,2739
2894972741,1380361,6694,3346,3348
2894972741,1440376,2873,2830,43
2894972741,1500403,3618,4211,-593
2894972741,1560416,4899,2321,2578
2894972741,1620416,6981,2952,4029
2894997093,0,2500,2500,0
2894997093,60003,550,0,550
2894997093,120004,965,382,583
2894997093,180033,3002,1626,1376
2894997093,240046,3309,2615,694
2894997093,300075,5328,1676,3652
2894997093,360083,3116,2909,207
2894997093,420086,3007,3513,-506
2894997093,480093,4733,2915,1818
2894997093,540097,2221,2001,220
2894997093,600107,3867,1510,2357
2894997093,660117,3978,2921,1057
2894997093,720136,3596,2161,1435
2894997093,780137,3461,2202,1259
2894997093,840137,1928,4766,-2838
2894997093,900187,3913,1053,2860
2894997093,960215,4349,1913,2436
2894997093,1020235,6916,2347,4569
2894997093,1080263,4570,2309,2261
2894997093,1140274,5035,3570,1465
2894997093,1200276,9563,1796,7767
2894997093,1260278,2633,1746,887
2894997093,1320302,2518,2992,-474
2894997093,1380307,3635,1128,2507
2894997093,1440320,5765,2582,3183
2894997093,1500336,8107,2485,5622
2894997093,1560350,3252,3825,-573
2894997093,1620350,4657,2724,1933
2895020901,0,2500,2500,0
2895020901,60020,0,30,-30
2895020901,120052,350,235,115
2895020901,180061,2439,1536,903
2895020901,240080,1759,1606,153
2895020901,300086,3534,3014,520
2895020901,360096,2023,3012,-989
2895020901,420121,2890,1483,1407
2895020901,480125,2653,1645,1008
2895020901,540134,4053,3021,1032
2895020901,600147,1326,1297,29
2895020901,660174,2861,2769,92
2895020901,720191,2895,1325,1570
2895020901,780210,4519,3098,1421
2895020901,840233,4583,5350,-767
2895020901,900246,4141,5254,-1113
2895020901,960260,4815,3449,1366
2895020901,1020264,4892,1403,3489
2895020901,1080278,6487,3048,3439
2895020901,1140290,4649,2756,1893
2895020901,1200300,2746,1308,1438
2895020901,1260311,3904,3254,650
2895020901,1320330,3901,4577,-676
2895020901,1380350,3349,1002,2347
2895020901,1440367,5258,3428,1830
2895020901,1500388,5190,2713,2477
2895020901,1560395,5146,3071,2075
2895020901,1620395,9627,4082,5545
2895038419,0,2500,2500,0
2895038419,60007,0,0,0
2895038419,120017,507,557,-50
2895038419,180034,1833,1799,34
2895038419,240062,2746,2444,302
2895038419,300080,3584,3822,-238
2895038419,360082,1620,1768,-148
2895038419,420089,1890,1980,-90
2895038419,480092,3174,2857,317
2895038419,540092,2638,3528,-890
2895038419,600113,3271,2556,715
2895038419,660140,4399,1289,3110
2895038419,720167,4495,2451,2044
2895038419,780173,5856,2491,3365
2895038419,840201,5330,3165,2165
2895038419,900220,2679,1929,750
2895038419,960242,4481,2830,1651
2895038419,1020246,4596,2315,2281
2895038419,1080258,2217,3767,-1550
2895038419,1140287,4415,3934,481
2895038419,1200304,3544,3599,-55
2895038419,1260328,2940,3961,-1021
2895038419,1320359,6876,1277,5599
2895038419,1380369,3151,3355,-204
2895038419,1440389,1619,5576,-3957
2895038419,1500419,3967,1943,2024
2895038419,1560433,7496,3922,3574
2895038419,1620433,6689,3983,2706
2895070122,0,7000,7000,0
2895070122,60010,370,75,295
2895070122,120028,3128,2124,1004
2895070122,180054,3752,3880,-128
2895070122,240056,5811,5085,726
2895070122,300064,5166,4992,174
2895070122,360094,5039,5220,-181
2895070122,420104,4568,1360,3208
2895070122,480108,2165,3872,-1707
2895070122,540109,4700,3931,769
2895070122,600109,6002,6185,-183
2895070122,660132,7036,2133,4903
2895070122,720152,4240,4476,-236
2895070122,780175,2915,4941,-2026
2895070122,840178,2728,7604,-4876
2895070122,900183,5487,4190,1297
2895070122,960189,4427,4867,-440
2895070122,1020191,4508,4852,-344
2895070122,1080205,4753,2808,1945
2895070122,1140214,7878,5705,2173
2895070122,1200214,3976,5430,-1454
2895070122,1260215,5917,6330,-413
2895070122,1320239,2932,2549,383
2895070122,1380263,2614,4543,-1929
2895070122,1440286,4604,7244,-2640
2895070122,1500301,4586,10540,-5954
2895070122,1560330,9329,3044,6285
2895070122,1620330,8478,2741,5737
2895084225,0,2500,2500,0
2895084225,60008,539,0,539
2895084225,120015,527,436,91
2895084225,180016,1517,1179,338
2895084225,240039,2939,2693,246
2895084225,300039,4329,2659,1670
2895084225,360063,2407,3509,-1102
2895084225,420095,3373,2189,1184
2895084225,480103,3130,3820,-690
2895084225,540109,3431,5244,-1813
2895084225,600121,3859,3248,611
2895084225,660149,4577,2510,2067
2895084225,720155,2188,3687,-1499
2895084225,780161,3776,2726,1050
2895084225,840165,6165,2418,3747
2895084225,900183,2907,4246,-1339
2895084225,960195,3125,3822,-697
2895084225,1020231,3005,6631,-3626
2895084225,1080250,2822,2137,685
2895084225,1140275,5286,3160,2126
2895084225,1200289,2442,5681,-3239
2895084225,1260310,3556,3266,290
2895084225,1320337,5665,3625,2040
2895084225,1380364,2128,1346,782
2895084225,1440375,6437,1857,4580
2895084225,1500391,6120,3769,2351
2895084225,1560421,5885,4036,1849
2895084225,1620421,7317,1957,5360
2895096951,0,2500,2500,0
2895096951,60024,0,0,0
2895096951,120030,479,408,71
2895096951,180047,1739,1721,18
2895096951,240080,2556,3774,-1218
2895096951,300094,3544,2018,1526
2895096951,360118,4018,3574,444
2895096951,420128,2614,3894,-1280
2895096951,480131,1864,2017,-153
2895096951,540150,3348,3333,15
2895096951,600178,5099,4717,382
2895096951,660203,1149,3009,-1860
2895096951,720234,3057,1914,1143
2895096951,780259,2723,1691,1032
2895096951,840262,2931,2311,620
2895096951,900281,3034,2531,503
2895096951,960308,3974,1272,2702
2895096951,1020311,3152,3008,144
2895096951,1080340,4514,2599,1915
2895096951,1140371,5097,3114,1983
2895096951,1200398,7094,3431,3663
2895096951,1260417,7833,5675,2158
2895096951,1320445,3677,875,2802
2895096951,1380468,4963,890,4073
2895096951,1440474,4471,1394,3077
2895096951,1500502,2986,2557,429
2895096951,1560519,8337,3171,5166
2895096951,1620519,10778,3127,7651
2895150637,0,2500,2500,0
2895150637,60025,0,0,0
2895150637,120054,464,416,48
2895150637,180088,1777,1887,-110
2895150637,240089,1891,1828,63
2895150637,300097,2611,3062,-451
2895150637,360106,2829,1452,1377
2895150637,420136,2232,2104,128
2895150637,480159,3892,2145,1747
2895150637,540167,3706,2104,1602
2895150637,600188,2178,2340,-162
2895150637,660215,3714,2743,971
2895150637,720225,3145,4329,-1184
2895150637,780226,3718,2648,1070
2895150637,840227,2674,5466,-2792
2895150637,900242,4685,4471,214
2895150637,960264,2131,1946,185
2895150637,1020267,1247,4159,-2912
2895150637,1080273,5769,2237,3532
2895150637,1140276,5840,3375,2465
2895150637,1200284,6610,3063,3547
2895150637,1260298,3564,4330,-766
2895150637,1320330,4398,4559,-161
2895150637,1380333,3551,5434,-1883
2895150637,1440355,7669,2946,4723
2895150637,1500383,2043,4414,-2371
2895150637,1560399,6577,4850,1727
2895150637,1620399,9990,3250,6740
2895155575,0,2500,2500,0
2895155575,60007,0,0,0
2895155575,120017,437,491,-54
2895155575,180026,2635,1749,886
2895155575,240035,1977,1839,138
2895155575,300047,1584,1855,-271
2895155575,360058,3349,2688,661
2895155575,420075,2957,1822,1135
2895155575,480106,4547,2152,2395
2895155575,540154,3841,2499,1342
2895155575,600160,4189,3224,965
2895155575,660173,2276,2012,264
2895155575,720196,886,4448,-3562
2895155575,780201,2230,4820,-2590
2895155575,840223,3229,5534,-2305
2895155575,900237,2620,7375,-4755
2895155575,960264,4406,4783,-377
2895155575,1020264,4917,4680,237
2895155575,1080291,5474,4121,1353
2895155575,1140292,6434,2607,3827
2895155575,1200295,5825,3749,2076
2895155575,1260324,2597,5103,-2506
2895155575,1320342,4147,2024,2123
2895155575,1380362,2925,3444,-519
2895155575,1440387,6729,3217,3512
2895155575,1500409,4744,3349,1395
2895155575,1560442,5729,2647,3082
2895155575,1620442,8656,2224,6432
2895164928,0,2500,2500,0
2895164928,60019,0,510,-510
2895164928,120022,405,338,67
2895164928,180028,1659,1580,79
2895164928,240051,3342,1960,1382
2895164928,300056,3796,3127,669
2895164928,360089,2069,789,1280
2895164928,420101,3342,3275,67
2895164928,480123,998,1274,-276
2895164928,540149,2823,1889,934
2895164928,600164,3996,3406,590
2895164928,660178,1076,2020,-944
2895164928,720206,2398,2627,-229
2895164928,780218,2542,1842,700
2895164928,840233,3100,2591,509
2895164928,900241,4901,3787,1114
2895164928,960251,3015,6259,-3244
2895164928,1020268,3656,2879,777
2895164928,1080298,5523,2476,3047
2895164928,1140310,2104,3970,-1866
2895164928,1200334,4115,5488,-1373
2895164928,1260337,3006,2265,741
2895164928,1320345,3175,4381,-1206
2895164928,1380360,4926,3506,1420
2895164928,1440386,8941,3739,5202
2895164928,1500405,8100,2617,5483
2895164928,1560441,5600,2876,2724
2895164928,1620462,9459,4300,5159
2895188501,0,2500,2500,0
2895188501,60027,0,0,0
2895188501,120035,470,388,82
2895188501,180076,1050,2250,-1200
2895188501,240091,3430,3551,-121
2895188501,300095,4023,4484,-461
2895188501,360127,3674,822,2852
2895188501,420133,1327,2149,-822
2895188501,480156,2688,4048,-1360
2895188501,540174,1711,4519,-2808
2895188501,600190,3275,933,2342
2895188501,660206,3197,1599,1598
2895188501,720221,2801,3043,-242
2895188501,780250,2859,2698,161
2895188501,840261,3510,1504,2006
2895188501,900265,5105,4516,589
2895188501,960297,3195,2067,1128
2895188501,1020327,3424,2066,1358
2895188501,1080342,3141,3636,-495
2895188501,1140346,5762,4131,1631
2895188501,1200377,2167,4114,-1947
2895188501,1260407,4871,3204,1667
2895188501,1320428,8539,2690,5849
2895188501,1380450,9834,3380,6454
2895188501,1440467,4283,4036,247
2895188501,1500484,4042,754,3288
2895188501,1560516,6280,1953,4327
2895188501,1620516,6680,1555,5125
2895189758,0,2500,2500,0
2895189758,60009,0,500,-500
2895189758,120023,403,499,-96
2895189758,180055,1987,1972,15
2895189758,240067,3676,2791,885
2895189758,300091,1919,2252,-333
2895189758,360120,3028,3016,12
2895189758,420129,3227,1427,1800
2895189758,480147,1684,3096,-1412
2895189758,540151,3583,2620,963
2895189758,600162,4806,3401,1405
2895189758,660188,7092,2782,4310
2895189758,720200,1365,1901,-536
2895189758,780227,1901,2861,-960
2895189758,840230,4180,2434,1746
2895189758,900257,6227,3437,2790
2895189758,960275,5123,3032,2091
2895189758,1020306,3802,2256,1546
2895189758,1080337,5252,2434,2818
2895189758,1140356,4819,3612,1207
2895189758,1200360,4832,2991,1841
2895189758,1260377,4847,2016,2831
2895189758,1320388,5025,2178,2847
2895189758,1380404,7103,1202,5901
2895189758,1440410,2816,2530,286
2895189758,1500422,3358,2979,379
2895189758,1560425,6426,3559,2867
2895189758,1620425,10043,2156,7887
2895228537,0,7000,7000,0
2895228537,60028,300,127,173
2895228537,120058,2650,2227,423
2895228537,180088,3547,4339,-792
2895228537,240118,3127,5404,-2277
2895228537,300130,3145,4622,-1477
2895228537,360159,3844,7435,-3591
2895228537,420188,4216,4379,-163
2895228537,480194,4631,4893,-262
2895228537,540227,5408,7220,-1812
2895228537,600260,7170,2752,4418
2895228537,660290,1374,4700,-3326
2895228537,720323,4007,4985,-978
2895228537,780333,2642,6735,-4093
2895228537,840333,3138,4725,-1587
2895228537,900359,4489,1222,3267
2895228537,960361,3760,3214,546
2895228537,1020387,3826,4832,-1006
2895228537,1080419,3479,6086,-2607
2895228537,1140450,7161,3469,3692
2895228537,1200482,3502,3336,166
2895228537,1260486,6100,2293,3807
2895228537,1320501,3032,5203,-2171
2895228537,1380508,6273,4089,2184
2895228537,1440540,7581,5101,2480
2895228537,1500560,6161,2969,3192
2895228537,1560562,8546,5214,3332
2895228537,1620562,10973,3737,7236
2895256781,0,7000,7000,0
2895256781,60010,100,949,-849
2895256781,120013,2274,3333,-1059
2895256781,180043,3814,4772,-958
2895256781,240074,6566,5518,1048
2895256781,300109,7594,5193,2401
2895256781,360140,5452,6008,-556
2895256781,420143,8532,3016,5516
2895256781,480144,4480,2529,1951
2895256781,540171,3340,5249,-1909
2895256781,600204,5421,5464,-43
2895256781,660207,6502,5143,1359
2895256781,720239,5244,5525,-281
2895256781,780271,6793,6727,66
2895256781,840277,6412,2382,4030
2895256781,900300,3530,3460,70
2895256781,960311,2629,8997,-6368
2895256781,1020322,4115,2081,2034
2895256781,1080339,5475,3537,1938
2895256781,1140343,2070,5891,-3821
2895256781,1200369,2843,5486,-2643
2895256781,1260376,4441,6962,-2521
2895256781,1320401,4522,9439,-4917
2895256781,1380431,5478,2316,3162
2895256781,1440449,4832,3107,1725
2895256781,1500476,2603,5638,-3035
2895256781,1560490,5187,5238,-51
2895256781,1620490,8633,5190,3443
2895256802,0,2500,2500,0
2895256802,60020,10,0,10
2895256802,120030,463,368,95
2895256802,180051,1787,1631,156
2895256802,240082,3547,2924,623
2895256802,300105,4468,1704,2764
2895256802,360111,4237,2547,1690
2895256802,420125,1710,852,858
2895256802,480155,2442,3300,-858
2895256802,540194,2529,2637,-108
2895256802,600225,4294,4533,-239
2895256802,660239,3504,2885,619
2895256802,720243,5807,1583,4224
2895256802,780260,1872,2929,-1057
2895256802,840271,3916,4076,-160
2895256802,900277,7059,2254,4805
2895256802,960301,6305,2516,3789
2895256802,1020301,7610,2268,5342
2895256802,1080316,6072,2370,3702
2895256802,1140339,6813,3125,3688
2895256802,1200354,2836,4278,-1442
2895256802,1260378,3721,2359,1362
2895256802,1320401,2187,3370,-1183
2895256802,1380406,2399,4906,-2507
2895256802,1440426,4027,4761,-734
2895256802,1500459,4987,6877,-1890
2895256802,1560475,8874,2159,6715
2895256802,1620475,8332,3068,5264
2895264403,0,2500,2500,0
2895264403,60019,0,1000,-1000
2895264403,120031,391,744,-353
2895264403,180073,1743,1618,125
2895264403,240104,3261,2124,1137
2895264403,300116,5117,1662,3455
2895264403,360122,5330,1596,3734
2895264403,420143,2854,2810,44
2895264403,480168,2065,1974,91
2895264403,540199,3048,3850,-802
2895264403,600203,4086,2622,1464
2895264403,660210,6272,2207,4065
2895264403,720223,6166,998,5168
2895264403,780256,2262,1658,604
2895264403,840275,4434,2846,1588
2895264403,900294,6082,1935,4147
2895264403,960322,6443,2286,4157
2895264403,1020331,6101,3213,2888
2895264403,1080349,4695,4562,133
2895264403,1140358,6844,1751,5093
2895264403,1200385,9794,1602,8192
2895264403,1260403,7365,3099,4266
2895264403,1320413,7910,3983,3927
2895264403,1380422,6400,4758,1642
2895264403,1440434,7698,1540,6158
2895264403,1500439,7165,2613,4552
2895264403,1560460,7909,1371,6538
2895264403,1620460,8138,-1082,9220
2895292386,0,7000,7000,0
2895292386,60030,300,10,290
2895292386,120040,3753,2043,1710
2895292386,180046,6649,3077,3572
2895292386,240048,6002,567,5435
2895292386,300070,3319,3749,-430
2895292386,360077,4213,4191,22
2895292386,420103,3911,6996,-3085
2895292386,480119,3762,2819,943
2895292386,540144,2279,5843,-3564
2895292386,600146,3787,8750,-4963
2895292386,660162,3456,2973,483
2895292386,720163,4546,4614,-68
2895292386,780189,1176,1623,-447
2895292386,840221,4091,1334,2757
2895292386,900235,4993,3038,1955
2895292386,960245,5292,2975,2317
2895292386,1020250,5126,3080,2046
2895292386,1080266,5062,2992,2070
2895292386,1140289,2250,4603,-2353
2895292386,1200291,5008,3471,1537
2895292386,1260304,1953,4999,-3046
2895292386,1320309,5216,7688,-2472
2895292386,1380316,2776,4959,-2183
2895292386,1440319,3717,4787,-1070
2895292386,1500320,5762,4396,1366
2895292386,1560327,9136,5700,3436
2895292386,1620327,13196,5423,7773
2895293088,0,7000,7000,0
2895293088,60007,415,0,415
2895293088,120008,1968,3070,-1102
2895293088,180038,4231,5197,-966
2895293088,240043,7651,3628,4023
2895293088,300046,3965,5331,-1366
2895293088,360059,6427,6664,-237
2895293088,420059,1055,6743,-5688
2895293088,480066,3630,7088,-3458
2895293088,540081,6144,8783,-2639
2895293088,600093,1834,3245,-1411
2895293088,660125,4426,2878,1548
2895293088,720134,3244,5151,-1907
2895293088,780163,1628,4665,-3037
2895293088,840172,2837,5288,-2451
2895293088,900197,3247,3420,-173
2895293088,960219,4362,3305,1057
2895293088,1020246,4382,2030,2352
2895293088,1080272,2825,3640,-815
2895293088,1140297,3339,4866,-1527
2895293088,1200298,3887,5686,-1799
2895293088,1260327,3022,3754,-732
2895293088,1320356,2864,5129,-2265
2895293088,1380374,2639,4657,-2018
2895293088,1440389,4719,5238,-519
2895293088,1500419,1674,4617,-2943
2895293088,1560431,4958,5586,-628
2895293088,1620431,4612,216,4396
2895304396,0,2500,2500,0
2895304396,60024,0,20,-20
2895304396,120026,625,409,216
2895304396,180054,1926,1810,116
2895304396,240083,1642,2789,-1147
2895304396,300105,2661,3226,-565
2895304396,360121,1750,1696,54
2895304396,420152,1203,4267,-3064
2895304396,480172,2555,4522,-1967
2895304396,540196,2863,1312,1551
2895304396,600227,4318,2615,1703
2895304396,660230,2999,2862,137
2895304396,720259,1815,4884,-3069
2895304396,780283,2432,4008,-1576
2895304396,840309,2725,3382,-657
2895304396,900334,5374,3141,2233
2895304396,960345,2633,3692,-1059
2895304396,1020368,1806,5520,-3714
2895304396,1080390,4085,3520,565
2895304396,1140418,3668,4251,-583
2895304396,1200442,4003,4712,-709
2895304396,1260453,4637,4023,614
2895304396,1320482,9740,2580,7160
2895304396,1380499,6492,3514,2978
2895304396,1440531,4340,5593,-1253
2895304396,1500536,3316,2759,557
2895304396,1560559,9041,3241,5800
2895304396,1620559,9873,2395,7478
2895307863,0,2500,2500,0
2895307863,60002,189,500,-311
2895307863,120018,615,828,-213
2895307863,180045,2601,1504,1097
2895307863,240047,3891,2363,1528
2895307863,300076,4339,2588,1751
2895307863,360077,1353,2274,-921
2895307863,420087,2440,3064,-624
2895307863,480091,3723,3450,273
2895307863,540105,1792,3721,-1929
2895307863,600133,3509,2227,1282
2895307863,660191,4858,2179,2679
2895307863,720209,2168,4142,-1974
2895307863,780239,3555,2874,681
2895307863,840253,4041,2542,1499
2895307863,900254,2642,1902,740
2895307863,960256,1512,3159,-1647
2895307863,1020266,2506,4938,-2432
2895307863,1080297,5191,4045,1146
2895307863,1140317,2907,1519,1388
2895307863,1200338,2148,2277,-129
2895307863,1260341,2078,2637,-559
2895307863,1320372,4690,3163,1527
2895307863,1380387,3768,2494,1274
2895307863,1440405,3220,3706,-486
2895307863,1500415,4255,4088,167
2895307863,1560452,6913,2271,4642
2895307863,1620452,8297,1787,6510
2895316496,0,2500,2500,0
2895316496,60024,0,0,0
2895316496,120029,462,358,104
2895316496,180039,1845,1948,-103
2895316496,240060,4051,2829,1222
2895316496,300093,2413,3532,-1119
2895316496,360099,1988,2945,-957
2895316496,420105,2460,2827,-367
2895316496,480131,2014,3700,-1686
2895316496,540168,3339,5042,-1703
2895316496,600200,2300,2455,-155
2895316496,660233,2311,3223,-912
2895316496,720246,4855,2205,2650
2895316496,780261,1654,2929,-1275
2895316496,840291,3566,3349,217
2895316496,900306,1744,5295,-3551
2895316496,960310,2262,4351,-2089
2895316496,1020317,3643,979,2664
2895316496,1080328,4170,2528,1642
2895316496,1140344,8307,1851,6456
2895316496,1200346,7599,3261,4338
2895316496,1260369,5205,5140,65
2895316496,1320400,2617,2173,444
2895316496,1380432,1817,3749,-1932
2895316496,1440438,3739,3075,664
2895316496,1500464,7278,3239,4039
2895316496,1560478,2771,1559,1212
2895316496,1620478,5452,1022,4430
2895327794,0,2500,2500,0
2895327794,60018,0,0,0
2895327794,120042,361,437,-76
2895327794,180043,1247,2829,-1582
2895327794,240065,1951,2131,-180
2895327794,300084,598,2786,-2188
2895327794,360114,2284,3806,-1522
2895327794,420145,2358,2363,-5
2895327794,480174,3647,3673,-26
2895327794,540205,4379,2420,1959
2895327794,600217,3172,1236,1936
2895327794,660248,1916,3131,-1215
2895327794,720269,3544,2015,1529
2895327794,780294,2326,2197,129
2895327794,840312,3222,1439,1783
2895327794,900319,2327,1785,542
2895327794,960336,2483,1565,918
2895327794,1020344,2806,1635,1171
2895327794,1080362,5662,798,4864
2895327794,1140388,1988,2013,-25
2895327794,1200397,5361,2411,2950
2895327794,1260423,2827,3575,-748
2895327794,1320438,1975,3285,-1310
2895327794,1380441,3443,2056,1387
2895327794,1440445,8096,2072,6024
2895327794,1500474,892,4887,-3995
2895327794,1560483,2921,2061,860
2895327794,1620483,4557,2120,2437
2895344391,0,2500,2500,0
2895344391,60016,0,500,-500
2895344391,120022,367,311,56
2895344391,180069,2495,1710,785
2895344391,240075,3825,2567,1258
2895344391,300088,4382,3725,657
2895344391,360109,2790,4776,-1986
2895344391,420138,1377,1463,-86
2895344391,480143,3053,3108,-55
2895344391,540148,4736,3998,738
2895344391,600172,1438,4682,-3244
2895344391,660193,2907,3313,-406
2895344391,720215,4635,4677,-42
2895344391,780250,1987,3947,-1960
2895344391,840272,2731,5924,-3193
2895344391,900275,3697,3956,-259
2895344391,960280,2032,4079,-2047
2895344391,1020304,6306,1981,4325
2895344391,1080313,5263,2133,3130
2895344391,1140324,3053,3248,-195
2895344391,1200328,3184,2494,690
2895344391,1260349,3997,3169,828
2895344391,1320377,2673,4629,-1956
2895344391,1380412,5958,4720,1238
2895344391,1440435,8184,2885,5299
2895344391,1500460,2376,2842,-466
2895344391,1560474,7095,2558,4537
2895344391,1620474,6689,2544,4145
2895370885,0,7000,7000,0
2895370885,60020,1500,400,1100
2895370885,120051,2637,2391,246
2895370885,180081,4010,2984,1026
2895370885,240111,6104,2246,3858
2895370885,300141,7653,3297,4356
2895370885,360171,10028,4260,5768
2895370885,420200,3885,3727,158
2895370885,480201,4857,3905,952
2895370885,540231,2296,5516,-3220
2895370885,600260,4141,7691,-3550
2895370885,660286,6181,2834,3347
2895370885,720289,4602,4594,8
2895370885,780295,6770,3165,3605
2895370885,840317,9200,5494,3706
2895370885,900349,1942,9641,-7699
2895370885,960373,3115,11179,-8064
2895370885,1020398,4620,11939,-7319
2895370885,1080431,2329,6787,-4458
2895370885,1140445,4407,8894,-4487
2895370885,1200455,6571,11195,-4624
2895370885,1260468,7318,7156,162
2895370885,1320498,2692,9505,-6813
2895370885,1380506,6338,6395,-57
2895370885,1440508,3187,5834,-2647
2895370885,1500534,6189,5925,264
2895370885,1560547,6809,7717,-908
2895370885,1620547,9297,6374,2923
2895407257,0,7000,7000,0
2895407257,60020,9,75,-66
2895407257,120052,2320,2207,113
2895407257,180082,4665,4436,229
2895407257,240088,5920,6790,-870
2895407257,300091,6705,3144,3561
2895407257,360098,6222,4826,1396
2895407257,420119,1701,8503,-6802
2895407257,480131,3642,3512,130
2895407257,540147,5056,2914,2142
2895407257,600168,5109,3700,1409
2895407257,660188,6959,3002,3957
2895407257,720218,6245,3949,2296
2895407257,780244,8543,6628,1915
2895407257,840267,9664,6854,2810
2895407257,900279,7067,7076,-9
2895407257,960289,4686,10153,-5467
2895407257,1020300,2402,9162,-6760
2895407257,1080306,6273,2844,3429
2895407257,1140333,7828,4517,3311
2895407257,1200362,4138,5392,-1254
2895407257,1260373,7126,4501,2625
2895407257,1320387,10232,4092,6140
2895407257,1380393,2772,5019,-2247
2895407257,1440418,5655,4188,1467
2895407257,1500442,5370,7139,-1769
2895407257,1560457,5461,5603,-142
2895407257,1620457,6383,5742,641
2895493736,0,2500,2500,0
2895493736,60026,0,0,0
2895493736,120046,509,444,65
2895493736,180077,1550,2967,-1417
2895493736,240109,3065,2642,423
2895493736,300152,4347,1727,2620
2895493736,360153,1171,2692,-1521
2895493736,420158,1494,2548,-1054
2895493736,480185,3041,2882,159
2895493736,540187,3988,2421,1567
2895493736,600216,3586,2278,1308
2895493736,660217,3150,3463,-313
2895493736,720240,4345,1580,2765
2895493736,780256,3073,1614,1459
2895493736,840273,3246,4239,-993
2895493736,900280,4507,3068,1439
2895493736,960286,3457,3143,314
2895493736,1020299,5369,2635,2734
2895493736,1080300,5353,1433,3920
2895493736,1140312,5736,4269,1467
2895493736,1200330,3279,2260,1019
2895493736,1260341,3286,2444,842
2895493736,1320358,3588,4813,-1225
2895493736,1380368,4215,4869,-654
2895493736,1440378,6963,2842,4121
2895493736,1500391,5432,3680,1752
2895493736,1560412,4209,3923,286
2895493736,1620412,6770,2754,4016
2895519158,0,2500,2500,0
2895519158,60014,10,0,10
2895519158,120036,542,495,47
2895519158,180066,2066,1723,343
2895519158,240090,3096,1025,2071
2895519158,300139,3020,2337,683
2895519158,360151,3747,2989,758
2895519158,420167,1262,775,487
2895519158,480172,3277,2379,898
2895519158,540186,2764,1986,778
2895519158,600207,4131,3419,712
2895519158,660218,3140,1899,1241
2895519158,720243,1928,3010,-1082
2895519158,780248,2461,4479,-2018
2895519158,840272,4069,5999,-1930
2895519158,900304,5196,2833,2363
2895519158,960322,4111,2489,1622
2895519158,1020344,5609,3223,2386
2895519158,1080364,3256,5431,-2175
2895519158,1140397,5501,1962,3539
2895519158,1200405,5216,2503,2713
2895519158,1260440,2980,5778,-2798
2895519158,1320442,3324,1318,2006
2895519158,1380451,8467,2422,6045
2895519158,1440471,6186,4831,1355
2895519158,1500476,2603,3643,-1040
2895519158,1560501,4838,3761,1077
2895519158,1620501,5126,1934,3192
2895667492,0,2500,2500,0
2895667492,60024,0,0,0
2895667492,120028,377,405,-28
2895667492,180057,1808,1475,333
2895667492,240079,1649,2160,-511
2895667492,300085,1995,3318,-1323
2895667492,360102,2459,2180,279
2895667492,420107,2948,1418,1530
2895667492,480131,3052,1522,1530
2895667492,540142,3886,3119,767
2895667492,600157,3159,1019,2140
2895667492,660177,1193,3392,-2199
2895667492,720203,2379,2583,-204
2895667492,780214,3507,1835,1672
2895667492,840220,2260,2059,201
2895667492,900229,5205,2646,2559
2895667492,960253,4694,2225,2469
2895667492,1020268,6310,3111,3199
2895667492,1080294,4511,3276,1235
2895667492,1140302,3183,3870,-687
2895667492,1200318,3810,5216,-1406
2895667492,1260321,5835,2566,3269
2895667492,1320342,3590,1879,1711
2895667492,1380380,3523,1532,1991
2895667492,1440408,2773,2854,-81
2895667492,1500433,4650,3342,1308
2895667492,1560460,4102,5646,-1544
2895667492,1620460,5431,6757,-1326
2895728028,0,2500,2500,0
2895728028,60021,0,0,0
2895728028,120032,416,370,46
2895728028,180064,1925,1356,569
2895728028,240094,2968,3256,-288
2895728028,300116,3324,2914,410
2895728028,360125,2981,2740,241
2895728028,420141,2768,3970,-1202
2895728028,480150,3135,5449,-2314
2895728028,540176,4539,3801,738
2895728028,600180,3947,2627,1320
2895728028,660185,2097,3930,-1833
2895728028,720196,4423,4195,228
2895728028,780198,2546,4896,-2350
2895728028,840203,4871,1661,3210
2895728028,900233,4445,2940,1505
2895728028,960245,2450,4019,-1569
2895728028,1020259,3726,2987,739
2895728028,1080271,3404,2224,1180
2895728028,1140276,3759,4387,-628
2895728028,1200288,2899,4477,-1578
2895728028,1260304,7410,3383,4027
2895728028,1320319,5114,3338,1776
2895728028,1380351,4231,2609,1622
2895728028,1440372,6554,4938,1616
2895728028,1500386,1476,2108,-632
2895728028,1560409,3620,2692,928
2895728028,1620409,6536,3267,3269
2895737560,0,2500,2500,0
2895737560,60008,0,0,0
2895737560,120028,614,791,-177
2895737560,180029,2363,1357,1006
2895737560,240034,2081,2118,-37
2895737560,300054,2726,3143,-417
2895737560,360075,4739,3286,1453
2895737560,420096,6089,1932,4157
2895737560,480117,2304,1315,989
2895737560,540120,2784,2515,269
2895737560,600124,3924,3250,674
2895737560,660125,3271,3037,234
2895737560,720140,4194,2866,1328
2895737560,780157,5582,3847,1735
2895737560,840187,5104,3158,1946
2895737560,900203,4491,5172,-681
2895737560,960216,5373,2008,3365
2895737560,1020227,8264,2319,5945
2895737560,1080256,4421,3329,1092
2895737560,1140287,4062,3654,408
2895737560,1200315,6464,3748,2716
2895737560,1260331,6276,2567,3709
2895737560,1320348,1496,2509,-1013
2895737560,1380359,3866,2914,952
2895737560,1440362,5569,3022,2547
2895737560,1500379,5536,2882,2654
2895737560,1560398,5814,2945,2869
2895737560,1620398,7069,2699,4370
2895746146,0,2500,2500,0
2895746146,60020,0,0,0
2895746146,120049,405,409,-4
2895746146,180082,1899,1747,152
2895746146,240088,4620,1574,3046
2895746146,300125,851,1905,-1054
2895746146,360144,2701,2787,-86
2895746146,420152,3497,1506,1991
2895746146,480164,5156,3500,1656
2895746146,540167,5496,3303,2193
2895746146,600176,2862,4928,-2066
2895746146,660197,4947,4003,944
2895746146,720227,4844,2042,2802
2895746146,780244,2608,5887,-3279
2895746146,840270,3308,2508,800
2895746146,900289,3022,4176,-1154
2895746146,960301,3623,1985,1638
2895746146,1020312,2961,3715,-754
2895746146,1080320,2157,1922,235
2895746146,1140331,3138,2543,595
2895746146,1200335,5203,5106,97
2895746146,1260349,4101,4209,-108
2895746146,1320382,2810,4066,-1256
2895746146,1380399,3601,3255,346
2895746146,1440410,5111,6248,-1137
2895746146,1500435,8007,1832,6175
2895746146,1560449,4278,3338,940
2895746146,1620475,6549,3163,3386
2895767005,0,2500,2500,0
2895767005,60031,560,50,510
2895767005,120044,654,418,236
2895767005,180061,1761,1611,150
2895767005,240080,3847,2125,1722
2895767005,300088,4159,2855,1304
2895767005,360116,2165,2898,-733
2895767005,420121,1949,2296,-347
2895767005,480135,2315,2754,-439
2895767005,540170,3611,2120,1491
2895767005,600179,4822,2222,2600
2895767005,660185,3649,3727,-78
2895767005,720202,5403,2106,3297
2895767005,780210,3642,2894,748
2895767005,840223,3544,4068,-524
2895767005,900226,1997,4792,-2795
2895767005,960252,4919,1664,3255
2895767005,1020256,4677,4122,555
2895767005,1080278,6643,4313,2330
2895767005,1140281,8672,6139,2533
2895767005,1200309,1458,2491,-1033
2895767005,1260328,3685,4025,-340
2895767005,1320342,2636,3125,-489
2895767005,1380355,3337,5200,-1863
2895767005,1440392,2557,3515,-958
2895767005,1500392,2389,3022,-633
2895767005,1560397,4245,3687,558
2895767005,1620397,4775,1642,3133
2895781633,0,2500,2500,0
2895781633,60014,0,0,0
2895781633,120045,424,388,36
2895781633,180059,1401,1852,-451
2895781633,240071,3035,2226,809
2895781633,300075,1954,1448,506
2895781633,360076,3230,1839,1391
2895781633,420086,1406,2466,-1060
2895781633,480098,3485,1293,2192
2895781633,540130,1142,3571,-2429
2895781633,600135,2919,3576,-657
2895781633,660155,5118,2276,2842
2895781633,720183,2983,3378,-395
2895781633,780195,2272,2274,-2
2895781633,840196,3190,2289,901
2895781633,900197,8125,2817,5308
2895781633,960213,3642,2706,936
2895781633,1020234,2764,2111,653
2895781633,1080256,1153,1777,-624
2895781633,1140272,5562,2425,3137
2895781633,1200297,2814,2299,515
2895781633,1260300,4361,3879,482
2895781633,1320308,7432,3187,4245
2895781633,1380333,3564,1907,1657
2895781633,1440352,3028,2934,94
2895781633,1500375,5143,2018,3125
2895781633,1560382,4775,3074,1701
2895781633,1620382,4390,2505,1885
2895781972,0,7000,7000,0
2895781972,60006,100,919,-819
2895781972,120035,2437,2631,-194
2895781972,180040,3205,2696,509
2895781972,240069,3125,5486,-2361
2895781972,300099,3906,4036,-130
2895781972,360102,1509,3141,-1632
2895781972,420109,3589,6349,-2760
2895781972,480138,2651,3823,-1172
2895781972,540145,4741,3481,1260
2895781972,600174,2493,2698,-205
2895781972,660205,3348,4461,-1113
2895781972,720234,4961,5037,-76
2895781972,780235,2083,5256,-3173
2895781972,840235,3565,5623,-2058
2895781972,900249,5480,2901,2579
2895781972,960252,7825,2680,5145
2895781972,1020255,2787,3393,-606
2895781972,1080257,4990,3582,1408
2895781972,1140259,3442,3293,149
2895781972,1200291,2586,2952,-366
2895781972,1260305,5377,6648,-1271
2895781972,1320313,8402,3598,4804
2895781972,1380314,3872,6050,-2178
2895781972,1440317,6705,4361,2344
2895781972,1500347,6295,6205,90
2895781972,1560359,11950,4266,7684
2895781972,1620359,11526,1336,10190
2895783837,0,2500,2500,0
2895783837,60027,0,0,0
2895783837,120037,392,446,-54
2895783837,180048,1930,1314,616
2895783837,240069,2898,1361,1537
2895783837,300077,3162,1663,1499
2895783837,360088,1784,2549,-765
2895783837,420104,2739,1575,1164
2895783837,480130,2594,2976,-382
2895783837,540156,2975,2596,379
2895783837,600165,5134,2611,2523
2895783837,660174,3639,1528,2111
2895783837,720178,1822,2270,-448
2895783837,780189,2567,3173,-606
2895783837,840190,4496,4180,316
2895783837,900192,5896,1582,4314
2895783837,960202,3048,2702,346
2895783837,1020208,6282,4058,2224
2895783837,1080209,5215,2689,2526
2895783837,1140222,2827,3383,-556
2895783837,1200251,5920,3297,2623
2895783837,1260262,2479,1898,581
2895783837,1320283,3287,2750,537
2895783837,1380303,7192,1475,5717
2895783837,1440319,7072,2256,4816
2895783837,1500325,9201,3436,5765
2895783837,1560350,8174,3237,4937
2895783837,1620350,8612,2447,6165
2895786701,0,2500,2500,0
2895786701,60014,0,0,0
2895786701,120033,542,431,111
2895786701,180066,1855,1831,24
2895786701,240074,3770,4116,-346
2895786701,300100,1318,2413,-1095
2895786701,360119,1826,2592,-766
2895786701,420125,3134,2584,550
2895786701,480143,3223,3998,-775
2895786701,540166,3248,3405,-157
2895786701,600170,4201,834,3367
2895786701,660176,2210,2986,-776
2895786701,720186,3735,2385,1350
2895786701,780192,2772,3251,-479
2895786701,840212,1836,5096,-3260
2895786701,900223,5629,3246,2383
2895786701,960234,1236,1449,-213
2895786701,1020235,3380,3059,321
2895786701,1080238,4921,3264,1657
2895786701,1140265,2787,4367,-1580
2895786701,1200293,2843,5562,-2719
2895786701,1260310,4792,4140,652
2895786701,1320335,5074,3285,1789
2895786701,1380345,9171,5014,4157
2895786701,1440351,7552,1265,6287
2895786701,1500362,3916,2266,1650
2895786701,1560388,8534,2715,5819
2895786701,1620420,12452,2166,10286
2895796868,0,2500,2500,0
2895796868,60023,0,0,0
2895796868,120026,395,350,45
2895796868,180055,1269,2144,-875
2895796868,240087,3734,2519,1215
2895796868,300117,2016,2379,-363
2895796868,360130,3287,1750,1537
2895796868,420132,2318,2569,-251
2895796868,480155,3086,2304,782
2895796868,540176,2426,3431,-1005
2895796868,600178,2365,3341,-976
2895796868,660210,6278,3186,3092
2895796868,720217,1284,2216,-932
2895796868,780229,3204,2279,925
2895796868,840234,7822,2358,5464
2895796868,900248,6235,2411,3824
2895796868,960252,3788,4077,-289
2895796868,1020285,5197,1360,3837
2895796868,1080305,5585,2546,3039
2895796868,1140337,8584,1686,6898
2895796868,1200361,5987,4698,1289
2895796868,1260388,2005,1846,159
2895796868,1320419,6967,3678,3289
2895796868,1380428,6931,5175,1756
2895796868,1440432,2530,3717,-1187
2895796868,1500464,2493,3703,-1210
2895796868,1560472,3405,4489,-1084
2895796868,1620472,4992,4284,708
2895810784,0,2500,2500,0
2895810784,60026,0,0,0
2895810784,120029,543,360,183
2895810784,180036,1526,2655,-1129
2895810784,240061,1674,2557,-883
2895810784,300066,2559,3705,-1146
2895810784,360099,4895,3673,1222
2895810784,420105,2185,1645,540
2895810784,480125,2457,2098,359
2895810784,540150,4017,2631,1386
2895810784,600167,2469,1999,470
2895810784,660174,4162,2229,1933
2895810784,720204,2460,2878,-418
2895810784,780215,3520,3282,238
2895810784,840220,3410,3081,329
2895810784,900234,2970,4525,-1555
2895810784,960255,5081,3751,1330
2895810784,1020290,5017,2189,2828
2895810784,1080302,2117,2098,19
2895810784,1140324,2219,4466,-2247
2895810784,1200324,2300,1621,679
2895810784,1260340,6024,2501,3523
2895810784,1320370,3626,1513,2113
2895810784,1380383,4667,2951,1716
2895810784,1440409,5209,3904,1305
2895810784,1500422,3313,2911,402
2895810784,1560438,4580,3007,1573
2895810784,1620438,6610,3506,3104
2895813663,0,2500,2500,0
2895813663,60013,0,0,0
2895813663,120017,452,403,49
2895813663,180047,2246,1128,1118
2895813663,240077,1581,2383,-802
2895813663,300107,2180,2164,16
2895813663,360138,2828,1471,1357
2895813663,420141,4488,2213,2275
2895813663,480144,1041,1926,-885
2895813663,540156,3171,2887,284
2895813663,600179,4732,2700,2032
2895813663,660182,2663,1489,1174
2895813663,720212,3652,2776,876
2895813663,780234,3716,1387,2329
2895813663,840247,3561,2382,1179
2895813663,900254,2615,726,1889
2895813663,960280,2515,2265,250
2895813663,1020295,4548,3317,1231
2895813663,1080301,3115,3327,-212
2895813663,1140324,1733,1994,-261
2895813663,1200353,4192,2133,2059
2895813663,1260370,2650,3259,-609
2895813663,1320397,3475,3371,104
2895813663,1380405,7083,2713,4370
2895813663,1440429,7728,1862,5866
2895813663,1500458,4151,2079,2072
2895813663,1560486,5919,3281,2638
2895813663,1620486,8169,4075,4094
2895826720,0,7000,7000,0
2895826720,60029,320,304,16
2895826720,120031,2729,2247,482
2895826720,180059,1378,5011,-3633
2895826720,240068,3910,6377,-2467
2895826720,300101,7051,7586,-535
2895826720,360107,4864,3139,1725
2895826720,420111,3480,4392,-912
2895826720,480128,1994,8806,-6812
2895826720,540146,4052,4446,-394
2895826720,600168,3249,6149,-2900
2895826720,660174,6047,1034,5013
2895826720,720190,7712,5057,2655
2895826720,780191,3167,4816,-1649
2895826720,840205,5023,4789,234
2895826720,900222,3683,6591,-2908
2895826720,960244,4623,4509,114
2895826720,1020246,5849,3117,2732
2895826720,1080263,1793,7041,-5248
2895826720,1140281,4882,5629,-747
2895826720,1200303,7279,5776,1503
2895826720,1260328,3698,6787,-3089
2895826720,1320349,2812,5753,-2941
2895826720,1380350,5946,5468,478
2895826720,1440354,4230,5757,-1527
2895826720,1500373,7300,3368,3932
2895826720,1560402,8891,4335,4556
2895826720,1620402,8335,1517,6818
2895856468,0,2500,2500,0
2895856468,60011,0,0,0
2895856468,120040,501,372,129
2895856468,180055,1242,2389,-1147
2895856468,240085,1744,1806,-62
2895856468,300095,1794,1745,49
2895856468,360127,2606,939,1667
2895856468,420160,962,2981,-2019
2895856468,480190,1582,3243,-1661
2895856468,540204,3259,3637,-378
2895856468,600210,1848,1251,597
2895856468,660236,3349,3131,218
2895856468,720246,4515,1499,3016
2895856468,780257,1641,3361,-1720
2895856468,840260,5338,3122,2216
2895856468,900278,5461,2655,2806
2895856468,960287,3441,6458,-3017
2895856468,1020305,1889,1031,858
2895856468,1080321,2120,3766,-1646
2895856468,1140345,2811,2380,431
2895856468,1200357,3297,1943,1354
2895856468,1260382,1060,2661,-1601
2895856468,1320388,1814,4364,-2550
2895856468,1380403,3969,5030,-1061
2895856468,1440417,4002,1214,2788
2895856468,1500427,7924,1770,6154
2895856468,1560434,1664,2864,-1200
2895856468,1620455,5729,3569,2160
2895873662,0,2500,2500,0
2895873662,60014,0,0,0
2895873662,120044,286,423,-137
2895873662,180066,1917,1600,317
2895873662,240068,2623,2317,306
2895873662,300089,2029,3538,-1509
2895873662,360111,3081,2290,791
2895873662,420140,3211,4618,-1407
2895873662,480153,685,3664,-2979
2895873662,540156,2563,1774,789
2895873662,600162,5418,3508,1910
2895873662,660181,1857,2280,-423
2895873662,720191,4231,3574,657
2895873662,780220,5171,4365,806
2895873662,840235,5269,1886,3383
2895873662,900255,4438,3140,1298
2895873662,960268,1588,2488,-900
2895873662,1020284,4099,3732,367
2895873662,1080305,5556,768,4788
2895873662,1140307,2182,2481,-299
2895873662,1200331,3893,4310,-417
2895873662,1260345,1582,4097,-2515
2895873662,1320363,3305,5089,-1784
2895873662,1380382,6296,1801,4495
2895873662,1440416,5337,2154,3183
2895873662,1500446,2615,3317,-702
2895873662,1560450,5562,5660,-98
2895873662,1620450,9695,1345,8350
2895892518,0,7000,7000,0
2895892518,60000,250,2950,-2700
2895892518,120002,2409,3404,-995
2895892518,180030,4778,3202,1576
2895892518,240049,6876,5505,1371
2895892518,300064,3404,2862,542
2895892518,360064,3877,2722,1155
2895892518,420092,6424,4279,2145
2895892518,480095,5783,2484,3299
2895892518,540116,4150,4975,-825
2895892518,600134,5870,7839,-1969
2895892518,660164,2332,3635,-1303
2895892518,720175,3474,3556,-82
2895892518,780191,5193,6700,-1507
2895892518,840210,4253,6846,-2593
2895892518,900211,7192,6783,409
2895892518,960222,11244,2678,8566
2895892518,1020234,7077,6198,879
2895892518,1080263,2931,9600,-6669
2895892518,1140295,2797,4265,-1468
2895892518,1200311,4357,4324,33
2895892518,1260319,6450,2863,3587
2895892518,1320344,10035,3729,6306
2895892518,1380356,12123,5596,6527
2895892518,1440356,15471,2385,13086
2895892518,1500376,9464,6431,3033
2895892518,1560408,7515,7325,190
2895892518,1620408,8958,5396,3562
2895934231,0,2500,2500,0
2895934231,60030,0,0,0
2895934231,120033,469,388,81
2895934231,180063,2641,1722,919
2895934231,240082,1758,2292,-534
2895934231,300088,2005,3742,-1737
2895934231,360094,2788,2005,783
2895934231,420102,5972,816,5156
2895934231,480131,1639,2468,-829
2895934231,540143,3082,3767,-685
2895934231,600146,5026,3317,1709
2895934231,660171,4448,3589,859
2895934231,720184,5621,4669,952
2895934231,780228,6412,4996,1416
2895934231,840242,5193,4872,321
2895934231,900274,2043,1689,354
2895934231,960300,3297,3845,-548
2895934231,1020331,3777,2595,1182
2895934231,1080336,2899,4804,-1905
2895934231,1140351,4197,3692,505
2895934231,1200378,7552,2723,4829
2895934231,1260382,2968,3458,-490
2895934231,1320411,3014,4226,-1212
2895934231,1380427,4884,1892,2992
2895934231,1440439,3151,2810,341
2895934231,1500466,3422,2792,630
2895934231,1560483,5636,2164,3472
2895934231,1620505,10054,2223,7831
2895942092,0,2500,2500,0
2895942092,60017,0,0,0
2895942092,120020,399,384,15
2895942092,180020,1472,2271,-799
2895942092,240032,3354,2335,1019
2895942092,300035,2899,3925,-1026
2895942092,360054,3805,4956,-1151
2895942092,420089,5249,3836,1413
2895942092,480094,4377,5815,-1438
2895942092,540109,3869,1672,2197
2895942092,600133,3483,2020,1463
2895942092,660165,1959,4103,-2144
2895942092,720167,3396,4230,-834
2895942092,780184,4051,3062,989
2895942092,840186,2935,4456,-1521
2895942092,900198,2706,2546,160
2895942092,960202,2892,3168,-276
2895942092,1020217,4287,3971,316
2895942092,1080232,5650,2655,2995
2895942092,1140241,5033,2749,2284
2895942092,1200274,6120,5052,1068
2895942092,1260283,2015,1969,46
2895942092,1320295,5417,2921,2496
2895942092,1380318,3548,2877,671
2895942092,1440348,4167,4486,-319
2895942092,1500360,8368,2851,5517
2895942092,1560390,5234,2061,3173
2895942092,1620390,5204,2302,2902
2895950634,0,2500,2500,0
2895950634,60022,500,0,500
2895950634,120039,868,470,398
2895950634,180051,1135,2359,-1224
2895950634,240079,1666,4500,-2834
2895950634,300111,1728,2092,-364
2895950634,360115,3149,1536,1613
2895950634,420134,1399,3004,-1605
2895950634,480143,2137,2351,-214
2895950634,540160,1943,1544,399
2895950634,600167,1733,2929,-1196
2895950634,660174,2742,4722,-1980
2895950634,720203,3462,2776,686
2895950634,780216,2553,3218,-665
2895950634,840247,3083,3583,-500
2895950634,900269,4040,3037,1003
2895950634,960292,2319,2871,-552
2895950634,1020301,1373,3745,-2372
2895950634,1080331,2301,5400,-3099
2895950634,1140344,4449,4627,-178
2895950634,1200349,3176,2992,184
2895950634,1260365,4892,4644,248
2895950634,1320390,5445,2130,3315
2895950634,1380400,2424,3034,-610
2895950634,1440422,4677,1860,2817
2895950634,1500446,9265,2725,6540
2895950634,1560457,5174,3000,2174
2895950634,1620489,5895,4022,1873
2895991065,0,2500,2500,0
2895991065,60011,0,0,0
2895991065,120017,439,561,-122
2895991065,180021,1902,1838,64
2895991065,240053,2176,2093,83
2895991065,300069,2694,2488,206
2895991065,360085,2659,2878,-219
2895991065,420114,1709,4562,-2853
2895991065,480132,3316,2797,519
2895991065,540162,4476,3374,1102
2895991065,600181,3128,2011,1117
2895991065,660202,3910,4353,-443
2895991065,720205,6877,3929,2948
2895991065,780231,2465,1808,657
2895991065,840247,3991,3156,835
2895991065,900269,2635,4201,-1566
2895991065,960284,3809,1787,2022
2895991065,1020310,3941,3843,98
2895991065,1080327,2197,2573,-376
2895991065,1140335,5595,1340,4255
2895991065,1200336,9431,2120,7311
2895991065,1260355,4972,2444,2528
2895991065,1320384,1161,2124,-963
2895991065,1380412,3773,2309,1464
2895991065,1440414,5160,3296,1864
2895991065,1500439,2396,3920,-1524
2895991065,1560469,6063,1930,4133
2895991065,1620469,8179,860,7319
2896000090,0,2500,2500,0
2896000090,60009,100,550,-450
2896000090,120041,411,895,-484
2896000090,180046,1180,1578,-398
2896000090,240072,1528,3255,-1727
2896000090,300096,2972,4510,-1538
2896000090,360101,3548,4073,-525
2896000090,420121,3294,4124,-830
2896000090,480153,1492,4010,-2518
2896000090,540170,1155,2445,-1290
2896000090,600202,2291,3889,-1598
2896000090,660216,3365,2519,846
2896000090,720229,2837,2347,490
2896000090,780251,4503,2767,1736
2896000090,840257,2577,2721,-144
2896000090,900272,4882,3186,1696
2896000090,960279,6128,2205,3923
2896000090,1020303,5930,3437,2493
2896000090,1080320,6620,2982,3638
2896000090,1140331,5074,3799,1275
2896000090,1200359,4272,3323,949
2896000090,1260382,2982,2484,498
2896000090,1320413,4125,2303,1822
2896000090,1380417,6377,2383,3994
2896000090,1440420,2928,1642,1286
2896000090,1500428,2624,2813,-189
2896000090,1560429,6411,3011,3400
2896000090,1620429,8034,3540,4494
2896019542,0,2500,2500,0
2896019542,60026,0,0,0
2896019542,120057,471,465,6
2896019542,180093,1766,1660,106
2896019542,240101,3055,2375,680
2896019542,300132,3230,2442,788
2896019542,360164,3751,3726,25
2896019542,420180,3627,2703,924
2896019542,480181,1204,1736,-532
2896019542,540200,1901,2681,-780
2896019542,600201,1355,3790,-2435
2896019542,660201,1935,2286,-351
2896019542,720203,2209,2989,-780
2896019542,780224,2986,716,2270
2896019542,840225,2118,2800,-682
2896019542,900253,1579,3434,-1855
2896019542,960263,2105,1382,723
2896019542,1020293,4029,2916,1113
2896019542,1080298,6342,4556,1786
2896019542,1140308,6240,3030,3210
2896019542,1200318,3163,3099,64
2896019542,1260320,4915,1648,3267
2896019542,1320348,7055,2755,4300
2896019542,1380359,6024,2221,3803
2896019542,1440372,5428,2241,3187
2896019542,1500382,2237,3561,-1324
2896019542,1560390,5056,1554,3502
2896019542,1620390,1641,1536,105
2896024097,0,2500,2500,0
2896024097,60003,0,0,0
2896024097,120018,101,334,-233
2896024097,180063,2055,1701,354
2896024097,240090,3550,2315,1235
2896024097,300102,2424,3629,-1205
2896024097,360106,2636,3208,-572
2896024097,420132,3700,5179,-1479
2896024097,480150,2886,2034,852
2896024097,540168,2413,2425,-12
2896024097,600193,3846,3223,623
2896024097,660211,3488,4198,-710
2896024097,720241,3261,2245,1016
2896024097,780270,4917,4525,392
2896024097,840282,1989,2805,-816
2896024097,900298,3932,2170,1762
2896024097,960312,5896,1611,4285
2896024097,1020344,4899,2479,2420
2896024097,1080365,6499,3061,3438
2896024097,1140389,7739,3131,4608
2896024097,1200400,3118,1621,1497
2896024097,1260414,3653,5148,-1495
2896024097,1320442,8097,2518,5579
2896024097,1380466,6910,2798,4112
2896024097,1440491,9132,4117,5015
2896024097,1500512,2283,2236,47
2896024097,1560530,4754,2715,2039
2896024097,1620545,5341,2916,2425
2896033806,0,2500,2500,0
2896033806,60015,0,0,0
2896033806,120019,823,353,470
2896033806,180048,1703,1993,-290
2896033806,240077,3095,2045,1050
2896033806,300080,3170,1513,1657
2896033806,360104,5200,1496,3704
2896033806,420110,2649,2306,343
2896033806,480112,2146,2432,-286
2896033806,540129,1989,4770,-2781
2896033806,600147,4630,942,3688
2896033806,660152,4776,2363,2413
2896033806,720163,5020,2196,2824
2896033806,780164,5398,2328,3070
2896033806,840195,6126,1769,4357
2896033806,900216,3804,3233,571
2896033806,960233,3224,2641,583
2896033806,1020261,4303,3868,435
2896033806,1080273,5568,2087,3481
2896033806,1140295,1751,2234,-483
2896033806,1200320,2476,1324,1152
2896033806,1260330,4438,3095,1343
2896033806,1320335,5755,3183,2572
2896033806,1380341,7600,2428,5172
2896033806,1440357,3356,3238,118
2896033806,1500381,4442,2233,2209
2896033806,1560392,2425,2314,111
2896033806,1620392,5580,2564,3016
2896065685,0,2500,2500,0
2896065685,60012,579,0,579
2896065685,120027,1021,334,687
2896065685,180037,2388,1444,944
2896065685,240068,3287,2888,399
2896065685,300073,4420,2879,1541
2896065685,360078,2122,3346,-1224
2896065685,420114,2696,1158,1538
2896065685,480123,2726,1688,1038
2896065685,540149,4333,2369,1964
2896065685,600171,4913,3666,1247
2896065685,660180,3161,4362,-1201
2896065685,720198,5608,1508,4100
2896065685,780202,4380,3365,1015
2896065685,840215,4752,3104,1648
2896065685,900218,4509,2497,2012
2896065685,960230,7168,2467,4701
2896065685,1020250,9915,2188,7727
2896065685,1080277,5050,2006,3044
2896065685,1140300,3126,1949,1177
2896065685,1200322,3657,4098,-441
2896065685,1260327,4010,2822,1188
2896065685,1320343,7658,3272,4386
2896065685,1380358,4209,3464,745
2896065685,1440361,4084,5678,-1594
2896065685,1500375,7480,3437,4043
2896065685,1560376,7477,4848,2629
2896065685,1620376,10730,5718,5012
2896087223,0,2500,2500,0
2896087223,60032,0,15,-15
2896087223,120056,504,339,165
2896087223,180063,2441,1005,1436
2896087223,240080,3360,2116,1244
2896087223,300090,1792,1630,162
2896087223,360097,2692,1491,1201
2896087223,420126,1661,3682,-2021
2896087223,480157,2543,3829,-1286
2896087223,540174,3537,3617,-80
2896087223,600189,2221,1930,291
2896087223,660208,2876,2805,71
2896087223,720220,1655,4183,-2528
2896087223,780228,3465,3445,20
2896087223,840234,4789,4519,270
2896087223,900244,6281,2989,3292
2896087223,960275,3234,3443,-209
2896087223,1020276,4078,2709,1369
2896087223,1080282,3085,1691,1394
2896087223,1140308,2981,2831,150
2896087223,1200336,4297,1578,2719
2896087223,1260343,2381,3721,-1340
2896087223,1320356,3916,1737,2179
2896087223,1380360,2892,3732,-840
2896087223,1440372,5499,4327,1172
2896087223,1500390,5364,4794,570
2896087223,1560407,5586,1571,4015
2896087223,1620407,7638,1904,5734
2896090583,0,2500,2500,0
2896090583,60022,0,540,-540
2896090583,120041,399,901,-502
2896090583,180080,1687,2246,-559
2896090583,240100,3997,2730,1267
2896090583,300120,1969,3424,-1455
2896090583,360121,3379,1905,1474
2896090583,420134,3359,2004,1355
2896090583,480142,2824,1724,1100
2896090583,540181,3255,2931,324
2896090583,600210,1329,1780,-451
2896090583,660225,3350,2022,1328
2896090583,720257,4891,3649,1242
2896090583,780269,2710,3322,-612
2896090583,840284,6764,2725,4039
2896090583,900289,3059,2283,776
2896090583,960295,6365,4551,1814
2896090583,1020313,2978,2120,858
2896090583,1080324,2659,1069,1590
2896090583,1140340,3011,2651,360
2896090583,1200358,5287,1339,3948
2896090583,1260381,3827,2296,1531
2896090583,1320402,3483,2524,959
2896090583,1380424,6793,3723,3070
2896090583,1440427,1868,2001,-133
2896090583,1500437,3489,1569,1920
2896090583,1560448,8722,2369,6353
2896090583,1620448,6444,2726,3718
2896091212,0,7000,7000,0
2896091212,60011,300,100,200
2896091212,120011,2491,2454,37
2896091212,180015,3075,4631,-1556
2896091212,240037,2516,1760,756
2896091212,300064,3425,4252,-827
2896091212,360069,5437,2483,2954
2896091212,420090,1616,6115,-4499
2896091212,480090,3669,6088,-2419
2896091212,540106,1939,5568,-3629
2896091212,600139,4675,2234,2441
2896091212,660152,4586,4819,-233
2896091212,720186,4423,4363,60
2896091212,780193,5160,3119,2041
2896091212,840197,7426,5148,2278
2896091212,900213,7261,3664,3597
2896091212,960228,3538,5955,-2417
2896091212,1020259,4261,4597,-336
2896091212,1080290,4732,3056,1676
2896091212,1140291,7409,5422,1987
2896091212,1200311,2873,4749,-1876
2896091212,1260329,4919,1952,2967
2896091212,1320335,4459,4177,282
2896091212,1380341,8099,4807,3292
2896091212,1440348,4597,8190,-3593
2896091212,1500367,6359,2628,3731
2896091212,1560426,7955,3828,4127
2896091212,1620426,3951,3283,668
2896101331,0,2500,2500,0
2896101331,60014,0,25,-25
2896101331,120021,376,426,-50
2896101331,180053,1356,2224,-868
2896101331,240056,2661,2772,-111
2896101331,300062,1674,4531,-2857
2896101331,360064,3151,3145,6
2896101331,420066,2799,1230,1569
2896101331,480066,2061,3201,-1140
2896101331,540078,4154,3121,1033
2896101331,600087,3080,3291,-211
2896101331,660101,4667,3968,699
2896101331,720112,7721,3789,3932
2896101331,780139,3502,4100,-598
2896101331,840159,4552,2692,1860
2896101331,900174,5145,3509,1636
2896101331,960195,1524,4915,-3391
2896101331,1020227,4390,2166,2224
2896101331,1080260,4872,2944,1928
2896101331,1140270,6388,2744,3644
2896101331,1200275,7607,2336,5271
2896101331,1260288,10734,3531,7203
2896101331,1320292,6798,2004,4794
2896101331,1380313,3789,2151,1638
2896101331,1440326,6067,3156,2911
2896101331,1500332,5889,2900,2989
2896101331,1560335,5388,2211,3177
2896101331,1620335,4938,2220,2718
2896109644,0,2500,2500,0
2896109644,60016,0,0,0
2896109644,120019,871,396,475
2896109644,180057,1280,1819,-539
2896109644,240067,2558,2699,-141
2896109644,300085,4320,2736,1584
2896109644,360100,1939,2583,-644
2896109644,420123,3878,2678,1200
2896109644,480142,2816,4484,-1668
2896109644,540169,1453,2216,-763
2896109644,600178,2588,2969,-381
2896109644,660179,4739,4222,517
2896109644,720195,5313,2569,2744
2896109644,780206,3044,2900,144
2896109644,840237,5334,3172,2162
2896109644,900254,5300,1486,3814
2896109644,960272,7324,3669,3655
2896109644,1020287,1595,4564,-2969
2896109644,1080307,4396,4906,-510
2896109644,1140311,3646,1497,2149
2896109644,1200335,4511,2348,2163
2896109644,1260354,5227,2708,2519
2896109644,1320368,1820,2986,-1166
2896109644,1380400,3444,2613,831
2896109644,1440400,5658,2325,3333
2896109644,1500420,1761,2386,-625
2896109644,1560450,4975,2224,2751
2896109644,1620450,8494,2021,6473
2896142449,0,2500,2500,0
2896142449,60029,150,0,150
2896142449,120031,617,362,255
2896142449,180061,1736,1721,15
2896142449,240093,3043,2122,921
2896142449,300116,2000,2507,-507
2896142449,360141,2752,2476,276
2896142449,420143,890,2994,-2104
2896142449,480169,2541,1528,1013
2896142449,540201,3805,2269,1536
2896142449,600215,3768,2807,961
2896142449,660237,5323,3576,1747
2896142449,720240,5177,2353,2824
2896142449,780242,2223,3816,-1593
2896142449,840244,2610,5154,-2544
2896142449,900270,1751,1784,-33
2896142449,960293,4161,4903,-742
2896142449,1020306,1697,982,715
2896142449,1080321,3440,2461,979
2896142449,1140332,6087,3310,2777
2896142449,1200363,5606,3913,1693
2896142449,1260375,5008,5794,-786
2896142449,1320399,7602,2005,5597
2896142449,1380418,7851,2237,5614
2896142449,1440450,4173,2801,1372
2896142449,1500459,3122,3812,-690
2896142449,1560492,4263,4229,34
2896142449,1620492,5374,3266,2108
2896160421,0,2500,2500,0
2896160421,60010,0,0,0
2896160421,120041,458,386,72
2896160421,180049,2093,1524,569
2896160421,240076,2766,2938,-172
2896160421,300110,2616,2984,-368
2896160421,360123,3956,2140,1816
2896160421,420125,2115,1809,306
2896160421,480139,2216,2267,-51
2896160421,540159,3024,3909,-885
2896160421,600184,4305,2404,1901
2896160421,660200,5883,3477,2406
2896160421,720207,5971,2906,3065
2896160421,780225,4514,4063,451
2896160421,840229,2180,2428,-248
2896160421,900250,4407,2838,1569
2896160421,960272,3852,2844,1008
2896160421,1020304,3340,4136,-796
2896160421,1080329,4824,4453,371
2896160421,1140358,4176,1672,2504
2896160421,1200374,3335,3956,-621
2896160421,1260391,3707,3494,213
2896160421,1320411,4983,1858,3125
2896160421,1380442,5094,2358,2736
2896160421,1440462,3158,3644,-486
2896160421,1500475,5073,5020,53
2896160421,1560502,7728,4473,3255
2896160421,1620502,11086,3245,7841
2896168418,0,2500,2500,0
2896168418,60022,0,0,0
2896168418,120036,416,407,9
2896168418,180040,1838,1655,183
2896168418,240069,3804,1996,1808
2896168418,300085,4395,3752,643
2896168418,360101,3800,1666,2134
2896168418,420130,1904,2848,-944
2896168418,480143,2557,3732,-1175
2896168418,540146,4149,3338,811
2896168418,600158,6208,2776,3432
2896168418,660165,4397,4890,-493
2896168418,720188,4067,2323,1744
2896168418,780193,7477,1645,5832
2896168418,840199,1679,3375,-1696
2896168418,900228,3026,3841,-815
2896168418,960251,4626,4615,11
2896168418,1020258,4314,903,3411
2896168418,1080286,2997,3369,-372
2896168418,1140312,3306,1561,1745
2896168418,1200327,4080,1804,2276
2896168418,1260337,5017,3122,1895
2896168418,1320346,1715,3884,-2169
2896168418,1380375,4106,2310,1796
2896168418,1440377,2600,3681,-1081
2896168418,1500407,7715,2662,5053
2896168418,1560420,4698,3941,757
2896168418,1620432,6420,2428,3992
2896168995,0,2500,2500,0
2896168995,60015,0,0,0
2896168995,120024,372,398,-26
2896168995,180061,1831,1853,-22
2896168995,240094,3218,2490,728
2896168995,300102,2867,1002,1865
2896168995,360116,1784,2031,-247
2896168995,420140,2653,2189,464
2896168995,480153,4244,2922,1322
2896168995,540154,4563,3838,725
2896168995,600170,5510,1778,3732
2896168995,660198,1200,3032,-1832
2896168995,720211,3132,2296,836
2896168995,780226,4271,2750,1521
2896168995,840256,3985,3375,610
2896168995,900273,1337,3062,-1725
2896168995,960300,1643,4322,-2679
2896168995,1020317,3483,4514,-1031
2896168995,1080345,3119,2861,258
2896168995,1140363,3468,3056,412
2896168995,1200379,3679,2804,875
2896168995,1260409,3808,2671,1137
2896168995,1320430,3761,1959,1802
2896168995,1380452,5249,2918,2331
2896168995,1440477,4580,3892,688
2896168995,1500494,5043,3594,1449
2896168995,1560506,5596,4409,1187
2896168995,1620506,5638,3344,2294
2896171200,0,2500,2500,0
2896171200,60019,50,0,50
2896171200,120020,362,398,-36
2896171200,180050,1417,2290,-873
2896171200,240051,2447,3449,-1002
2896171200,300054,2975,3972,-997
2896171200,360063,3298,4395,-1097
2896171200,420068,3337,5676,-2339
2896171200,480091,3226,1337,1889
2896171200,540126,3713,2735,978
2896171200,600142,5940,3397,2543
2896171200,660173,2988,1646,1342
2896171200,720206,2751,2424,327
2896171200,780233,3566,2733,833
2896171200,840244,4327,4062,265
2896171200,900264,2461,4470,-2009
2896171200,960276,4201,7411,-3210
2896171200,1020296,2218,4912,-2694
2896171200,1080325,4380,4159,221
2896171200,1140335,6382,6100,282
2896171200,1200353,3370,2939,431
2896171200,1260358,5398,4378,1020
2896171200,1320376,8129,5011,3118
2896171200,1380382,6067,4491,1576
2896171200,1440397,6187,532,5655
2896171200,1500403,2625,3527,-902
2896171200,1560435,4784,4792,-8
2896171200,1620435,6448,2689,3759
2896175320,0,7000,7000,0
2896175320,60005,50,1400,-1350
2896175320,120030,2314,3396,-1082
2896175320,180045,4270,4607,-337
2896175320,240045,5113,5136,-23
2896175320,300068,3512,6544,-3032
2896175320,360099,1917,4502,-2585
2896175320,420122,2778,1886,892
2896175320,480124,1664,2601,-937
2896175320,540131,3333,5891,-2558
2896175320,600135,3545,3832,-287
2896175320,660165,1712,5450,-3738
2896175320,720181,2166,5049,-2883
2896175320,780213,2238,5225,-2987
2896175320,840219,4542,3896,646
2896175320,900229,1878,4317,-2439
2896175320,960233,3110,4734,-1624
2896175320,1020251,4365,3394,971
2896175320,1080264,4234,4019,215
2896175320,1140291,6324,3370,2954
2896175320,1200300,5560,5042,518
2896175320,1260311,5295,6931,-1636
2896175320,1320327,3808,5993,-2185
2896175320,1380372,6251,8004,-1753
2896175320,1440384,5901,6444,-543
2896175320,1500404,3457,5535,-2078
2896175320,1560437,6823,4681,2142
2896175320,1620437,6753,5673,1080
2896181222,0,7000,7000,0
2896181222,60029,300,0,300
2896181222,120062,2417,2346,71
2896181222,180089,3328,5000,-1672
2896181222,240118,1659,4351,-2692
2896181222,300149,2302,4890,-2588
2896181222,360179,4639,6717,-2078
2896181222,420183,4994,2858,2136
2896181222,480188,3255,5807,-2552
2896181222,540189,2092,7031,-4939
2896181222,600218,3813,9358,-5545
2896181222,660250,6216,7631,-1415
2896181222,720278,6524,3820,2704
2896181222,780287,2642,4256,-1614
2896181222,840288,3951,5032,-1081
2896181222,900295,4120,3436,684
2896181222,960297,5123,5336,-213
2896181222,1020325,8035,6973,1062
2896181222,1080333,6639,3365,3274
2896181222,1140344,2410,5535,-3125
2896181222,1200366,5605,4596,1009
2896181222,1260393,5026,3647,1379
2896181222,1320422,4189,4064,125
2896181222,1380452,3612,5133,-1521
2896181222,1440466,4390,6079,-1689
2896181222,1500486,5034,4379,655
2896181222,1560498,5895,7749,-1854
2896181222,1620498,7946,5231,2715
2896251592,0,2500,2500,0
2896251592,60020,110,10,100
2896251592,120046,1030,414,616
2896251592,180063,2072,2065,7
2896251592,240078,2650,2446,204
2896251592,300127,2915,2863,52
2896251592,360141,2602,1409,1193
2896251592,420161,2947,3760,-813
2896251592,480183,3930,2659,1271
2896251592,540186,3589,1739,1850
2896251592,600212,3317,2121,1196
2896251592,660231,1274,3973,-2699
2896251592,720240,4413,2623,1790
2896251592,780246,3334,3131,203
2896251592,840256,4741,3114,1627
2896251592,900273,5499,1744,3755
2896251592,960274,3771,2573,1198
2896251592,1020297,5424,2379,3045
2896251592,1080312,3312,1422,1890
2896251592,1140328,5348,2304,3044
2896251592,1200349,1954,3242,-1288
2896251592,1260372,4051,2595,1456
2896251592,1320403,3374,4670,-1296
2896251592,1380416,7459,1419,6040
2896251592,1440438,5589,1877,3712
2896251592,1500444,4736,2248,2488
2896251592,1560450,6293,3249,3044
2896251592,1620450,6196,4636,1560
2896259798,0,7000,7000,0
2896259798,60010,0,50,-50
2896259798,120019,2036,2893,-857
2896259798,180022,1517,5232,-3715
2896259798,240036,3244,7881,-4637
2896259798,300039,7094,4621,2473
2896259798,360067,3469,4599,-1130
2896259798,420078,5765,3333,2432
2896259798,480091,4803,1417,3386
2896259798,540099,3735,3504,231
2896259798,600104,2641,6911,-4270
2896259798,660115,5997,9639,-3642
2896259798,720124,2082,4858,-2776
2896259798,780153,3309,4635,-1326
2896259798,840157,3814,2075,1739
2896259798,900183,5099,5122,-23
2896259798,960188,2846,7300,-4454
2896259798,1020194,1909,7415,-5506
2896259798,1080209,3446,7391,-3945
2896259798,1140225,5277,5499,-222
2896259798,1200231,4927,7296,-2369
2896259798,1260257,3686,7402,-3716
2896259798,1320261,4451,6747,-2296
2896259798,1380287,4553,3200,1353
2896259798,1440297,6295,6717,-422
2896259798,1500312,4237,7062,-2825
2896259798,1560327,7167,9159,-1992
2896259798,1620327,6267,8753,-2486
2896265960,0,2500,2500,0
2896265960,60023,520,0,520
2896265960,120044,936,226,710
2896265960,180064,2643,855,1788
2896265960,240092,3883,2039,1844
2896265960,300100,3078,927,2151
2896265960,360121,1692,2649,-957
2896265960,420125,3359,2562,797
2896265960,480138,4019,2703,1316
2896265960,540158,5486,2122,3364
2896265960,600176,2600,3524,-924
2896265960,660202,2056,1270,786
2896265960,720232,4963,1807,3156
2896265960,780250,4537,1815,2722
2896265960,840262,5680,3116,2564
2896265960,900281,3885,4366,-481
2896265960,960287,6159,2522,3637
2896265960,1020316,7482,2341,5141
2896265960,1080321,3233,4402,-1169
2896265960,1140330,2785,2748,37
2896265960,1200335,4721,3701,1020
2896265960,1260341,4893,1931,2962
2896265960,1320371,1898,3103,-1205
2896265960,1380407,5275,1364,3911
2896265960,1440420,4879,2558,2321
2896265960,1500435,4628,3740,888
2896265960,1560460,8248,1103,7145
2896265960,1620486,11928,1518,10410
2896276951,0,2500,2500,0
2896276951,60010,0,15,-15
2896276951,120014,327,391,-64
2896276951,180044,1754,1671,83
2896276951,240045,3311,2708,603
2896276951,300054,1348,2100,-752
2896276951,360055,3701,1726,1975
2896276951,420058,1784,2448,-664
2896276951,480066,2235,2297,-62
2896276951,540105,3947,2877,1070
2896276951,600113,1368,1897,-529
2896276951,660134,2399,4005,-1606
2896276951,720142,3676,2823,853
2896276951,780172,2268,5758,-3490
2896276951,840175,2274,4267,-1993
2896276951,900191,4379,2231,2148
2896276951,960214,2654,3650,-996
2896276951,1020236,4383,5824,-1441
2896276951,1080239,3542,2641,901
2896276951,1140247,4658,2719,1939
2896276951,1200276,8421,2242,6179
2896276951,1260279,405,4332,-3927
2896276951,1320292,3530,2848,682
2896276951,1380320,5683,2948,2735
2896276951,1440347,2152,4889,-2737
2896276951,1500378,2791,2636,155
2896276951,1560394,6312,2858,3454
2896276951,1620394,7960,2363,5597
2896277539,0,2500,2500,0
2896277539,60008,0,0,0
2896277539,120024,396,427,-31
2896277539,180038,3136,1622,1514
2896277539,240068,2926,2190,736
2896277539,300086,3774,2672,1102
2896277539,360115,3656,1120,2536
2896277539,420119,1505,1540,-35
2896277539,480133,3189,2081,1108
2896277539,540161,3399,4229,-830
2896277539,600180,3996,1935,2061
2896277539,660189,3059,3105,-46
2896277539,720213,2937,4676,-1739
2896277539,780219,3300,1862,1438
2896277539,840243,3002,3409,-407
2896277539,900271,2818,4123,-1305
2896277539,960302,3075,6799,-3724
2896277539,1020324,2130,3130,-1000
2896277539,1080348,5202,1661,3541
2896277539,1140353,2834,3660,-826
2896277539,1200377,3883,3728,155
2896277539,1260404,5393,4152,1241
2896277539,1320432,1759,1510,249
2896277539,1380445,1358,3379,-2021
2896277539,1440452,2765,1452,1313
2896277539,1500460,6065,1487,4578
2896277539,1560476,8106,2502,5604
2896277539,1620504,10490,1817,8673
2896289715,0,7000,7000,0
2896289715,60014,450,420,30
2896289715,120023,2546,2535,11
2896289715,180032,3953,4624,-671
2896289715,240033,1859,3296,-1437
2896289715,300052,5264,5023,241
2896289715,360061,3810,2232,1578
2896289715,420080,3962,3508,454
2896289715,480102,4439,3465,974
2896289715,540115,5469,4316,1153
2896289715,600144,7109,3112,3997
2896289715,660171,10398,4249,6149
2896289715,720173,6537,2732,3805
2896289715,780181,5445,2456,2989
2896289715,840181,6043,4347,1696
2896289715,900200,4822,3347,1475
2896289715,960229,3907,4308,-401
2896289715,1020249,6861,3313,3548
2896289715,1080273,6080,4232,1848
2896289715,1140302,7885,2990,4895
2896289715,1200313,7712,4655,3057
2896289715,1260336,3717,9346,-5629
2896289715,1320363,5494,8660,-3166
2896289715,1380366,6574,9605,-3031
2896289715,1440382,7991,5961,2030
2896289715,1500412,7487,4188,3299
2896289715,1560438,10755,3101,7654
2896289715,1620438,12429,3442,8987
2896306608,0,2500,2500,0
2896306608,60015,0,0,0
2896306608,120025,348,290,58
2896306608,180028,1630,1944,-314
2896306608,240034,2670,1368,1302
2896306608,300040,4739,2446,2293
2896306608,360058,2248,2270,-22
2896306608,420076,3677,2985,692
2896306608,480078,5020,2879,2141
2896306608,540098,6896,3299,3597
2896306608,600110,1726,1918,-192
2896306608,660119,3961,2974,987
2896306608,720150,6050,2345,3705
2896306608,780178,5212,2276,2936
2896306608,840181,3150,3040,110
2896306608,900196,3248,4316,-1068
2896306608,960213,2931,6331,-3400
2896306608,1020229,2168,6907,-4739
2896306608,1080235,2349,3818,-1469
2896306608,1140237,3793,2969,824
2896306608,1200253,7171,1678,5493
2896306608,1260303,4864,2818,2046
2896306608,1320319,3061,5094,-2033
2896306608,1380341,4751,1809,2942
2896306608,1440372,4721,4116,605
2896306608,1500380,3942,4264,-322
2896306608,1560397,4239,3240,999
2896306608,1620397,3761,3819,-58
2896311175,0,2500,2500,0
2896311175,60028,0,10,-10
2896311175,120048,311,808,-497
2896311175,180059,1702,1576,126
2896311175,240081,2646,2339,307
2896311175,300127,3017,3274,-257
2896311175,360152,4901,4488,413
2896311175,420168,3001,1205,1796
2896311175,480190,2738,2252,486
2896311175,540200,5016,2253,2763
2896311175,600227,2747,1988,759
2896311175,660256,2179,3812,-1633
2896311175,720260,3187,3411,-224
2896311175,780292,5322,2560,2762
2896311175,840307,5175,3390,1785
2896311175,900340,5300,2790,2510
2896311175,960341,5685,4643,1042
2896311175,1020366,1629,5514,-3885
2896311175,1080392,5106,2705,2401
2896311175,1140409,4139,3852,287
2896311175,1200420,4666,2724,1942
2896311175,1260448,1948,6062,-4114
2896311175,1320461,2131,4315,-2184
2896311175,1380469,4255,2584,1671
2896311175,1440487,3269,4535,-1266
2896311175,1500499,4370,2862,1508
2896311175,1560532,5468,2672,2796
2896311175,1620532,7473,-1866,9339
2896317359,0,2500,2500,0
2896317359,60005,0,500,-500
2896317359,120029,470,874,-404
2896317359,180050,2343,1272,1071
2896317359,240079,2746,2664,82
2896317359,300090,4908,3574,1334
2896317359,360099,4161,2049,2112
2896317359,420121,4325,3587,738
2896317359,480145,2292,2708,-416
2896317359,540171,3557,2403,1154
2896317359,600177,5204,2500,2704
2896317359,660197,3227,1877,1350
2896317359,720224,2028,3494,-1466
2896317359,780240,3128,4683,-1555
2896317359,840250,3875,4405,-530
2896317359,900267,3566,3236,330
2896317359,960279,3691,3983,-292
2896317359,1020303,5770,5430,340
2896317359,1080318,3013,3833,-820
2896317359,1140319,4373,3639,734
2896317359,1200337,7963,5009,2954
2896317359,1260359,5974,3155,2819
2896317359,1320371,3303,4839,-1536
2896317359,1380395,3799,5192,-1393
2896317359,1440422,3781,5783,-2002
2896317359,1500430,4754,4908,-154
2896317359,1560448,2988,6141,-3153
2896317359,1620448,4180,6046,-1866
2896338446,0,2500,2500,0
2896338446,60005,0,0,0
2896338446,120007,411,445,-34
2896338446,180016,1800,1800,0
2896338446,240022,2969,2609,360
2896338446,300048,4442,4156,286
2896338446,360053,4417,4373,44
2896338446,420072,4401,2492,1909
2896338446,480094,3112,2013,1099
2896338446,540131,6039,1932,4107
2896338446,600151,3424,1884,1540
2896338446,660155,2009,1217,792
2896338446,720164,4456,1692,2764
2896338446,780170,6244,2201,4043
2896338446,840185,4969,3659,1310
2896338446,900197,5656,5129,527
2896338446,960205,2662,3218,-556
2896338446,1020233,5748,2148,3600
2896338446,1080249,7017,2957,4060
2896338446,1140263,9377,1308,8069
2896338446,1200296,1363,2896,-1533
2896338446,1260340,3358,2988,370
2896338446,1320364,4901,2719,2182
2896338446,1380382,8115,2144,5971
2896338446,1440393,10150,1367,8783
2896338446,1500407,2398,1335,1063
2896338446,1560427,6094,1355,4739
2896338446,1620440,8386,1445,6941
2896352577,0,2500,2500,0
2896352577,60001,0,0,0
2896352577,120031,460,428,32
2896352577,180039,1827,2050,-223
2896352577,240050,1963,3420,-1457
2896352577,300057,2499,1716,783
2896352577,360069,2189,2523,-334
2896352577,420077,2728,2529,199
2896352577,480107,3768,4175,-407
2896352577,540142,4629,3354,1275
2896352577,600161,4640,2155,2485
2896352577,660175,3972,2026,1946
2896352577,720201,3412,1855,1557
2896352577,780205,3829,2882,947
2896352577,840231,4278,2814,1464
2896352577,900258,3290,5068,-1778
2896352577,960274,5070,5265,-195
2896352577,1020275,5893,4600,1293
2896352577,1080277,6142,3503,2639
2896352577,1140302,2151,2924,-773
2896352577,1200331,4475,3016,1459
2896352577,1260335,5639,2123,3516
2896352577,1320342,2689,2122,567
2896352577,1380371,3967,3725,242
2896352577,1440382,5834,3938,1896
2896352577,1500383,1908,3425,-1517
2896352577,1560386,6293,2124,4169
2896352577,1620386,7478,1815,5663
2896378845,0,2500,2500,0
2896378845,60012,0,0,0
2896378845,120041,428,399,29
2896378845,180044,1425,1389,36
2896378845,240074,2900,2241,659
2896378845,300076,3749,2976,773
2896378845,360098,3331,3197,134
2896378845,420114,3787,2106,1681
2896378845,480128,4053,2609,1444
2896378845,540132,3424,1973,1451
2896378845,600142,2708,2388,320
2896378845,660159,3758,2424,1334
2896378845,720177,1998,2437,-439
2896378845,780180,2768,1587,1181
2896378845,840186,4915,1380,3535
2896378845,900190,2341,3036,-695
2896378845,960209,4363,3133,1230
2896378845,1020212,4815,2410,2405
2896378845,1080222,6194,3693,2501
2896378845,1140247,3523,4121,-598
2896378845,1200270,6230,3983,2247
2896378845,1260297,2926,3261,-335
2896378845,1320326,2956,2477,479
2896378845,1380349,6172,3409,2763
2896378845,1440357,7982,1982,6000
2896378845,1500380,5431,2817,2614
2896378845,1560383,5819,2289,3530
2896378845,1620409,10073,3836,6237
2896397053,0,7000,7000,0
2896397053,60027,300,300,0
2896397053,120028,2968,2914,54
2896397053,180057,2419,4581,-2162
2896397053,240086,5327,5224,103
2896397053,300115,6262,2181,4081
2896397053,360121,1061,3573,-2512
2896397053,420152,2419,3050,-631
2896397053,480159,3228,5244,-2016
2896397053,540188,7283,2366,4917
2896397053,600221,9574,3700,5874
2896397053,660250,11836,6068,5768
2896397053,720279,5681,2117,3564
2896397053,780308,2216,5844,-3628
2896397053,840337,4268,4423,-155
2896397053,900349,5757,3535,2222
2896397053,960381,3553,4443,-890
2896397053,1020413,4117,3583,534
2896397053,1080414,3812,2130,1682
2896397053,1140420,2678,5062,-2384
2896397053,1200437,2918,5736,-2818
2896397053,1260466,3344,6224,-2880
2896397053,1320497,5613,8502,-2889
2896397053,1380526,8179,10764,-2585
2896397053,1440549,13341,3859,9482
2896397053,1500572,4393,6805,-2412
2896397053,1560603,5437,8964,-3527
2896397053,1620603,6529,7392,-863
2896462964,0,2500,2500,0
2896462964,60030,0,0,0
2896462964,120034,320,284,36
2896462964,180039,1346,1987,-641
2896462964,240047,2862,2649,213
2896462964,300054,2704,2806,-102
2896462964,360086,3784,3158,626
2896462964,420100,3131,2420,711
2896462964,480132,1704,2926,-1222
2896462964,540156,4204,2563,1641
2896462964,600161,3489,3743,-254
2896462964,660193,4267,4524,-257
2896462964,720225,6148,2136,4012
2896462964,780249,2387,2672,-285
2896462964,840261,2934,6453,-3519
2896462964,900283,3344,2445,899
2896462964,960299,6188,2969,3219
2896462964,1020311,8280,3423,4857
2896462964,1080338,5718,3984,1734
2896462964,1140347,4281,5775,-1494
2896462964,1200363,7936,1294,6642
2896462964,1260376,8294,2243,6051
2896462964,1320402,7444,3357,4087
2896462964,1380413,10611,1301,9310
2896462964,1440437,3769,3714,55
2896462964,1500446,5355,4886,469
2896462964,1560452,7450,3167,4283
2896462964,1620452,7986,1589,6397
2896489020,0,2500,2500,0
2896489020,60014,0,0,0
2896489020,120019,480,395,85
2896489020,180020,1757,1739,18
2896489020,240048,1438,1825,-387
2896489020,300050,2888,2756,132
2896489020,360075,2617,4734,-2117
2896489020,420106,1791,944,847
2896489020,480128,3320,2556,764
2896489020,540136,1754,5207,-3453
2896489020,600141,2034,4118,-2084
2896489020,660146,6065,2268,3797
2896489020,720179,2596,2298,298
2896489020,780220,3789,3597,192
2896489020,840224,4009,4274,-265
2896489020,900244,4711,3352,1359
2896489020,960264,4869,5679,-810
2896489020,1020269,4323,1241,3082
2896489020,1080287,5526,2304,3222
2896489020,1140337,6367,4666,1701
2896489020,1200348,4661,1872,2789
2896489020,1260368,3081,2161,920
2896489020,1320396,3939,2085,1854
2896489020,1380424,1727,3453,-1726
2896489020,1440442,3121,3358,-237
2896489020,1500464,3165,3617,-452
2896489020,1560491,6262,5050,1212
2896489020,1620491,5178,5061,117
2896501137,0,2500,2500,0
2896501137,60008,0,0,0
2896501137,120039,456,461,-5
2896501137,180077,2445,1068,1377
2896501137,240082,2485,3125,-640
2896501137,300095,2035,1909,126
2896501137,360126,3966,3365,601
2896501137,420136,2638,2957,-319
2896501137,480148,3000,2027,973
2896501137,540181,5046,2153,2893
2896501137,600205,5903,2328,3575
2896501137,660205,3991,1747,2244
2896501137,720224,5155,4542,613
2896501137,780246,4616,3614,1002
2896501137,840248,1633,3804,-2171
2896501137,900258,3827,6208,-2381
2896501137,960262,3021,2392,629
2896501137,1020289,864,2536,-1672
2896501137,1080301,3351,4243,-892
2896501137,1140315,3642,2230,1412
2896501137,1200333,2686,2607,79
2896501137,1260351,4050,4138,-88
2896501137,1320361,1869,4208,-2339
2896501137,1380393,4051,1829,2222
2896501137,1440396,7388,3899,3489
2896501137,1500413,1845,3112,-1267
2896501137,1560427,5257,2644,2613
2896501137,1620427,7512,2779,4733
2896502259,0,2500,2500,0
2896502259,60021,0,0,0
2896502259,120024,442,370,72
2896502259,180053,1756,1657,99
2896502259,240083,2756,2643,113
2896502259,300113,2583,2941,-358
2896502259,360128,4199,2471,1728
2896502259,420128,2836,3661,-825
2896502259,480144,3090,3238,-148
2896502259,540145,4007,3150,857
2896502259,600156,4247,2137,2110
2896502259,660156,2612,2108,504
2896502259,720172,1734,4448,-2714
2896502259,780186,1851,3084,-1233
2896502259,840212,3116,2742,374
2896502259,900235,2848,1984,864
2896502259,960260,4869,2531,2338
2896502259,1020270,3157,2579,578
2896502259,1080276,5948,1353,4595
2896502259,1140301,2735,3118,-383
2896502259,1200309,2622,1450,1172
2896502259,1260328,4592,2902,1690
2896502259,1320361,2868,3530,-662
2896502259,1380376,6291,1144,5147
2896502259,1440382,5359,4786,573
2896502259,1500408,1996,3249,-1253
2896502259,1560424,3895,4313,-418
2896502259,1620424,4250,2974,1276
2896541183,0,2500,2500,0
2896541183,60004,0,570,-570
2896541183,120016,367,483,-116
2896541183,180026,2701,1434,1267
2896541183,240054,1016,2423,-1407
2896541183,300075,1838,3781,-1943
2896541183,360089,2300,3937,-1637
2896541183,420099,4681,3559,1122
2896541183,480126,3351,1875,1476
2896541183,540138,1303,3238,-1935
2896541183,600169,2228,4317,-2089
2896541183,660172,4710,3709,1001
2896541183,720204,2633,2363,270
2896541183,780211,4089,2428,1661
2896541183,840239,2746,2534,212
2896541183,900268,4404,3225,1179
2896541183,960291,5674,3212,2462
2896541183,1020301,2877,3259,-382
2896541183,1080304,1327,3970,-2643
2896541183,1140314,2375,3900,-1525
2896541183,1200342,4109,3119,990
2896541183,1260371,5374,3900,1474
2896541183,1320398,4850,2017,2833
2896541183,1380399,7512,3607,3905
2896541183,1440408,4025,5836,-1811
2896541183,1500426,6710,467,6243
2896541183,1560459,3485,2713,772
2896541183,1620459,4144,1416,2728
2896547115,0,2500,2500,0
2896547115,60000,0,0,0
2896547115,120003,371,285,86
2896547115,180032,1466,1633,-167
2896547115,240052,2831,2036,795
2896547115,300091,4502,2448,2054
2896547115,360118,3860,3385,475
2896547115,420125,3529,4026,-497
2896547115,480157,3150,2996,154
2896547115,540166,4464,3383,1081
2896547115,600196,2739,4717,-1978
2896547115,660201,3425,5570,-2145
2896547115,720220,4150,3667,483
2896547115,780221,4084,5325,-1241
2896547115,840228,5113,2616,2497
2896547115,900247,3023,2572,451
2896547115,960262,3602,3862,-260
2896547115,1020294,3710,2415,1295
2896547115,1080320,3606,3840,-234
2896547115,1140335,2851,1780,1071
2896547115,1200361,3844,3109,735
2896547115,1260381,4855,3396,1459
2896547115,1320396,7664,3332,4332
2896547115,1380416,2539,3187,-648
2896547115,1440448,4153,2676,1477
2896547115,1500455,5122,3478,1644
2896547115,1560479,6815,2117,4698
2896547115,1620479,7488,1994,5494
2896549634,0,7000,7000,0
2896549634,60030,0,1480,-1480
2896549634,120033,2135,4205,-2070
2896549634,180063,4721,5737,-1016
2896549634,240091,7576,3619,3957
2896549634,300120,6600,5243,1357
2896549634,360151,9712,3555,6157
2896549634,420180,4906,4924,-18
2896549634,480209,6650,4242,2408
2896549634,540228,9623,6001,3622
2896549634,600258,7204,4026,3178
2896549634,660287,4124,6833,-2709
2896549634,720306,3636,3410,226
2896549634,780312,6267,3116,3151
2896549634,840316,1916,4395,-2479
2896549634,900346,5429,1440,3989
2896549634,960373,5171,4375,796
2896549634,1020379,3234,2329,905
2896549634,1080385,3442,4643,-1201
2896549634,1140416,4878,6474,-1596
2896549634,1200429,6728,4574,2154
2896549634,1260451,8750,5007,3743
2896549634,1320479,2599,2595,4
2896549634,1380486,3741,6766,-3025
2896549634,1440499,6199,2213,3986
2896549634,1500513,4198,6506,-2308
2896549634,1560518,6756,6769,-13
2896549634,1620518,7995,6952,1043
2896553410,0,2500,2500,0
2896553410,60018,0,0,0
2896553410,120026,457,440,17
2896553410,180027,1752,1831,-79
2896553410,240045,3531,2013,1518
2896553410,300086,3745,2869,876
2896553410,360095,1525,2712,-1187
2896553410,420127,3217,2044,1173
2896553410,480146,1958,1918,40
2896553410,540162,2997,4227,-1230
2896553410,600181,4115,2249,1866
2896553410,660205,2520,2328,192
2896553410,720225,5142,3663,1479
2896553410,780230,1582,2056,-474
2896553410,840247,3948,3480,468
2896553410,900273,3348,2828,520
2896553410,960304,4970,2091,2879
2896553410,1020329,3679,3204,475
2896553410,1080360,6526,1451,5075
2896553410,1140363,4556,2595,1961
2896553410,1200367,5142,3900,1242
2896553410,1260380,4722,1293,3429
2896553410,1320412,4101,1961,2140
2896553410,1380437,5223,2898,2325
2896553410,1440464,5774,4285,1489
2896553410,1500469,3492,1919,1573
2896553410,1560472,5915,3199,2716
2896553410,1620472,7150,2028,5122
2896557429,0,2500,2500,0
2896557429,60013,0,0,0
2896557429,120016,370,541,-171
2896557429,180044,1714,1959,-245
2896557429,240055,2842,2873,-31
2896557429,300087,3340,4300,-960
2896557429,360116,4510,3164,1346
2896557429,420117,1537,1494,43
2896557429,480135,1543,3179,-1636
2896557429,540169,3169,3578,-409
2896557429,600193,5205,4300,905
2896557429,660201,2785,1707,1078
2896557429,720221,2654,2462,192
2896557429,780233,3144,3781,-637
2896557429,840257,1437,4418,-2981
2896557429,900265,3764,1937,1827
2896557429,960290,5033,4061,972
2896557429,1020303,3592,1022,2570
2896557429,1080320,5296,3296,2000
2896557429,1140345,872,3808,-2936
2896557429,1200357,2654,3853,-1199
2896557429,1260366,3656,4717,-1061
2896557429,1320381,2714,4431,-1717
2896557429,1380382,2503,3421,-918
2896557429,1440398,2719,2579,140
2896557429,1500430,2546,1664,882
2896557429,1560433,5671,2559,3112
2896557429,1620433,4774,1727,3047
2896592537,0,2500,2500,0
2896592537,60010,500,0,500
2896592537,120016,402,380,22
2896592537,180040,1837,1733,104
2896592537,240059,3162,2824,338
2896592537,300065,2934,1617,1317
2896592537,360079,849,1096,-247
2896592537,420097,2048,1489,559
2896592537,480118,3730,2987,743
2896592537,540122,3133,1993,1140
2896592537,600139,1353,3046,-1693
2896592537,660178,3806,3152,654
2896592537,720202,1872,4511,-2639
2896592537,780204,3823,5551,-1728
2896592537,840205,4563,2003,2560
2896592537,900224,3654,3007,647
2896592537,960234,1769,2320,-551
2896592537,1020251,4843,3373,1470
2896592537,1080276,5885,2778,3107
2896592537,1140306,1630,3535,-1905
2896592537,1200331,2561,4230,-1669
2896592537,1260354,3868,4149,-281
2896592537,1320386,4375,1169,3206
2896592537,1380398,2804,2943,-139
2896592537,1440430,1700,3729,-2029
2896592537,1500440,2251,5289,-3038
2896592537,1560442,6853,2686,4167
2896592537,1620442,6494,2744,3750
2896595980,0,2500,2500,0
2896595980,60009,0,0,0
2896595980,120023,413,419,-6
2896595980,180036,1619,1640,-21
2896595980,240050,2777,1909,868
2896595980,300058,3578,2331,1247
2896595980,360070,3905,3691,214
2896595980,420078,4497,836,3661
2896595980,480102,2358,1730,628
2896595980,540129,3317,2640,677
2896595980,600145,3955,1952,2003
2896595980,660163,3118,2669,449
2896595980,720178,5729,2757,2972
2896595980,780207,5922,4078,1844
2896595980,840240,6468,1656,4812
2896595980,900251,2584,2806,-222
2896595980,960260,3610,2344,1266
2896595980,1020290,4506,1982,2524
2896595980,1080311,4324,3407,917
2896595980,1140323,4745,4138,607
2896595980,1200326,3903,4644,-741
2896595980,1260330,3338,2922,416
2896595980,1320361,4392,3758,634
2896595980,1380382,5195,3127,2068
2896595980,1440398,5570,3223,2347
2896595980,1500410,5079,4545,534
2896595980,1560443,4564,3386,1178
2896595980,1620443,6406,1515,4891
2896634396,0,2500,2500,0
2896634396,60020,0,0,0
2896634396,120034,438,409,29
2896634396,180063,1859,2181,-322
2896634396,240069,1895,3046,-1151
2896634396,300073,3510,4147,-637
2896634396,360088,2539,915,1624
2896634396,420116,1734,3021,-1287
2896634396,480148,3681,2880,801
2896634396,540167,1695,2234,-539
2896634396,600191,3852,2032,1820
2896634396,660221,1898,3686,-1788
2896634396,720240,4126,2212,1914
2896634396,780244,2721,3637,-916
2896634396,840268,3785,4156,-371
2896634396,900274,4153,3715,438
2896634396,960301,6824,4680,2144
2896634396,1020326,2927,1895,1032
2896634396,1080348,4246,2478,1768
2896634396,1140369,6087,1518,4569
2896634396,1200379,4827,2790,2037
2896634396,1260396,5239,3334,1905
2896634396,1320419,3900,4060,-160
2896634396,1380441,4713,3025,1688
2896634396,1440458,8516,2437,6079
2896634396,1500462,11854,3608,8246
2896634396,1560472,17274,2055,15219
2896634396,1620472,17205,1677,15528
2896703077,0,2500,2500,0
2896703077,60022,1000,0,1000
2896703077,120025,747,362,385
2896703077,180028,1806,2286,-480
2896703077,240046,2287,3022,-735
2896703077,300079,2575,4575,-2000
2896703077,360096,4057,5002,-945
2896703077,420123,1486,2257,-771
2896703077,480130,2799,3512,-713
2896703077,540145,4363,1915,2448
2896703077,600164,4075,2539,1536
2896703077,660169,2631,791,1840
2896703077,720176,3435,1534,1901
2896703077,780189,2927,2987,-60
2896703077,840191,4293,5239,-946
2896703077,900205,1900,4722,-2822
2896703077,960217,3587,3798,-211
2896703077,1020245,4151,3205,946
2896703077,1080264,2090,5440,-3350
2896703077,1140269,6844,1650,5194
2896703077,1200282,7218,2571,4647
2896703077,1260307,9309,2916,6393
2896703077,1320318,5850,3668,2182
2896703077,1380344,3029,3882,-853
2896703077,1440350,5059,2453,2606
2896703077,1500373,4702,1901,2801
2896703077,1560395,4901,3385,1516
2896703077,1620395,7149,1420,5729
2896710703,0,2500,2500,0
2896710703,60006,0,0,0
2896710703,120008,409,335,74
2896710703,180037,1845,1799,46
2896710703,240061,2889,3115,-226
2896710703,300095,1933,3888,-1955
2896710703,360124,3273,3202,71
2896710703,420157,4766,4371,395
2896710703,480160,6801,5288,1513
2896710703,540180,3685,6929,-3244
2896710703,600182,3134,6079,-2945
2896710703,660198,4292,3094,1198
2896710703,720216,3509,1342,2167
2896710703,780243,3091,2601,490
2896710703,840271,4162,5216,-1054
2896710703,900298,3038,1471,1567
2896710703,960328,2076,2526,-450
2896710703,1020354,4276,2000,2276
2896710703,1080381,3923,3472,451
2896710703,1140382,7283,1787,5496
2896710703,1200392,4727,2488,2239
2896710703,1260422,4053,5316,-1263
2896710703,1320449,3861,1230,2631
2896710703,1380460,2681,2055,626
2896710703,1440484,4541,1910,2631
2896710703,1500513,1719,1812,-93
2896710703,1560529,3820,2094,1726
2896710703,1620529,7773,1874,5899
2896713264,0,2500,2500,0
2896713264,60010,0,0,0
2896713264,120028,1782,262,1520
2896713264,180066,1999,1480,519
2896713264,240078,1770,3459,-1689
2896713264,300094,1827,2082,-255
2896713264,360109,3392,2030,1362
2896713264,420122,1338,2109,-771
2896713264,480134,3224,2604,620
2896713264,540143,3809,3141,668
2896713264,600170,4184,2768,1416
2896713264,660204,4054,2496,1558
2896713264,720207,5082,2129,2953
2896713264,780240,2925,1730,1195
2896713264,840249,4181,1887,2294
2896713264,900253,3924,2195,1729
2896713264,960285,6155,4212,1943
2896713264,1020309,1535,1356,179
2896713264,1080329,2819,3853,-1034
2896713264,1140357,3529,804,2725
2896713264,1200372,6085,2703,3382
2896713264,1260405,2112,1749,363
2896713264,1320428,5543,2987,2556
2896713264,1380457,4499,4466,33
2896713264,1440487,2749,2118,631
2896713264,1500493,4281,4073,208
2896713264,1560514,4263,4019,244
2896713264,1620542,7985,4046,3939
2896716117,0,2500,2500,0
2896716117,60020,0,0,0
2896716117,120024,530,453,77
2896716117,180027,1629,1948,-319
2896716117,240045,2496,3409,-913
2896716117,300060,4103,3966,137
2896716117,360075,2868,2975,-107
2896716117,420114,2078,1672,406
2896716117,480120,3126,2793,333
2896716117,540151,5411,2929,2482
2896716117,600165,4795,2451,2344
2896716117,660173,5850,2779,3071
2896716117,720176,5303,3707,1596
2896716117,780177,6241,2092,4149
2896716117,840202,2498,1910,588
2896716117,900235,5374,2440,2934
2896716117,960265,3247,2934,313
2896716117,1020294,4601,456,4145
2896716117,1080310,5471,1190,4281
2896716117,1140339,4143,1625,2518
2896716117,1200358,3533,3312,221
2896716117,1260374,5137,2507,2630
2896716117,1320405,2108,3119,-1011
2896716117,1380426,4634,2561,2073
2896716117,1440453,3698,3935,-237
2896716117,1500460,2175,4198,-2023
2896716117,1560489,5440,1910,3530
2896716117,1620489,9172,2547,6625
2896717013,0,7000,7000,0
2896717013,60031,55,1550,-1495
2896717013,120042,2295,3594,-1299
2896717013,180079,4718,5665,-947
2896717013,240111,7300,6893,407
2896717013,300117,6999,6770,229
2896717013,360119,3170,4763,-1593
2896717013,420148,4973,6068,-1095
2896717013,480179,4806,3787,1019
2896717013,540208,3566,2567,999
2896717013,600237,4002,3940,62
2896717013,660255,6810,3973,2837
2896717013,720271,2794,5766,-2972
2896717013,780287,4115,4438,-323
2896717013,840317,4309,2722,1587
2896717013,900339,3615,2945,670
2896717013,960346,5791,4692,1099
2896717013,1020363,10239,990,9249
2896717013,1080396,6171,5458,713
2896717013,1140410,3676,4165,-489
2896717013,1200438,5812,4898,914
2896717013,1260441,8342,5205,3137
2896717013,1320469,6228,5276,952
2896717013,1380492,8422,5504,2918
2896717013,1440507,3242,6321,-3079
2896717013,1500518,5018,5364,-346
2896717013,1560532,7503,5605,1898
2896717013,1620563,9410,6073,3337
2896748125,0,2500,2500,0
2896748125,60020,0,0,0
2896748125,120023,390,427,-37
2896748125,180032,1153,2272,-1119
2896748125,240040,1254,3698,-2444
2896748125,300067,2810,814,1996
2896748125,360089,2272,2356,-84
2896748125,420116,3055,3086,-31
2896748125,480137,3707,2279,1428
2896748125,540172,2646,3304,-658
2896748125,600189,2767,3865,-1098
2896748125,660218,1760,2273,-513
2896748125,720238,3675,3134,541
2896748125,780269,4762,962,3800
2896748125,840295,3345,3525,-180
2896748125,900305,2811,2840,-29
2896748125,960322,2404,3093,-689
2896748125,1020353,4978,4581,397
2896748125,1080380,2958,3544,-586
2896748125,1140389,4042,3143,899
2896748125,1200405,5075,3099,1976
2896748125,1260411,2580,2104,476
2896748125,1320429,4639,3312,1327
2896748125,1380431,4037,1976,2061
2896748125,1440440,4066,2126,1940
2896748125,1500461,2202,2482,-280
2896748125,1560479,2026,1505,521
2896748125,1620479,5910,2223,3687
2896759432,0,2500,2500,0
2896759432,60020,5,0,5
2896759432,120024,435,446,-11
2896759432,180031,1505,1462,43
2896759432,240059,2457,2253,204
2896759432,300066,3019,2752,267
2896759432,360076,2532,2902,-370
2896759432,420076,1716,4219,-2503
2896759432,480092,2680,3661,-981
2896759432,540113,3553,1963,1590
2896759432,600137,3068,4202,-1134
2896759432,660164,2717,4909,-2192
2896759432,720180,4487,4261,226
2896759432,780188,4301,5873,-1572
2896759432,840189,3180,5071,-1891
2896759432,900189,4262,4697,-435
2896759432,960196,2613,1969,644
2896759432,1020226,5516,2619,2897
2896759432,1080231,5497,4035,1462
2896759432,1140247,3373,4035,-662
2896759432,1200270,3285,4628,-1343
2896759432,1260283,4758,2958,1800
2896759432,1320290,4391,4849,-458
2896759432,1380313,4160,4639,-479
2896759432,1440321,1904,7556,-5652
2896759432,1500330,4692,1865,2827
2896759432,1560351,1209,2364,-1155
2896759432,1620378,5274,2386,2888
2896778292,0,2500,2500,0
2896778292,60029,0,0,0
2896778292,120059,409,413,-4
2896778292,180090,1907,1682,225
2896778292,240110,2866,2980,-114
2896778292,300144,2982,4760,-1778
2896778292,360174,3848,3053,795
2896778292,420182,4875,2832,2043
2896778292,480190,2205,3971,-1766
2896778292,540203,1801,1657,144
2896778292,600210,3614,2040,1574
2896778292,660231,1653,3887,-2234
2896778292,720244,2464,3942,-1478
2896778292,780245,3836,4061,-225
2896778292,840262,3493,2636,857
2896778292,900290,3472,971,2501
2896778292,960294,4536,2464,2072
2896778292,1020305,7753,2092,5661
2896778292,1080328,3815,4389,-574
2896778292,1140335,3605,1577,2028
2896778292,1200367,3416,1836,1580
2896778292,1260399,3691,2474,1217
2896778292,1320410,2240,2699,-459
2896778292,1380415,3257,3333,-76
2896778292,1440445,5923,2552,3371
2896778292,1500461,8027,4848,3179
2896778292,1560463,1247,5982,-4735
2896778292,1620473,4208,1436,2772
2896794321,0,2500,2500,0
2896794321,60031,149,0,149
2896794321,120039,549,443,106
2896794321,180042,2193,1632,561
2896794321,240060,2903,2424,479
2896794321,300070,4764,3323,1441
2896794321,360077,3883,2447,1436
2896794321,420095,3432,1812,1620
2896794321,480111,2601,2844,-243
2896794321,540120,5149,3310,1839
2896794321,600133,3398,1227,2171
2896794321,660135,2885,2599,286
2896794321,720162,2237,2364,-127
2896794321,780194,4048,3193,855
2896794321,840214,3876,1601,2275
2896794321,900255,2631,3578,-947
2896794321,960270,2777,4330,-1553
2896794321,1020284,4540,4016,524
2896794321,1080315,3443,2788,655
2896794321,1140353,1498,3944,-2446
2896794321,1200354,2620,4414,-1794
2896794321,1260356,4511,3270,1241
2896794321,1320381,5424,2530,2894
2896794321,1380404,2059,3193,-1134
2896794321,1440425,2702,3388,-686
2896794321,1500437,4321,5276,-955
2896794321,1560446,7546,832,6714
2896794321,1620469,12866,2019,10847
2896798579,0,2500,2500,0
2896798579,60012,0,0,0
2896798579,120035,416,428,-12
2896798579,180044,1662,2049,-387
2896798579,240059,2933,2546,387
2896798579,300066,3604,2955,649
2896798579,360071,3724,4845,-1121
2896798579,420099,596,2332,-1736
2896798579,480105,1932,3720,-1788
2896798579,540123,2849,5324,-2475
2896798579,600140,2352,4333,-1981
2896798579,660180,4497,3570,927
2896798579,720193,1112,3170,-2058
2896798579,780202,2596,2788,-192
2896798579,840229,2821,4470,-1649
2896798579,900236,4114,4866,-752
2896798579,960244,1882,1406,476
2896798579,1020271,2164,3796,-1632
2896798579,1080273,3065,5500,-2435
2896798579,1140301,1913,4436,-2523
2896798579,1200310,5321,3496,1825
2896798579,1260343,5017,1795,3222
2896798579,1320347,1601,4791,-3190
2896798579,1380365,4805,3535,1270
2896798579,1440377,3655,1930,1725
2896798579,1500387,5946,2363,3583
2896798579,1560413,9916,3187,6729
2896798579,1620413,11515,2525,8990
2896799865,0,2500,2500,0
2896799865,60018,0,50,-50
2896799865,120021,404,527,-123
2896799865,180076,1599,1835,-236
2896799865,240079,2681,3349,-668
2896799865,300106,4809,2687,2122
2896799865,360138,2856,2944,-88
2896799865,420168,3531,4191,-660
2896799865,480180,4751,3108,1643
2896799865,540189,4929,2670,2259
2896799865,600203,3064,4095,-1031
2896799865,660228,4811,2285,2526
2896799865,720235,1890,2859,-969
2896799865,780264,3250,4692,-1442
2896799865,840277,2548,4827,-2279
2896799865,900291,2552,2527,25
2896799865,960296,5348,3425,1923
2896799865,1020317,6739,2432,4307
2896799865,1080334,7697,4342,3355
2896799865,1140360,2150,2018,132
2896799865,1200379,4837,3649,1188
2896799865,1260393,6417,3803,2614
2896799865,1320406,8369,4458,3911
2896799865,1380421,5395,4784,611
2896799865,1440441,8079,2868,5211
2896799865,1500470,3786,5474,-1688
2896799865,1560491,5627,3334,2293
2896799865,1620516,10330,3022,7308
2896810888,0,2500,2500,0
2896810888,60008,0,500,-500
2896810888,120027,349,349,0
2896810888,180027,1426,1322,104
2896810888,240047,3064,2146,918
2896810888,300051,4417,3981,436
2896810888,360078,4112,3056,1056
2896810888,420090,4066,3011,1055
2896810888,480110,6754,3071,3683
2896810888,540121,1813,2374,-561
2896810888,600153,2675,2511,164
2896810888,660163,3447,2928,519
2896810888,720190,4569,2140,2429
2896810888,780211,3345,3590,-245
2896810888,840215,5773,4654,1119
2896810888,900241,3785,3758,27
2896810888,960262,2224,3243,-1019
2896810888,1020278,4787,2406,2381
2896810888,1080291,5984,1643,4341
2896810888,1140295,7883,1559,6324
2896810888,1200328,6725,2178,4547
2896810888,1260350,4541,2447,2094
2896810888,1320351,4053,2647,1406
2896810888,1380357,5426,3993,1433
2896810888,1440371,4539,4429,110
2896810888,1500384,7584,3735,3849
2896810888,1560416,5360,4309,1051
2896810888,1620416,9271,2762,6509
2896813971,0,2500,2500,0
2896813971,60020,0,0,0
2896813971,120034,464,486,-22
2896813971,180037,1861,1957,-96
2896813971,240066,3276,2880,396
2896813971,300085,4130,2359,1771
2896813971,360117,2697,1861,836
2896813971,420140,1997,3710,-1713
2896813971,480150,3435,1583,1852
2896813971,540171,3391,4573,-1182
2896813971,600177,1790,2272,-482
2896813971,660192,3754,2885,869
2896813971,720218,4017,3499,518
2896813971,780223,2128,2901,-773
2896813971,840230,4505,3161,1344
2896813971,900255,3576,2592,984
2896813971,960288,1305,3627,-2322
2896813971,1020314,3145,5379,-2234
2896813971,1080318,4167,1690,2477
2896813971,1140338,2259,3319,-1060
2896813971,1200346,4784,1995,2789
2896813971,1260349,5299,2322,2977
2896813971,1320371,4891,3661,1230
2896813971,1380381,3617,3281,336
2896813971,1440395,5116,4487,629
2896813971,1500398,3877,5009,-1132
2896813971,1560431,8703,4665,4038
2896813971,1620431,9435,1754,7681
2896853415,0,2500,2500,0
2896853415,60017,30,80,-50
2896853415,120030,427,449,-22
2896853415,180033,1644,1958,-314
2896853415,240047,2656,2704,-48
2896853415,300058,3795,4541,-746
2896853415,360066,4444,2656,1788
2896853415,420068,3386,4149,-763
2896853415,480086,3683,3695,-12
2896853415,540096,2311,1846,465
2896853415,600119,2338,2032,306
2896853415,660137,4998,1413,3585
2896853415,720143,2246,3362,-1116
2896853415,780167,4023,3087,936
2896853415,840192,2957,2235,722
2896853415,900224,5790,3716,2074
2896853415,960253,2157,3583,-1426
2896853415,1020258,4291,1946,2345
2896853415,1080291,4625,1221,3404
2896853415,1140317,4012,2434,1578
2896853415,1200328,6218,1576,4642
2896853415,1260358,6697,5468,1229
2896853415,1320377,1731,2660,-929
2896853415,1380396,3679,2056,1623
2896853415,1440424,7222,1298,5924
2896853415,1500439,3934,3175,759
2896853415,1560443,3929,3838,91
2896853415,1620443,6972,3243,3729
2896858611,0,2500,2500,0
2896858611,60020,0,0,0
2896858611,120030,426,321,105
2896858611,180089,2126,1292,834
2896858611,240101,3435,2447,988
2896858611,300112,3248,3687,-439
2896858611,360120,1059,2191,-1132
2896858611,420136,2315,3058,-743
2896858611,480137,2810,2097,713
2896858611,540138,3609,1924,1685
2896858611,600170,1490,2818,-1328
2896858611,660185,3043,2293,750
2896858611,720208,4381,3437,944
2896858611,780223,7298,2551,4747
2896858611,840242,2066,4405,-2339
2896858611,900258,2606,4034,-1428
2896858611,960285,3548,4497,-949
2896858611,1020288,3430,5048,-1618
2896858611,1080318,4631,4001,630
2896858611,1140321,5354,4564,790
2896858611,1200332,4315,5522,-1207
2896858611,1260340,4628,5619,-991
2896858611,1320400,3192,7664,-4472
2896858611,1380418,4455,6290,-1835
2896858611,1440424,1890,5555,-3665
2896858611,1500441,4403,5404,-1001
2896858611,1560447,6763,5482,1281
2896858611,1620447,1860,4486,-2626
2896860447,0,2500,2500,0
2896860447,60000,500,0,500
2896860447,120011,516,432,84
2896860447,180015,2104,1775,329
2896860447,240034,2090,3379,-1289
2896860447,300049,4110,1512,2598
2896860447,360055,2719,3226,-507
2896860447,420072,3506,3052,454
2896860447,480093,3133,2648,485
2896860447,540118,3530,1868,1662
2896860447,600124,4835,1710,3125
2896860447,660153,2700,3151,-451
2896860447,720170,4226,4062,164
2896860447,780174,7443,6968,475
2896860447,840178,1628,1806,-178
2896860447,900227,1682,4837,-3155
2896860447,960250,4504,3247,1257
2896860447,1020262,5601,3626,1975
2896860447,1080285,4847,3170,1677
2896860447,1140316,8305,2843,5462
2896860447,1200324,2797,2409,388
2896860447,1260330,4726,2808,1918
2896860447,1320334,6462,2006,4456
2896860447,1380341,9105,2814,6291
2896860447,1440370,7523,2025,5498
2896860447,1500386,1632,3436,-1804
2896860447,1560411,4822,2925,1897
2896860447,1620411,5625,2862,2763
2896881612,0,2500,2500,0
2896881612,60014,0,5,-5
2896881612,120023,404,536,-132
2896881612,180045,1900,1808,92
2896881612,240058,2334,4124,-1790
2896881612,300073,4040,2658,1382
2896881612,360089,4059,2436,1623
2896881612,420102,4062,3222,840
2896881612,480132,4523,2881,1642
2896881612,540170,1527,2931,-1404
2896881612,600193,2964,2838,126
2896881612,660217,3945,2804,1141
2896881612,720248,5709,2737,2972
2896881612,780256,6363,2414,3949
2896881612,840263,6429,3863,2566
2896881612,900274,5485,3166,2319
2896881612,960278,3890,4661,-771
2896881612,1020309,5077,2469,2608
2896881612,1080334,7097,1462,5635
2896881612,1140353,10048,3396,6652
2896881612,1200377,11213,2516,8697
2896881612,1260407,2662,2577,85
2896881612,1320413,3850,4752,-902
2896881612,1380421,5486,2188,3298
2896881612,1440452,8354,1685,6669
2896881612,1500458,5597,4373,1224
2896881612,1560483,1497,3538,-2041
2896881612,1620483,4442,3145,1297
2896927959,0,2500,2500,0
2896927959,60000,0,0,0
2896927959,120031,351,402,-51
2896927959,180043,2306,1428,878
2896927959,240053,1770,3716,-1946
2896927959,300064,2638,4870,-2232
2896927959,360072,3049,4526,-1477
2896927959,420092,2666,2951,-285
2896927959,480104,2991,4439,-1448
2896927959,540112,3908,5703,-1795
2896927959,600119,5524,5674,-150
2896927959,660162,6025,2793,3232
2896927959,720191,2370,2455,-85
2896927959,780197,3877,3292,585
2896927959,840198,5387,3779,1608
2896927959,900213,4258,2839,1419
2896927959,960244,1253,3899,-2646
2896927959,1020265,3396,6523,-3127
2896927959,1080270,1011,5025,-4014
2896927959,1140290,3620,6283,-2663
2896927959,1200296,4180,1701,2479
2896927959,1260326,2410,3111,-701
2896927959,1320328,3570,4441,-871
2896927959,1380349,4122,7523,-3401
2896927959,1440358,4863,2412,2451
2896927959,1500391,4684,2544,2140
2896927959,1560392,6832,3606,3226
2896927959,1620423,9838,4083,5755
2896933667,0,2500,2500,0
2896933667,60024,0,0,0
2896933667,120038,415,399,16
2896933667,180045,1622,1707,-85
2896933667,240048,1801,2790,-989
2896933667,300077,3160,3186,-26
2896933667,360085,3866,3517,349
2896933667,420110,3818,1265,2553
2896933667,480115,1976,2736,-760
2896933667,540141,2987,2477,510
2896933667,600152,2660,1745,915
2896933667,660178,2380,3753,-1373
2896933667,720197,2953,2594,359
2896933667,780227,5201,4026,1175
2896933667,840254,8571,1418,7153
2896933667,900261,3564,3874,-310
2896933667,960279,5410,3125,2285
2896933667,1020289,5155,5077,78
2896933667,1080299,3046,5055,-2009
2896933667,1140331,4155,3219,936
2896933667,1200333,6057,3276,2781
2896933667,1260338,4681,2793,1888
2896933667,1320347,2675,3746,-1071
2896933667,1380369,5677,3482,2195
2896933667,1440378,2790,3815,-1025
2896933667,1500388,4164,2698,1466
2896933667,1560408,5747,5769,-22
2896933667,1620408,6686,7186,-500
2896941559,0,2500,2500,0
2896941559,60018,0,0,0
2896941559,120022,409,391,18
2896941559,180067,2026,1739,287
2896941559,240099,3351,2276,1075
2896941559,300117,2667,2144,523
2896941559,360120,4431,839,3592
2896941559,420137,2804,2147,657
2896941559,480165,2806,3595,-789
2896941559,540173,2103,5126,-3023
2896941559,600177,3201,2139,1062
2896941559,660185,3487,2307,1180
2896941559,720189,1691,1568,123
2896941559,780209,2484,3237,-753
2896941559,840211,5392,1507,3885
2896941559,900218,6150,1601,4549
2896941559,960244,2485,2902,-417
2896941559,1020264,4370,2767,1603
2896941559,1080284,6755,3262,3493
2896941559,1140295,4881,1649,3232
2896941559,1200317,2429,4569,-2140
2896941559,1260345,4457,6320,-1863
2896941559,1320375,3846,2598,1248
2896941559,1380405,6834,2726,4108
2896941559,1440414,11063,1950,9113
2896941559,1500435,5603,2466,3137
2896941559,1560467,2902,2571,331
2896941559,1620467,4328,3191,1137
2896956966,0,2500,2500,0
2896956966,60026,0,500,-500
2896956966,120031,377,798,-421
2896956966,180086,2329,1765,564
2896956966,240089,3382,2373,1009
2896956966,300107,2271,1336,935
2896956966,360124,3884,2416,1468
2896956966,420153,1636,2891,-1255
2896956966,480154,3905,2701,1204
2896956966,540166,5219,2744,2475
2896956966,600193,3161,2579,582
2896956966,660203,3861,2488,1373
2896956966,720204,4987,1808,3179
2896956966,780235,2087,2694,-607
2896956966,840257,2257,3392,-1135
2896956966,900277,4975,1611,3364
2896956966,960286,2388,2112,276
2896956966,1020301,6279,3532,2747
2896956966,1080332,4431,2531,1900
2896956966,1140357,5097,4637,460
2896956966,1200374,5768,1557,4211
2896956966,1260378,4317,2381,1936
2896956966,1320393,4616,2239,2377
2896956966,1380402,3400,2308,1092
2896956966,1440432,3093,3434,-341
2896956966,1500457,5044,4469,575
2896956966,1560483,7760,3042,4718
2896956966,1620483,3947,2983,964
2896966851,0,2500,2500,0
2896966851,60022,0,0,0
2896966851,120027,454,402,52
2896966851,180055,1799,1678,121
2896966851,240075,4004,3489,515
2896966851,300105,2169,2247,-78
2896966851,360135,3809,3508,301
2896966851,420175,3184,4418,-1234
2896966851,480175,2957,4242,-1285
2896966851,540192,3241,2417,824
2896966851,600217,4974,3601,1373
2896966851,660235,2995,2922,73
2896966851,720255,2807,4366,-1559
2896966851,780277,1864,2371,-507
2896966851,840294,4529,3980,549
2896966851,900303,4444,3404,1040
2896966851,960310,2482,4629,-2147
2896966851,1020340,3550,5848,-2298
2896966851,1080353,6004,2434,3570
2896966851,1140383,6131,2401,3730
2896966851,1200389,2239,1851,388
2896966851,1260411,4673,3404,1269
2896966851,1320443,3033,1996,1037
2896966851,1380467,3986,2065,1921
2896966851,1440470,3484,2468,1016
2896966851,1500475,8435,1847,6588
2896966851,1560478,7651,2755,4896
2896966851,1620478,7425,2210,5215
2897001672,0,7000,7000,0
2897001672,60022,1500,350,1150
2897001672,120046,3032,2626,406
2897001672,180066,4283,3386,897
2897001672,240069,4594,4354,240
2897001672,300078,5289,3664,1625
2897001672,360096,6225,2986,3239
2897001672,420099,4612,2470,2142
2897001672,480132,6319,2402,3917
2897001672,540159,6834,4587,2247
2897001672,600176,5436,1414,4022
2897001672,660206,1476,3443,-1967
2897001672,720216,4107,4236,-129
2897001672,780221,3777,3488,289
2897001672,840232,2450,5136,-2686
2897001672,900260,2230,2263,-33
2897001672,960281,4154,6749,-2595
2897001672,1020295,5886,1996,3890
2897001672,1080297,3238,4647,-1409
2897001672,1140314,4637,2054,2583
2897001672,1200327,7410,3101,4309
2897001672,1260354,11368,3793,7575
2897001672,1320381,6492,8726,-2234
2897001672,1380384,2363,5666,-3303
2897001672,1440414,4992,4831,161
2897001672,1500435,6398,6058,340
2897001672,1560448,3272,6792,-3520
2897001672,1620448,3342,5281,-1939
2897008157,0,2500,2500,0
2897008157,60020,0,0,0
2897008157,120048,473,382,91
2897008157,180050,1520,2312,-792
2897008157,240059,2841,2882,-41
2897008157,300065,4391,3865,526
2897008157,360091,4426,5192,-766
2897008157,420116,4449,2254,2195
2897008157,480127,1747,1701,46
2897008157,540158,3635,1746,1889
2897008157,600190,1664,3192,-1528
2897008157,660217,4206,2686,1520
2897008157,720232,3621,2396,1225
2897008157,780240,2971,4317,-1346
2897008157,840261,3519,4964,-1445
2897008157,900293,2043,2505,-462
2897008157,960309,4589,3675,914
2897008157,1020330,4130,3208,922
2897008157,1080357,4740,2532,2208
2897008157,1140372,5798,1179,4619
2897008157,1200394,3192,2866,326
2897008157,1260425,5086,2098,2988
2897008157,1320440,6953,3480,3473
2897008157,1380454,4947,3432,1515
2897008157,1440459,5156,2784,2372
2897008157,1500484,6670,3458,3212
2897008157,1560515,8675,2907,5768
2897008157,1620515,12120,2500,9620
2897022389,0,7000,7000,0
2897022389,60032,150,100,50
2897022389,120065,2082,2209,-127
2897022389,180096,3800,3748,52
2897022389,240129,6432,3756,2676
2897022389,300160,8242,5282,2960
2897022389,360190,8685,3894,4791
2897022389,420219,2316,6623,-4307
2897022389,480249,2599,9299,-6700
2897022389,540278,7335,1260,6075
2897022389,600309,943,4917,-3974
2897022389,660339,2877,5896,-3019
2897022389,720341,4784,4874,-90
2897022389,780345,5698,3277,2421
2897022389,840347,3816,3493,323
2897022389,900355,3636,6651,-3015
2897022389,960385,5086,6169,-1083
2897022389,1020401,3595,4411,-816
2897022389,1080422,5790,6744,-954
2897022389,1140451,6850,8023,-1173
2897022389,1200476,5812,2866,2946
2897022389,1260491,8945,4922,4023
2897022389,1320507,12831,3533,9298
2897022389,1380517,14951,5515,9436
2897022389,1440536,6842,7247,-405
2897022389,1500565,5820,5112,708
2897022389,1560596,7939,7505,434
2897022389,1620598,11332,5166,6166
2897058023,0,2500,2500,0
2897058023,60010,0,0,0
2897058023,120029,358,437,-79
2897058023,180031,1350,1621,-271
2897058023,240054,1892,2158,-266
2897058023,300083,2598,2810,-212
2897058023,360113,1095,4911,-3816
2897058023,420128,2558,4747,-2189
2897058023,480148,2494,1736,758
2897058023,540163,3134,2471,663
2897058023,600174,1584,2901,-1317
2897058023,660188,1954,3135,-1181
2897058023,720204,2675,2805,-130
2897058023,780221,2922,3549,-627
2897058023,840249,4476,2226,2250
2897058023,900264,2185,4560,-2375
2897058023,960278,2475,3080,-605
2897058023,1020279,2295,4936,-2641
2897058023,1080293,5420,2208,3212
2897058023,1140296,2086,2517,-431
2897058023,1200323,3523,1445,2078
2897058023,1260336,5813,2536,3277
2897058023,1320363,4919,2142,2777
2897058023,1380384,2367,3678,-1311
2897058023,1440416,6011,2781,3230
2897058023,1500449,3841,2231,1610
2897058023,1560455,4862,2076,2786
2897058023,1620455,8348,1600,6748
2897108655,0,2500,2500,0
2897108655,60030,0,0,0
2897108655,120031,356,383,-27
2897108655,180065,1967,2665,-698
2897108655,240094,2194,2077,117
2897108655,300096,2422,2801,-379
2897108655,360128,1900,4548,-2648
2897108655,420136,1321,4587,-3266
2897108655,480166,2875,4052,-1177
2897108655,540197,2655,4465,-1810
2897108655,600209,5463,5158,305
2897108655,660214,3963,5058,-1095
2897108655,720221,2198,2061,137
2897108655,780224,2421,4393,-1972
2897108655,840247,2698,4896,-2198
2897108655,900251,2800,3509,-709
2897108655,960269,3690,4783,-1093
2897108655,1020293,3563,5929,-2366
2897108655,1080314,6987,3412,3575
2897108655,1140343,2863,1293,1570
2897108655,1200360,5719,1031,4688
2897108655,1260369,9298,1491,7807
2897108655,1320374,1392,3780,-2388
2897108655,1380383,1381,2903,-1522
2897108655,1440403,3957,4212,-255
2897108655,1500433,4271,3592,679
2897108655,1560463,5274,3648,1626
2897108655,1620463,6968,1425,5543
2897124657,0,7000,7000,0
2897124657,60002,275,300,-25
2897124657,120020,2329,2704,-375
2897124657,180023,2891,5501,-2610
2897124657,240028,4513,6942,-2429
2897124657,300032,6079,9060,-2981
2897124657,360046,8875,8867,8
2897124657,420052,7005,8796,-1791
2897124657,480073,9544,10432,-888
2897124657,540097,3355,8503,-5148
2897124657,600125,2880,7760,-4880
2897124657,660149,2527,11499,-8972
2897124657,720179,3841,13351,-9510
2897124657,780182,7537,8161,-624
2897124657,840202,8246,10828,-2582
2897124657,900204,7090,9181,-2091
2897124657,960220,5083,12045,-6962
2897124657,1020235,8387,13296,-4909
2897124657,1080250,6902,11976,-5074
2897124657,1140281,3103,16222,-13119
2897124657,1200289,6144,5595,549
2897124657,1260319,3796,6735,-2939
2897124657,1320347,6356,7035,-679
2897124657,1380360,7891,4247,3644
2897124657,1440374,3929,7067,-3138
2897124657,1500404,6093,3215,2878
2897124657,1560408,9087,4953,4134
2897124657,1620408,12588,5226,7362
2897140935,0,2500,2500,0
2897140935,60008,0,0,0
2897140935,120038,931,429,502
2897140935,180071,2412,1953,459
2897140935,240102,3919,2542,1377
2897140935,300104,1933,3107,-1174
2897140935,360105,3182,5028,-1846
2897140935,420107,3781,562,3219
2897140935,480126,916,1818,-902
2897140935,540141,2629,3397,-768
2897140935,600154,2649,4570,-1921
2897140935,660165,2645,1461,1184
2897140935,720186,2910,3659,-749
2897140935,780191,1885,3657,-1772
2897140935,840222,4256,5143,-887
2897140935,900259,3265,2524,741
2897140935,960275,2493,1919,574
2897140935,1020303,3260,3177,83
2897140935,1080326,6440,2397,4043
2897140935,1140344,1573,2593,-1020
2897140935,1200372,4260,1867,2393
2897140935,1260385,4120,1492,2628
2897140935,1320410,6273,2610,3663
2897140935,1380413,3745,1752,1993
2897140935,1440413,5944,2123,3821
2897140935,1500437,1845,3178,-1333
2897140935,1560462,6584,1047,5537
2897140935,1620462,8596,1767,6829
2897141799,0,2500,2500,0
2897141799,60003,0,0,0
2897141799,120020,412,404,8
2897141799,180059,2267,1575,692
2897141799,240091,2190,2018,172
2897141799,300101,3357,3494,-137
2897141799,360110,2428,4043,-1615
2897141799,420112,2723,2947,-224
2897141799,480128,4170,2921,1249
2897141799,540143,5697,4457,1240
2897141799,600176,4617,5962,-1345
2897141799,660192,1788,6648,-4860
2897141799,720201,2824,1398,1426
2897141799,780208,2093,2950,-857
2897141799,840215,4747,3084,1663
2897141799,900228,2600,3716,-1116
2897141799,960247,2674,3720,-1046
2897141799,1020272,3856,5417,-1561
2897141799,1080296,3137,3939,-802
2897141799,1140301,3952,3440,512
2897141799,1200323,3876,2178,1698
2897141799,1260330,5618,3360,2258
2897141799,1320353,5415,4073,1342
2897141799,1380365,4379,4929,-550
2897141799,1440373,6547,2183,4364
2897141799,1500397,3180,2640,540
2897141799,1560421,5033,3017,2016
2897141799,1620421,5548,2529,3019
2897144081,0,2500,2500,0
2897144081,60005,519,0,519
2897144081,120005,425,390,35
2897144081,180034,1810,1577,233
2897144081,240050,1833,2918,-1085
2897144081,300082,2892,1463,1429
2897144081,360111,3701,1382,2319
2897144081,420125,1562,3598,-2036
2897144081,480127,3491,3087,404
2897144081,540134,4678,4773,-95
2897144081,600164,4521,3692,829
2897144081,660171,4747,1685,3062
2897144081,720188,3585,2811,774
2897144081,780216,4582,5852,-1270
2897144081,840219,2334,3188,-854
2897144081,900246,1927,1602,325
2897144081,960269,3464,1908,1556
2897144081,1020301,1134,2266,-1132
2897144081,1080306,3577,3796,-219
2897144081,1140312,7414,2727,4687
2897144081,1200313,5438,4187,1251
2897144081,1260338,3534,2200,1334
2897144081,1320355,3815,4033,-218
2897144081,1380379,4023,3657,366
2897144081,1440402,3472,2322,1150
2897144081,1500409,2585,3633,-1048
2897144081,1560428,2882,2630,252
2897144081,1620428,6642,2517,4125
2897146066,0,2500,2500,0
2897146066,60004,539,20,519
2897146066,120012,1048,388,660
2897146066,180046,2540,1702,838
2897146066,240075,2674,1982,692
2897146066,300084,3515,2296,1219
2897146066,360098,5067,3486,1581
2897146066,420102,4831,3090,1741
2897146066,480117,2826,3101,-275
2897146066,540128,4564,2293,2271
2897146066,600139,6030,3547,2483
2897146066,660166,5416,1756,3660
2897146066,720198,5918,4353,1565
2897146066,780212,2995,3478,-483
2897146066,840236,5139,2206,2933
2897146066,900249,7379,3000,4379
2897146066,960259,3355,5791,-2436
2897146066,1020261,2714,7156,-4442
2897146066,1080273,4901,3022,1879
2897146066,1140277,4259,4095,164
2897146066,1200294,4276,3120,1156
2897146066,1260306,4029,4563,-534
2897146066,1320332,5191,2335,2856
2897146066,1380359,8556,1590,6966
2897146066,1440367,1443,5527,-4084
2897146066,1500374,2227,3796,-1569
2897146066,1560387,6569,3428,3141
2897146066,1620387,7799,1138,6661
2897146552,0,2500,2500,0
2897146552,60001,500,0,500
2897146552,120007,893,325,568
2897146552,180009,1240,1587,-347
2897146552,240034,3147,2677,470
2897146552,300042,4417,1735,2682
2897146552,360051,2232,3185,-953
2897146552,420064,3055,1594,1461
2897146552,480095,3646,1628,2018
2897146552,540123,1525,2639,-1114
2897146552,600151,3562,2407,1155
2897146552,660160,5070,2751,2319
2897146552,720164,1542,4482,-2940
2897146552,780192,2203,3917,-1714
2897146552,840220,1705,1893,-188
2897146552,900233,1823,3308,-1485
2897146552,960248,5071,2764,2307
2897146552,1020269,3872,1636,2236
2897146552,1080273,5138,3717,1421
2897146552,1140300,2984,1224,1760
2897146552,1200323,2180,1871,309
2897146552,1260342,4213,2347,1866
2897146552,1320357,6073,2088,3985
2897146552,1380359,6681,2372,4309
2897146552,1440375,4408,3707,701
2897146552,1500401,5243,2571,2672
2897146552,1560432,4926,3871,1055
2897146552,1620437,6808,3108,3700
2897152441,0,2500,2500,0
2897152441,60001,0,0,0
2897152441,120031,382,409,-27
2897152441,180061,1732,1613,119
2897152441,240089,3112,2740,372
2897152441,300117,4410,3312,1098
2897152441,360144,3471,4959,-1488
2897152441,420175,1532,2327,-795
2897152441,480204,2971,1685,1286
2897152441,540210,4904,3091,1813
2897152441,600219,2995,1598,1397
2897152441,660237,3204,2809,395
2897152441,720243,3464,2609,855
2897152441,780250,3036,3446,-410
2897152441,840253,6462,2937,3525
2897152441,900259,3957,3690,267
2897152441,960284,4403,4281,122
2897152441,1020296,6436,4640,1796
2897152441,1080300,7261,3566,3695
2897152441,1140327,3899,3198,701
2897152441,1200339,3005,4412,-1407
2897152441,1260340,5636,3505,2131
2897152441,1320341,8935,2286,6649
2897152441,1380372,5489,3215,2274
2897152441,1440389,8850,4271,4579
2897152441,1500398,6466,3864,2602
2897152441,1560405,5076,2202,2874
2897152441,1620423,8209,3109,5100
2897166848,0,2500,2500,0
2897166848,60011,0,0,0
2897166848,120024,401,420,-19
2897166848,180052,1954,1336,618
2897166848,240082,2572,1831,741
2897166848,300088,1162,990,172
2897166848,360095,2423,2373,50
2897166848,420115,3940,2496,1444
2897166848,480130,3956,3223,733
2897166848,540152,3470,5450,-1980
2897166848,600167,2982,3250,-268
2897166848,660168,2976,2784,192
2897166848,720194,2183,3173,-990
2897166848,780203,4486,2593,1893
2897166848,840211,4681,978,3703
2897166848,900241,1548,5203,-3655
2897166848,960256,3314,3673,-359
2897166848,1020284,2261,3602,-1341
2897166848,1080312,5283,1937,3346
2897166848,1140329,2734,2304,430
2897166848,1200347,3342,3627,-285
2897166848,1260349,5507,4441,1066
2897166848,1320381,6950,2332,4618
2897166848,1380412,7274,4682,2592
2897166848,1440423,2076,2073,3
2897166848,1500451,5465,1908,3557
2897166848,1560461,11374,1993,9381
2897166848,1620461,13371,1454,11917
2897205162,0,7000,7000,0
2897205162,60030,250,120,130
2897205162,120060,2162,2801,-639
2897205162,180089,3907,3637,270
2897205162,240090,5925,4587,1338
2897205162,300118,5726,3965,1761
2897205162,360150,3394,3272,122
2897205162,420179,4680,3699,981
2897205162,480186,7527,2193,5334
2897205162,540214,4809,3513,1296
2897205162,600235,2642,6469,-3827
2897205162,660265,4263,5926,-1663
2897205162,720271,5987,5902,85
2897205162,780300,5383,7346,-1963
2897205162,840329,6823,1366,5457
2897205162,900339,7554,3936,3618
2897205162,960343,5248,5006,242
2897205162,1020363,4391,7305,-2914
2897205162,1080393,1724,4578,-2854
2897205162,1140416,2613,7470,-4857
2897205162,1200427,4846,4233,613
2897205162,1260460,2938,6155,-3217
2897205162,1320484,4106,5957,-1851
2897205162,1380485,3033,3645,-612
2897205162,1440493,5570,5970,-400
2897205162,1500509,5408,7392,-1984
2897205162,1560511,6836,9016,-2180
2897205162,1620523,9195,11570,-2375
2897208415,0,2500,2500,0
2897208415,60002,0,500,-500
2897208415,120004,956,393,563
2897208415,180033,3322,1195,2127
2897208415,240044,3651,1574,2077
2897208415,300078,3627,2111,1516
2897208415,360106,2639,1692,947
2897208415,420116,2042,2090,-48
2897208415,480121,2770,3753,-983
2897208415,540132,2536,1907,629
2897208415,600148,2687,3886,-1199
2897208415,660165,4494,4203,291
2897208415,720194,1072,2220,-1148
2897208415,780212,2070,4165,-2095
2897208415,840216,3042,1591,1451
2897208415,900222,3911,1635,2276
2897208415,960224,4458,2797,1661
2897208415,1020233,3272,1628,1644
2897208415,1080263,2191,2417,-226
2897208415,1140265,3170,4655,-1485
2897208415,1200296,2105,2354,-249
2897208415,1260322,5064,1805,3259
2897208415,1320352,2784,3582,-798
2897208415,1380364,3470,3731,-261
2897208415,1440378,3142,2397,745
2897208415,1500383,5401,2434,2967
2897208415,1560408,7598,1900,5698
2897208415,1620408,7886,2044,5842
2897219302,0,2500,2500,0
2897219302,60029,0,0,0
2897219302,120042,351,382,-31
2897219302,180047,2249,1379,870
2897219302,240076,2023,1734,289
2897219302,300081,4434,2595,1839
2897219302,360114,2131,3218,-1087
2897219302,420130,2346,2924,-578
2897219302,480154,3923,2512,1411
2897219302,540170,2925,4369,-1444
2897219302,600179,4615,1877,2738
2897219302,660208,2464,2616,-152
2897219302,720223,3061,3674,-613
2897219302,780249,1153,2818,-1665
2897219302,840275,3725,1821,1904
2897219302,900293,4134,3149,985
2897219302,960309,3121,5024,-1903
2897219302,1020340,4435,4495,-60
2897219302,1080350,4588,2291,2297
2897219302,1140371,4382,3691,691
2897219302,1200396,6653,1882,4771
2897219302,1260419,2480,3562,-1082
2897219302,1320432,1730,5160,-3430
2897219302,1380461,4626,3333,1293
2897219302,1440477,6474,1318,5156
2897219302,1500481,5660,3421,2239
2897219302,1560495,2964,1971,993
2897219302,1620495,5109,1387,3722
2897411175,0,2500,2500,0
2897411175,60008,0,0,0
2897411175,120017,460,391,69
2897411175,180043,1822,1604,218
2897411175,240047,3263,2446,817
2897411175,300054,4332,3287,1045
2897411175,360055,3742,1225,2517
2897411175,420065,1522,1603,-81
2897411175,480078,3210,2683,527
2897411175,540109,4093,2474,1619
2897411175,600116,2410,2262,148
2897411175,660144,2499,3162,-663
2897411175,720152,5676,1698,3978
2897411175,780160,3219,1996,1223
2897411175,840171,2793,3215,-422
2897411175,900189,4326,4475,-149
2897411175,960195,4566,1501,3065
2897411175,1020223,4649,2558,2091
2897411175,1080238,4136,2789,1347
2897411175,1140253,2134,6237,-4103
2897411175,1200280,4142,2007,2135
2897411175,1260285,4776,2740,2036
2897411175,1320315,7514,2794,4720
2897411175,1380341,8996,3026,5970
2897411175,1440371,6208,3973,2235
2897411175,1500378,3074,2735,339
2897411175,1560381,4307,3125,1182
2897411175,1620395,6640,4454,2186
2897490360,0,2550,2550,0
2897490360,60013,0,0,0
2897490360,120042,940,770,170
2897490360,180071,1128,2282,-1154
2897490360,240100,1431,1404,27
2897490360,300131,1352,1340,12
2897490360,360160,1124,983,141
2897490360,420189,2295,1121,1174
2897490360,480218,596,1898,-1302
2897490360,540246,1760,1419,341
2897490360,600275,2736,2462,274
2897490360,660304,2964,834,2130
2897490360,720333,2821,2147,674
2897490360,780338,902,3949,-3047
2897490360,840367,3002,3417,-415
2897490360,900396,3312,1055,2257
2897490360,960425,686,1410,-724
2897490360,1020456,2013,1600,413
2897490360,1080485,3022,2432,590
2897490360,1140511,4837,1905,2932
2897490360,1200540,1132,2738,-1606
2897490360,1260569,1961,3205,-1244
2897490360,1320598,2524,2433,91
2897490360,1380627,535,1320,-785
2897490360,1440632,3072,1416,1656
2897490360,1500662,2866,2638,228
2897490360,1560693,4420,2980,1440
2897490360,1620693,4674,2518,2156
2897516314,0,2500,2500,0
2897516314,60023,0,0,0
2897516314,120034,434,368,66
2897516314,180038,2301,1433,868
2897516314,240060,1290,2942,-1652
2897516314,300089,2418,2403,15
2897516314,360110,1989,1804,185
2897516314,420133,2417,1999,418
2897516314,480157,2958,2696,262
2897516314,540185,5297,2418,2879
2897516314,600189,3639,2831,808
2897516314,660220,3930,3030,900
2897516314,720232,5866,3003,2863
2897516314,780264,1596,2000,-404
2897516314,840282,2852,3533,-681
2897516314,900304,3021,1543,1478
2897516314,960307,3294,2226,1068
2897516314,1020320,5656,3321,2335
2897516314,1080324,3680,1616,2064
2897516314,1140351,2563,3346,-783
2897516314,1200374,2700,2030,670
2897516314,1260406,4215,4687,-472
2897516314,1320426,2922,7286,-4364
2897516314,1380427,2399,3806,-1407
2897516314,1440451,5112,3140,1972
2897516314,1500455,1509,2352,-843
2897516314,1560486,5503,1692,3811
2897516314,1620486,10332,3254,7078
2897523833,0,2500,2500,0
2897523833,60025,0,500,-500
2897523833,120028,429,309,120
2897523833,180031,1823,2422,-599
2897523833,240049,2570,3862,-1292
2897523833,300062,3803,3421,382
2897523833,360078,2468,1927,541
2897523833,420091,1782,2081,-299
2897523833,480092,2549,3764,-1215
2897523833,540122,1968,2644,-676
2897523833,600126,3623,1718,1905
2897523833,660143,3134,2920,214
2897523833,720153,4306,4625,-319
2897523833,780175,5578,4125,1453
2897523833,840203,5050,2687,2363
2897523833,900215,2517,5278,-2761
2897523833,960230,2429,4587,-2158
2897523833,1020263,4038,5824,-1786
2897523833,1080271,4166,4160,6
2897523833,1140272,5109,3113,1996
2897523833,1200273,2748,3449,-701
2897523833,1260283,4849,3183,1666
2897523833,1320287,4769,2665,2104
2897523833,1380318,5377,3268,2109
2897523833,1440342,4628,3362,1266
2897523833,1500350,4294,1884,2410
2897523833,1560371,3747,2699,1048
2897523833,1620379,7610,3600,4010
2897525147,0,2500,2500,0
2897525147,60025,20,30,-10
2897525147,120028,413,476,-63
2897525147,180028,1775,2433,-658
2897525147,240041,2282,4509,-2227
2897525147,300049,1700,2743,-1043
2897525147,360058,2650,2094,556
2897525147,420077,3767,2213,1554
2897525147,480101,4605,3169,1436
2897525147,540125,4616,2682,1934
2897525147,600137,5725,1744,3981
2897525147,660154,2437,2501,-64
2897525147,720179,4684,2000,2684
2897525147,780188,1689,2278,-589
2897525147,840195,3208,2235,973
2897525147,900221,5618,2648,2970
2897525147,960251,4421,2066,2355
2897525147,1020258,2706,3614,-908
2897525147,1080275,3009,4346,-1337
2897525147,1140294,3306,2694,612
2897525147,1200322,3517,3086,431
2897525147,1260349,4120,1073,3047
2897525147,1320355,3117,2212,905
2897525147,1380357,6721,3319,3402
2897525147,1440387,7749,1252,6497
2897525147,1500412,5913,2450,3463
2897525147,1560420,6878,1457,5421
2897525147,1620420,3758,-352,4110
2897576524,0,2500,2500,0
2897576524,60005,0,0,0
2897576524,120010,443,373,70
2897576524,180017,2795,1966,829
2897576524,240031,2137,1471,666
2897576524,300070,1289,1606,-317
2897576524,360103,2992,2856,136
2897576524,420114,1993,1932,61
2897576524,480144,2681,2822,-141
2897576524,540176,3733,1608,2125
2897576524,600204,4025,3755,270
2897576524,660233,6596,3722,2874
2897576524,720250,4324,2800,1524
2897576524,780266,6048,3410,2638
2897576524,840278,2520,3193,-673
2897576524,900295,3421,4428,-1007
2897576524,960301,5268,3437,1831
2897576524,1020310,1730,2244,-514
2897576524,1080326,2896,3736,-840
2897576524,1140343,2949,2946,3
2897576524,1200351,3580,5055,-1475
2897576524,1260352,5166,4310,856
2897576524,1320355,6626,4814,1812
2897576524,1380362,1787,3923,-2136
2897576524,1440386,4462,2867,1595
2897576524,1500390,3687,3253,434
2897576524,1560397,6921,3157,3764
2897576524,1620397,6732,2722,4010
2897632880,0,2500,2500,0
2897632880,60004,0,20,-20
2897632880,120034,449,429,20
2897632880,180044,1636,1886,-250
2897632880,240072,2239,2318,-79
2897632880,300088,3031,4365,-1334
2897632880,360089,4064,3027,1037
2897632880,420095,3836,5031,-1195
2897632880,480109,2901,3224,-323
2897632880,540121,2688,1547,1141
2897632880,600122,3765,2371,1394
2897632880,660130,4307,3548,759
2897632880,720146,4061,3952,109
2897632880,780165,5939,2095,3844
2897632880,840170,3770,3756,14
2897632880,900174,1553,5157,-3604
2897632880,960178,2864,2463,401
2897632880,1020205,5361,1853,3508
2897632880,1080223,4423,1264,3159
2897632880,1140224,4739,2611,2128
2897632880,1200240,4649,4704,-55
2897632880,1260245,1251,3583,-2332
2897632880,1320246,5661,2145,3516
2897632880,1380258,5025,1649,3376
2897632880,1440272,4488,3658,830
2897632880,1500288,6771,2519,4252
2897632880,1560304,5372,1764,3608
2897632880,1620333,12746,2437,10309
2897643919,0,2500,2500,0
2897643919,60018,0,0,0
2897643919,120025,373,407,-34
2897643919,180059,1889,2228,-339
2897643919,240089,1151,2897,-1746
2897643919,300093,2244,2559,-315
2897643919,360124,3883,3115,768
2897643919,420126,5168,3320,1848
2897643919,480132,1034,3531,-2497
2897643919,540165,4311,1671,2640
2897643919,600183,3749,2846,903
2897643919,660196,2991,3831,-840
2897643919,720216,2404,6247,-3843
2897643919,780228,3413,802,2611
2897643919,840258,4001,2505,1496
2897643919,900279,5418,3518,1900
2897643919,960306,2937,6872,-3935
2897643919,1020335,6034,1114,4920
2897643919,1080357,1603,2394,-791
2897643919,1140380,1520,3647,-2127
2897643919,1200389,4123,1901,2222
2897643919,1260406,3022,4131,-1109
2897643919,1320408,4411,3460,951
2897643919,1380420,7432,3486,3946
2897643919,1440444,7334,4012,3322
2897643919,1500470,2700,1907,793
2897643919,1560500,6539,2449,4090
2897643919,1620500,8600,1559,7041
2897651437,0,2500,2500,0
2897651437,60026,0,0,0
2897651437,120058,398,442,-44
2897651437,180090,1709,2248,-539
2897651437,240107,2911,2411,500
2897651437,300124,770,2195,-1425
2897651437,360152,2313,1870,443
2897651437,420180,2380,3222,-842
2897651437,480186,2104,1737,367
2897651437,540193,2169,3635,-1466
2897651437,600216,1513,2242,-729
2897651437,660229,3253,3350,-97
2897651437,720258,1749,3462,-1713
2897651437,780269,3465,1522,1943
2897651437,840282,3715,2354,1361
2897651437,900293,4234,4035,199
2897651437,960312,4270,1835,2435
2897651437,1020318,3819,3386,433
2897651437,1080347,1706,2909,-1203
2897651437,1140352,2330,4576,-2246
2897651437,1200390,3853,3618,235
2897651437,1260393,5686,1908,3778
2897651437,1320408,3241,2768,473
2897651437,1380440,2590,2856,-266
2897651437,1440471,3532,5206,-1674
2897651437,1500501,3834,4210,-376
2897651437,1560515,6637,2707,3930
2897651437,1620515,6410,2933,3477
2897669087,0,2500,2500,0
2897669087,60018,0,0,0
2897669087,120050,516,483,33
2897669087,180070,2010,1856,154
2897669087,240076,2916,3279,-363
2897669087,300118,3611,2697,914
2897669087,360129,3105,3206,-101
2897669087,420154,2744,1619,1125
2897669087,480179,1737,3239,-1502
2897669087,540207,1505,2256,-751
2897669087,600227,2210,1020,1190
2897669087,660253,2117,2864,-747
2897669087,720267,997,4498,-3501
2897669087,780268,2360,2909,-549
2897669087,840296,3937,2372,1565
2897669087,900325,3708,4011,-303
2897669087,960343,2194,4187,-1993
2897669087,1020360,7000,2512,4488
2897669087,1080387,6442,3079,3363
2897669087,1140406,3192,4172,-980
2897669087,1200437,3862,4577,-715
2897669087,1260451,3298,3316,-18
2897669087,1320465,4604,3476,1128
2897669087,1380488,4297,1473,2824
2897669087,1440489,4667,3194,1473
2897669087,1500518,5890,5410,480
2897669087,1560550,1635,1327,308
2897669087,1620567,4075,3378,697
2897720238,0,2500,2500,0
2897720238,60020,20,0,20
2897720238,120032,403,348,55
2897720238,180033,1643,1524,119
2897720238,240056,3083,3020,63
2897720238,300059,2781,2159,622
2897720238,360062,2362,2196,166
2897720238,420074,1950,2335,-385
2897720238,480084,2584,3257,-673
2897720238,540096,3152,2714,438
2897720238,600112,2792,2231,561
2897720238,660160,2964,4959,-1995
2897720238,720193,3982,1040,2942
2897720238,780216,2861,2936,-75
2897720238,840227,4084,4223,-139
2897720238,900247,4072,5111,-1039
2897720238,960252,2243,3584,-1341
2897720238,1020267,2943,3842,-899
2897720238,1080282,4660,3287,1373
2897720238,1140286,1565,5881,-4316
2897720238,1200309,4576,5090,-514
2897720238,1260312,3927,3635,292
2897720238,1320341,5971,6157,-186
2897720238,1380349,4859,5959,-1100
2897720238,1440377,8865,1841,7024
2897720238,1500386,3592,2622,970
2897720238,1560417,5448,3210,2238
2897720238,1620417,6939,3901,3038
2897741558,0,2500,2500,0
2897741558,60008,0,0,0
2897741558,120010,344,454,-110
2897741558,180041,2015,1265,750
2897741558,240058,1921,2004,-83
2897741558,300087,3577,3549,28
2897741558,360118,4288,4768,-480
2897741558,420150,1220,2362,-1142
2897741558,480180,2605,2755,-150
2897741558,540187,3831,3617,214
2897741558,600220,3088,3767,-679
2897741558,660228,2707,4974,-2267
2897741558,720239,2097,2190,-93
2897741558,780272,4364,3787,577
2897741558,840282,1491,2709,-1218
2897741558,900290,3833,3522,311
2897741558,960312,3814,3766,48
2897741558,1020341,3618,5971,-2353
2897741558,1080346,2971,3869,-898
2897741558,1140378,2528,3404,-876
2897741558,1200402,4884,4322,562
2897741558,1260419,1093,3774,-2681
2897741558,1320438,5287,1524,3763
2897741558,1380457,2178,3278,-1100
2897741558,1440458,4444,4150,294
2897741558,1500483,2705,3473,-768
2897741558,1560492,5783,2805,2978
2897741558,1620492,8279,2515,5764
2897765596,0,2500,2500,0
2897765596,60008,0,0,0
2897765596,120020,418,381,37
2897765596,180062,2463,1550,913
2897765596,240070,3787,2710,1077
2897765596,300088,1376,3367,-1991
2897765596,360108,1870,2550,-680
2897765596,420129,3443,3211,232
2897765596,480134,4032,4109,-77
2897765596,540142,5860,5305,555
2897765596,600173,7268,6394,874
2897765596,660190,3264,1577,1687
2897765596,720214,3791,3151,640
2897765596,780223,3262,1510,1752
2897765596,840249,4097,2497,1600
2897765596,900263,4038,3916,122
2897765596,960267,5852,1588,4264
2897765596,1020286,1199,3550,-2351
2897765596,1080310,3008,3399,-391
2897765596,1140316,5710,3108,2602
2897765596,1200319,2719,3111,-392
2897765596,1260323,3844,6534,-2690
2897765596,1320334,2206,6329,-4123
2897765596,1380338,3493,2252,1241
2897765596,1440362,3254,2364,890
2897765596,1500365,7626,2861,4765
2897765596,1560394,2923,3856,-933
2897765596,1620394,2937,3283,-346
2897770775,0,2500,2500,0
2897770775,60013,913,40,873
2897770775,120023,1218,499,719
2897770775,180054,2418,2797,-379
2897770775,240087,3466,1351,2115
2897770775,300102,2464,1720,744
2897770775,360107,2156,2448,-292
2897770775,420108,2178,3705,-1527
2897770775,480115,3257,1921,1336
2897770775,540135,4879,2631,2248
2897770775,600141,4365,2351,2014
2897770775,660149,7157,3005,4152
2897770775,720163,2926,2283,643
2897770775,780194,1710,3480,-1770
2897770775,840226,3646,1809,1837
2897770775,900254,3404,2905,499
2897770775,960256,3379,5021,-1642
2897770775,1020274,2232,3791,-1559
2897770775,1080277,4035,2963,1072
2897770775,1140294,6177,3148,3029
2897770775,1200298,4009,3767,242
2897770775,1260306,3803,4077,-274
2897770775,1320339,6043,3381,2662
2897770775,1380351,1381,3793,-2412
2897770775,1440378,2658,7118,-4460
2897770775,1500399,4092,6361,-2269
2897770775,1560428,4777,3708,1069
2897770775,1620429,6722,5727,995
2897782906,0,7000,7000,0
2897782906,60001,225,15,210
2897782906,120033,2959,1692,1267
2897782906,180061,3122,4388,-1266
2897782906,240062,5024,6117,-1093
2897782906,300091,1720,4400,-2680
2897782906,360120,4092,5507,-1415
2897782906,420123,4586,7101,-2515
2897782906,480153,6796,2477,4319
2897782906,540162,749,3737,-2988
2897782906,600192,4930,4732,198
2897782906,660221,2341,3149,-808
2897782906,720226,4470,1881,2589
2897782906,780253,2245,4157,-1912
2897782906,840274,2096,6672,-4576
2897782906,900304,2821,7223,-4402
2897782906,960323,2430,8056,-5626
2897782906,1020328,3806,9165,-5359
2897782906,1080360,5319,3618,1701
2897782906,1140385,4565,6120,-1555
2897782906,1200403,4468,4924,-456
2897782906,1260417,4013,7054,-3041
2897782906,1320443,2797,5269,-2472
2897782906,1380448,3038,7705,-4667
2897782906,1440460,4547,8309,-3762
2897782906,1500468,6886,10581,-3695
2897782906,1560480,5394,7872,-2478
2897782906,1620480,4217,-479,4696
2897831776,0,2500,2500,0
2897831776,60023,0,0,0
2897831776,120030,389,359,30
2897831776,180033,1675,1737,-62
2897831776,240064,3754,1439,2315
2897831776,300089,1613,1486,127
2897831776,360118,2008,2190,-182
2897831776,420135,3959,2501,1458
2897831776,480162,1672,1792,-120
2897831776,540169,2203,1806,397
2897831776,600179,3264,3047,217
2897831776,660202,2933,3716,-783
2897831776,720205,4205,3300,905
2897831776,780235,3378,2165,1213
2897831776,840268,3014,1997,1017
2897831776,900277,4047,2416,1631
2897831776,960306,2768,5683,-2915
2897831776,1020331,5428,2826,2602
2897831776,1080356,6265,2353,3912
2897831776,1140359,4196,3870,326
2897831776,1200359,3695,4353,-658
2897831776,1260377,3746,3423,323
2897831776,1320381,4384,2931,1453
2897831776,1380412,5455,2718,2737
2897831776,1440429,7232,3219,4013
2897831776,1500459,2287,2751,-464
2897831776,1560486,6927,3740,3187
2897831776,1620486,7817,3651,4166
2897834524,0,2500,2500,0
2897834524,60006,0,0,0
2897834524,120018,503,377,126
2897834524,180050,3022,1228,1794
2897834524,240051,1946,2462,-516
2897834524,300064,3703,2244,1459
2897834524,360094,1483,3431,-1948
2897834524,420095,2736,5581,-2845
2897834524,480124,4886,2316,2570
2897834524,540137,2739,3354,-615
2897834524,600145,2220,2936,-716
2897834524,660151,3835,2870,965
2897834524,720161,2287,3872,-1585
2897834524,780192,5225,2868,2357
2897834524,840195,3812,1565,2247
2897834524,900227,4473,3022,1451
2897834524,960248,3175,4057,-882
2897834524,1020252,2219,4668,-2449
2897834524,1080268,2441,6654,-4213
2897834524,1140278,5868,5369,499
2897834524,1200287,7945,2555,5390
2897834524,1260308,2706,2903,-197
2897834524,1320313,4380,4539,-159
2897834524,1380338,7065,1843,5222
2897834524,1440359,1235,1523,-288
2897834524,1500362,2782,4035,-1253
2897834524,1560371,5916,7248,-1332
2897834524,1620371,6120,7541,-1421
2897851175,0,2500,2500,0
2897851175,60002,0,0,0
2897851175,120006,385,319,66
2897851175,180042,1433,1546,-113
2897851175,240071,2730,2396,334
2897851175,300101,2831,3289,-458
2897851175,360133,3071,1667,1404
2897851175,420139,2278,2396,-118
2897851175,480169,1720,1892,-172
2897851175,540190,4315,2489,1826
2897851175,600193,2652,1587,1065
2897851175,660199,2188,3395,-1207
2897851175,720205,3431,2008,1423
2897851175,780222,3459,4001,-542
2897851175,840231,3800,2192,1608
2897851175,900262,4137,1878,2259
2897851175,960267,3299,2628,671
2897851175,1020291,4839,1188,3651
2897851175,1080308,996,2414,-1418
2897851175,1140318,3422,2971,451
2897851175,1200330,2974,3207,-233
2897851175,1260344,6606,3050,3556
2897851175,1320360,2353,5815,-3462
2897851175,1380364,4697,3208,1489
2897851175,1440376,2365,4909,-2544
2897851175,1500399,3146,3068,78
2897851175,1560402,4774,2633,2141
2897851175,1620402,5989,3661,2328
2897861503,0,2500,2500,0
2897861503,60011,0,0,0
2897861503,120017,444,458,-14
2897861503,180049,1892,2337,-445
2897861503,240055,2908,3919,-1011
2897861503,300059,4706,3261,1445
2897861503,360072,4376,3140,1236
2897861503,420091,1951,1523,428
2897861503,480116,3427,1716,1711
2897861503,540134,2356,4257,-1901
2897861503,600161,3136,2993,143
2897861503,660162,4290,4547,-257
2897861503,720175,3449,2752,697
2897861503,780202,3244,2824,420
2897861503,840210,4273,2123,2150
2897861503,900210,4111,3542,569
2897861503,960215,2787,4636,-1849
2897861503,1020222,5392,1529,3863
2897861503,1080250,3081,4675,-1594
2897861503,1140273,1767,2070,-303
2897861503,1200294,3860,1909,1951
2897861503,1260324,3777,4640,-863
2897861503,1320344,3276,5566,-2290
2897861503,1380374,3139,3820,-681
2897861503,1440387,5321,5773,-452
2897861503,1500392,3003,2904,99
2897861503,1560405,4872,3036,1836
2897861503,1620405,8625,2643,5982
2897867940,0,2500,2500,0
2897867940,60024,0,0,0
2897867940,120029,374,435,-61
2897867940,180035,1212,2851,-1639
2897867940,240058,4169,1671,2498
2897867940,300096,2871,2101,770
2897867940,360113,1776,1785,-9
2897867940,420113,2893,3186,-293
2897867940,480126,4693,2407,2286
2897867940,540155,1182,1266,-84
2897867940,600178,2765,1408,1357
2897867940,660186,4536,2255,2281
2897867940,720190,3271,1927,1344
2897867940,780198,3758,2174,1584
2897867940,840207,5443,3042,2401
2897867940,900221,6958,3215,3743
2897867940,960221,2670,2861,-191
2897867940,1020239,3811,3431,380
2897867940,1080268,2096,4089,-1993
2897867940,1140281,5014,3368,1646
2897867940,1200299,6052,2714,3338
2897867940,1260330,2834,3061,-227
2897867940,1320355,4567,3234,1333
2897867940,1380387,3155,3007,148
2897867940,1440394,2480,3440,-960
2897867940,1500415,5086,3443,1643
2897867940,1560439,5933,4716,1217
2897867940,1620439,6579,4477,2102
2897872022,0,2500,2500,0
2897872022,60006,0,0,0
2897872022,120010,540,412,128
2897872022,180046,1770,1814,-44
2897872022,240077,3963,3680,283
2897872022,300077,3390,3106,284
2897872022,360087,4538,4166,372
2897872022,420103,1091,2022,-931
2897872022,480114,3233,3674,-441
2897872022,540127,2732,2410,322
2897872022,600159,4786,1827,2959
2897872022,660159,2347,2683,-336
2897872022,720160,3562,2829,733
2897872022,780174,1755,3208,-1453
2897872022,840191,2892,3224,-332
2897872022,900197,4020,5791,-1771
2897872022,960220,1435,2844,-1409
2897872022,1020246,3412,1994,1418
2897872022,1080252,3700,3294,406
2897872022,1140279,2773,3002,-229
2897872022,1200308,5175,4972,203
2897872022,1260313,6464,2820,3644
2897872022,1320320,7922,2069,5853
2897872022,1380339,3930,3325,605
2897872022,1440362,3721,3771,-50
2897872022,1500395,4449,3246,1203
2897872022,1560398,5976,5393,583
2897872022,1620399,1938,2600,-662
2897878315,0,2500,2500,0
2897878315,60009,0,0,0
2897878315,120019,461,408,53
2897878315,180025,1891,1773,118
2897878315,240046,4040,2988,1052
2897878315,300049,3515,3503,12
2897878315,360050,5557,2208,3349
2897878315,420053,2354,2382,-28
2897878315,480060,1740,3304,-1564
2897878315,540065,2893,4782,-1889
2897878315,600089,3301,2642,659
2897878315,660111,5113,2921,2192
2897878315,720115,6370,1876,4494
2897878315,780123,1764,4313,-2549
2897878315,840146,3845,4191,-346
2897878315,900162,3049,4879,-1830
2897878315,960165,3438,2685,753
2897878315,1020177,4041,4570,-529
2897878315,1080191,2940,2999,-59
2897878315,1140192,4960,2005,2955
2897878315,1200207,6169,2759,3410
2897878315,1260222,4994,4931,63
2897878315,1320235,4392,4060,332
2897878315,1380255,8218,2536,5682
2897878315,1440260,5097,4295,802
2897878315,1500291,5189,3174,2015
2897878315,1560306,9409,2138,7271
2897878315,1620306,9272,2000,7272
2897895974,0,2500,2500,0
2897895974,60011,500,15,485
2897895974,120015,263,526,-263
2897895974,180024,2135,1416,719
2897895974,240052,2131,3100,-969
2897895974,300054,2604,3102,-498
2897895974,360067,1626,1830,-204
2897895974,420079,3059,3380,-321
2897895974,480088,2766,4320,-1554
2897895974,540112,3336,1699,1637
2897895974,600120,4123,926,3197
2897895974,660122,2754,1872,882
2897895974,720149,2916,3425,-509
2897895974,780174,2431,2767,-336
2897895974,840190,2570,5226,-2656
2897895974,900197,3018,4126,-1108
2897895974,960200,5838,3628,2210
2897895974,1020230,5676,2850,2826
2897895974,1080238,3619,4851,-1232
2897895974,1140252,1400,4724,-3324
2897895974,1200281,5797,2311,3486
2897895974,1260307,2975,4894,-1919
2897895974,1320330,4106,3071,1035
2897895974,1380334,6709,3796,2913
2897895974,1440365,5446,3265,2181
2897895974,1500375,4063,1311,2752
2897895974,1560396,5871,2477,3394
2897895974,1620396,4364,2604,1760
2897900048,0,7000,7000,0
2897900048,60016,150,108,42
2897900048,120047,2666,2303,363
2897900048,180051,5033,4296,737
2897900048,240081,7420,6366,1054
2897900048,300101,2883,2934,-51
2897900048,360134,2540,3127,-587
2897900048,420163,5646,3612,2034
2897900048,480193,7795,6030,1765
2897900048,540225,10268,7423,2845
2897900048,600254,3221,3793,-572
2897900048,660285,6544,2880,3664
2897900048,720287,2006,3438,-1432
2897900048,780316,4427,5545,-1118
2897900048,840333,2451,5877,-3426
2897900048,900360,2043,7424,-5381
2897900048,960364,5833,5806,27
2897900048,1020382,2784,3628,-844
2897900048,1080387,5187,5781,-594
2897900048,1140411,7781,3310,4471
2897900048,1200425,1860,3156,-1296
2897900048,1260447,2967,5609,-2642
2897900048,1320474,5925,6703,-778
2897900048,1380488,6501,4772,1729
2897900048,1440506,3820,6275,-2455
2897900048,1500517,6277,8432,-2155
2897900048,1560523,9118,10786,-1668
2897900048,1620523,9353,4408,4945
2897902721,0,2500,2500,0
2897902721,60004,0,0,0
2897902721,120008,428,404,24
2897902721,180040,1293,1304,-11
2897902721,240071,2231,2569,-338
2897902721,300071,3748,3346,402
2897902721,360100,3848,3261,587
2897902721,420133,3772,5259,-1487
2897902721,480166,3675,3444,231
2897902721,540176,1700,2421,-721
2897902721,600201,3514,2866,648
2897902721,660212,2636,3051,-415
2897902721,720228,3614,2078,1536
2897902721,780231,1818,2997,-1179
2897902721,840243,3330,3452,-122
2897902721,900252,2279,2698,-419
2897902721,960272,3112,2721,391
2897902721,1020294,4619,1096,3523
2897902721,1080307,3481,3257,224
2897902721,1140320,7549,1833,5716
2897902721,1200326,3721,3888,-167
2897902721,1260342,2526,2028,498
2897902721,1320351,3808,2528,1280
2897902721,1380369,4064,2334,1730
2897902721,1440390,4078,3724,354
2897902721,1500391,2169,2866,-697
2897902721,1560418,5280,2863,2417
2897902721,1620418,8545,2301,6244
2897917658,0,2500,2500,0
2897917658,60009,25,25,0
2897917658,120014,414,445,-31
2897917658,180045,2431,1633,798
2897917658,240072,3515,2607,908
2897917658,300102,3241,2625,616
2897917658,360105,1346,4803,-3457
2897917658,420115,2801,4473,-1672
2897917658,480121,3269,1533,1736
2897917658,540131,1468,2960,-1492
2897917658,600141,3048,2314,734
2897917658,660155,2469,2439,30
2897917658,720173,5091,4274,817
2897917658,780191,1733,1413,320
2897917658,840199,5403,1912,3491
2897917658,900216,2043,2238,-195
2897917658,960246,2375,2736,-361
2897917658,1020252,6025,4100,1925
2897917658,1080259,6788,1451,5337
2897917658,1140272,2774,3478,-704
2897917658,1200295,4702,3938,764
2897917658,1260299,5519,2126,3393
2897917658,1320325,3551,3398,153
2897917658,1380343,4413,6356,-1943
2897917658,1440360,2508,2078,430
2897917658,1500367,2903,2804,99
2897917658,1560368,8176,2383,5793
2897917658,1620368,7952,2472,5480
2897922237,0,7000,7000,0
2897922237,60021,0,300,-300
2897922237,120052,2039,2677,-638
2897922237,180083,3468,5418,-1950
2897922237,240087,6014,5166,848
2897922237,300118,4670,2105,2565
2897922237,360148,2092,4117,-2025
2897922237,420177,4373,3710,663
2897922237,480205,4138,3273,865
2897922237,540237,5270,2614,2656
2897922237,600266,4756,3043,1713
2897922237,660296,5209,5879,-670
2897922237,720327,6361,6491,-130
2897922237,780358,8344,2566,5778
2897922237,840388,8344,5503,2841
2897922237,900418,4760,3420,1340
2897922237,960428,3804,4967,-1163
2897922237,1020431,3590,2395,1195
2897922237,1080439,5840,3834,2006
2897922237,1140470,3955,3475,480
2897922237,1200500,5084,3782,1302
2897922237,1260507,6168,2821,3347
2897922237,1320508,5040,4733,307
2897922237,1380524,7850,3405,4445
2897922237,1440526,10302,6157,4145
2897922237,1500527,6307,9762,-3455
2897922237,1560543,10252,5998,4254
2897922237,1620543,10670,4953,5717
2897923197,0,2500,2500,0
2897923197,60008,500,1000,-500
2897923197,120018,465,439,26
2897923197,180053,1991,2166,-175
2897923197,240083,2950,2130,820
2897923197,300094,2867,2574,293
2897923197,360095,3479,3320,159
2897923197,420102,4927,3634,1293
2897923197,480106,1262,1860,-598
2897923197,540135,3253,2391,862
2897923197,600153,2654,1759,895
2897923197,660184,3640,1625,2015
2897923197,720212,4561,3586,975
2897923197,780218,1750,3037,-1287
2897923197,840243,3303,3775,-472
2897923197,900266,4655,6395,-1740
2897923197,960288,1056,3012,-1956
2897923197,1020297,3427,3211,216
2897923197,1080298,3898,4894,-996
2897923197,1140327,5145,8130,-2985
2897923197,1200356,2946,1367,1579
2897923197,1260357,2905,2928,-23
2897923197,1320367,6564,3126,3438
2897923197,1380390,7900,2746,5154
2897923197,1440414,5341,2768,2573
2897923197,1500427,3386,1549,1837
2897923197,1560459,4082,2667,1415
2897923197,1620477,5041,3370,1671
2897934502,0,2500,2500,0
2897934502,60002,0,0,0
2897934502,120031,418,401,17
2897934502,180061,1656,1754,-98
2897934502,240092,2489,2300,189
2897934502,300121,3174,3313,-139
2897934502,360150,3994,3742,252
2897934502,420155,2491,3246,-755
2897934502,480188,4506,1438,3068
2897934502,540212,5208,2797,2411
2897934502,600243,5673,2735,2938
2897934502,660256,4875,2393,2482
2897934502,720269,4619,3006,1613
2897934502,780301,3501,2887,614
2897934502,840302,5544,3415,2129
2897934502,900333,4355,2791,1564
2897934502,960342,4596,4129,467
2897934502,1020345,5077,2851,2226
2897934502,1080370,6806,4496,2310
2897934502,1140381,1603,2355,-752
2897934502,1200396,3938,3460,478
2897934502,1260427,2722,2241,481
2897934502,1320450,3437,2359,1078
2897934502,1380466,6320,1608,4712
2897934502,1440485,1645,2665,-1020
2897934502,1500517,5096,2879,2217
2897934502,1560550,4257,2305,1952
2897934502,1620550,4389,580,3809
2897938388,0,2500,2500,0
2897938388,60001,0,0,0
2897938388,120032,911,330,581
2897938388,180074,2370,2401,-31
2897938388,240082,2886,2730,156
2897938388,300102,1864,3179,-1315
2897938388,360114,2075,2084,-9
2897938388,420115,2601,3099,-498
2897938388,480130,3836,3341,495
2897938388,540134,1998,3538,-1540
2897938388,600167,1585,2948,-1363
2897938388,660168,3025,2390,635
2897938388,720191,2003,1949,54
2897938388,780219,2336,2422,-86
2897938388,840225,4054,2118,1936
2897938388,900235,4137,3863,274
2897938388,960258,7041,924,6117
2897938388,1020289,3473,2524,949
2897938388,1080320,3980,5068,-1088
2897938388,1140324,2778,2289,489
2897938388,1200341,4696,2623,2073
2897938388,1260345,5499,4919,580
2897938388,1320370,4072,5088,-1016
2897938388,1380379,3200,2339,861
2897938388,1440386,5439,4846,593
2897938388,1500399,7324,4198,3126
2897938388,1560424,5093,4063,1030
2897938388,1620443,11008,4787,6221
2897969173,0,2500,2500,0
2897969173,60018,0,0,0
2897969173,120051,323,409,-86
2897969173,180072,1690,1794,-104
2897969173,240080,1806,2850,-1044
2897969173,300108,3059,4018,-959
2897969173,360118,2748,3459,-711
2897969173,420127,2505,1660,845
2897969173,480137,2898,2784,114
2897969173,540172,2580,3933,-1353
2897969173,600172,1833,4529,-2696
2897969173,660194,4430,1811,2619
2897969173,720227,2614,2977,-363
2897969173,780236,2778,4651,-1873
2897969173,840250,5069,2488,2581
2897969173,900283,2091,3657,-1566
2897969173,960317,2359,4224,-1865
2897969173,1020327,1835,4940,-3105
2897969173,1080351,6929,1651,5278
2897969173,1140376,2069,2035,34
2897969173,1200382,3426,2297,1129
2897969173,1260382,3553,2782,771
2897969173,1320392,3296,3860,-564
2897969173,1380423,5437,4309,1128
2897969173,1440442,3852,3745,107
2897969173,1500445,5472,1717,3755
2897969173,1560477,5292,1330,3962
2897969173,1620477,7707,2935,4772
2897973522,0,2500,2500,0
2897973522,60031,20,0,20
2897973522,120038,402,368,34
2897973522,180074,2037,1443,594
2897973522,240107,2797,3326,-529
2897973522,300138,2681,4114,-1433
2897973522,360168,3943,2119,1824
2897973522,420197,2375,2057,318
2897973522,480227,3932,3342,590
2897973522,540239,2632,3117,-485
2897973522,600240,4262,3346,916
2897973522,660259,6165,2124,4041
2897973522,720260,3833,2753,1080
2897973522,780275,2853,3001,-148
2897973522,840302,1581,1881,-300
2897973522,900327,3750,3496,254
2897973522,960327,6265,4703,1562
2897973522,1020344,7561,5795,1766
2897973522,1080350,5115,4222,893
2897973522,1140364,2139,3651,-1512
2897973522,1200388,2651,4566,-1915
2897973522,1260394,4541,5674,-1133
2897973522,1320422,1903,1625,278
2897973522,1380438,3009,3517,-508
2897973522,1440444,5908,3852,2056
2897973522,1500462,4739,3342,1397
2897973522,1560489,5512,966,4546
2897973522,1620489,9999,1286,8713
2897994836,0,2500,2500,0
2897994836,60007,0,0,0
2897994836,120015,924,712,212
2897994836,180016,1980,1780,200
2897994836,240047,1945,3066,-1121
2897994836,300087,3371,3457,-86
2897994836,360100,2690,3616,-926
2897994836,420121,3189,2454,735
2897994836,480132,3235,1796,1439
2897994836,540163,2027,3758,-1731
2897994836,600188,3788,2448,1340
2897994836,660217,866,2567,-1701
2897994836,720227,3661,4288,-627
2897994836,780254,5049,4699,350
2897994836,840258,3976,1877,2099
2897994836,900275,5634,2677,2957
2897994836,960291,2611,2757,-146
2897994836,1020317,4729,1863,2866
2897994836,1080333,3544,3956,-412
2897994836,1140337,2654,1389,1265
2897994836,1200349,3068,5837,-2769
2897994836,1260361,2885,2109,776
2897994836,1320392,4733,3295,1438
2897994836,1380396,7345,3566,3779
2897994836,1440420,3372,2772,600
2897994836,1500444,6302,2204,4098
2897994836,1560455,5374,3567,1807
2897994836,1620455,8291,3471,4820
2897998806,0,2500,2500,0
2897998806,60023,0,0,0
2897998806,120023,508,391,117
2897998806,180055,1817,1784,33
2897998806,240077,4248,2439,1809
2897998806,300083,1778,4116,-2338
2897998806,360114,3972,1673,2299
2897998806,420124,1288,1162,126
2897998806,480145,3042,2656,386
2897998806,540172,6038,2109,3929
2897998806,600205,3465,3508,-43
2897998806,660224,2408,1730,678
2897998806,720231,3529,2154,1375
2897998806,780253,2388,2623,-235
2897998806,840281,5281,1232,4049
2897998806,900299,4772,2333,2439
2897998806,960329,4982,5821,-839
2897998806,1020355,1908,2798,-890
2897998806,1080367,4898,1488,3410
2897998806,1140387,6979,1734,5245
2897998806,1200395,3121,3516,-395
2897998806,1260414,2411,3762,-1351
2897998806,1320428,3485,5492,-2007
2897998806,1380442,2533,2230,303
2897998806,1440470,6532,2128,4404
2897998806,1500493,5183,3186,1997
2897998806,1560521,9025,4157,4868
2897998806,1620521,8481,4480,4001
2897999018,0,2500,2500,0
2897999018,60005,0,0,0
2897999018,120009,342,253,89
2897999018,180021,1406,1825,-419
2897999018,240054,2696,3706,-1010
2897999018,300065,1759,2835,-1076
2897999018,360070,3591,2506,1085
2897999018,420092,5010,3918,1092
2897999018,480123,3616,3105,511
2897999018,540149,3941,4699,-758
2897999018,600166,2785,3959,-1174
2897999018,660188,5102,3521,1581
2897999018,720193,4471,2027,2444
2897999018,780226,4435,3221,1214
2897999018,840242,3377,2959,418
2897999018,900275,3932,3521,411
2897999018,960293,2489,2405,84
2897999018,1020297,5213,3281,1932
2897999018,1080324,2729,2332,397
2897999018,1140339,2492,3129,-637
2897999018,1200356,4649,3207,1442
2897999018,1260357,3781,4855,-1074
2897999018,1320388,6568,2821,3747
2897999018,1380416,5672,4640,1032
2897999018,1440439,8771,2665,6106
2897999018,1500468,1719,2822,-1103
2897999018,1560475,3524,2798,726
2897999018,1620491,6737,2174,4563
2898023332,0,2500,2500,0
2898023332,60012,500,0,500
2898023332,120018,569,511,58
2898023332,180051,1590,1818,-228
2898023332,240052,2702,2834,-132
2898023332,300084,3481,3870,-389
2898023332,360093,3478,2009,1469
2898023332,420106,2937,3229,-292
2898023332,480131,2132,1566,566
2898023332,540132,2280,3647,-1367
2898023332,600161,2265,1147,1118
2898023332,660190,2277,3228,-951
2898023332,720205,2157,2703,-546
2898023332,780224,3254,2797,457
2898023332,840232,1728,3856,-2128
2898023332,900241,3534,2835,699
2898023332,960246,3009,4052,-1043
2898023332,1020248,2631,2584,47
2898023332,1080268,5151,1399,3752
2898023332,1140276,9012,1754,7258
2898023332,1200293,4087,2622,1465
2898023332,1260297,8958,3438,5520
2898023332,1320329,3205,5197,-1992
2898023332,1380340,5181,8377,-3196
2898023332,1440365,974,4679,-3705
2898023332,1500377,3190,3997,-807
2898023332,1560410,5225,3648,1577
2898023332,1620410,7623,3061,4562
2898048282,0,2500,2500,0
2898048282,60013,0,500,-500
2898048282,120017,395,242,153
2898048282,180048,1515,1350,165
2898048282,240078,2932,2669,263
2898048282,300083,2982,4321,-1339
2898048282,360086,4117,2381,1736
2898048282,420116,1877,3799,-1922
2898048282,480119,3430,4610,-1180
2898048282,540129,2534,3758,-1224
2898048282,600152,4629,2664,1965
2898048282,660170,5981,3255,2726
2898048282,720184,2284,4339,-2055
2898048282,780200,2165,4463,-2298
2898048282,840209,3530,3957,-427
2898048282,900222,2588,5640,-3052
2898048282,960235,3335,3609,-274
2898048282,1020267,3309,5124,-1815
2898048282,1080283,1010,5528,-4518
2898048282,1140312,3164,2694,470
2898048282,1200313,6039,2685,3354
2898048282,1260314,4074,3936,138
2898048282,1320323,6366,1400,4966
2898048282,1380332,2305,2456,-151
2898048282,1440339,6434,3152,3282
2898048282,1500351,2674,1405,1269
2898048282,1560353,4594,3002,1592
2898048282,1620353,5281,1803,3478
2898049705,0,2500,2500,0
2898049705,60002,0,0,0
2898049705,120014,458,425,33
2898049705,180026,1665,2340,-675
2898049705,240030,3292,2056,1236
2898049705,300051,2954,2342,612
2898049705,360079,2317,3857,-1540
2898049705,420120,2752,2676,76
2898049705,480152,2390,1872,518
2898049705,540169,3016,3513,-497
2898049705,600192,3473,4569,-1096
2898049705,660203,3098,2049,1049
2898049705,720223,2512,2882,-370
2898049705,780252,3221,3329,-108
2898049705,840266,1745,2261,-516
2898049705,900278,3114,3592,-478
2898049705,960301,2051,1648,403
2898049705,1020331,4721,2399,2322
2898049705,1080334,3605,3356,249
2898049705,1140357,1700,4899,-3199
2898049705,1200365,4205,1135,3070
2898049705,1260373,1322,3711,-2389
2898049705,1320403,2871,2390,481
2898049705,1380406,6447,2617,3830
2898049705,1440414,4289,2479,1810
2898049705,1500418,3177,4039,-862
2898049705,1560427,4051,3913,138
2898049705,1620448,6314,3076,3238
2898063284,0,7000,7000,0
2898063284,60011,763,100,663
2898063284,120015,2975,2370,605
2898063284,180016,4513,2108,2405
2898063284,240030,7108,3609,3499
2898063284,300059,9746,5427,4319
2898063284,360060,6137,6856,-719
2898063284,420091,5336,2954,2382
2898063284,480119,3504,5372,-1868
2898063284,540123,5114,6948,-1834
2898063284,600153,5831,2998,2833
2898063284,660162,5590,4273,1317
2898063284,720168,3970,2644,1326
2898063284,780192,5034,4977,57
2898063284,840195,2998,6334,-3336
2898063284,900198,3958,6151,-2193
2898063284,960225,2177,9138,-6961
2898063284,1020233,3889,1994,1895
2898063284,1080264,3841,5352,-1511
2898063284,1140290,4173,5025,-852
2898063284,1200301,5880,4269,1611
2898063284,1260309,3814,2956,858
2898063284,1320328,3000,5207,-2207
2898063284,1380354,5880,5349,531
2898063284,1440372,8811,6793,2018
2898063284,1500404,2970,4571,-1601
2898063284,1560428,5724,4463,1261
2898063284,1620428,7851,2779,5072
2898076870,0,2500,2500,0
2898076870,60029,10,0,10
2898076870,120033,365,385,-20
2898076870,180048,2346,1380,966
2898076870,240048,2585,1804,781
2898076870,300052,1470,1854,-384
2898076870,360064,3095,2163,932
2898076870,420102,3433,3284,149
2898076870,480124,4992,3544,1448
2898076870,540146,5532,4320,1212
2898076870,600155,5553,3505,2048
2898076870,660165,5886,4334,1552
2898076870,720190,1383,1991,-608
2898076870,780220,2631,3418,-787
2898076870,840220,4320,1191,3129
2898076870,900234,4519,1699,2820
2898076870,960246,6790,2214,4576
2898076870,1020253,2741,1840,901
2898076870,1080269,3137,3645,-508
2898076870,1140269,5354,2430,2924
2898076870,1200289,4364,3201,1163
2898076870,1260311,3374,3014,360
2898076870,1320337,4584,2012,2572
2898076870,1380361,3072,1701,1371
2898076870,1440377,5965,933,5032
2898076870,1500405,4481,3090,1391
2898076870,1560411,5736,1683,4053
2898076870,1620411,6667,3760,2907
2898090029,0,2500,2500,0
2898090029,60025,0,0,0
2898090029,120032,871,373,498
2898090029,180050,1982,1767,215
2898090029,240071,3448,3252,196
2898090029,300073,3692,2159,1533
2898090029,360077,3760,3580,180
2898090029,420089,2386,689,1697
2898090029,480096,3571,1856,1715
2898090029,540116,2198,1839,359
2898090029,600142,2948,2794,154
2898090029,660164,4881,3780,1101
2898090029,720182,2299,4829,-2530
2898090029,780196,1543,4822,-3279
2898090029,840225,2795,2870,-75
2898090029,900234,4673,1849,2824
2898090029,960261,5834,2155,3679
2898090029,1020281,2171,4697,-2526
2898090029,1080297,2412,6341,-3929
2898090029,1140325,3265,2711,554
2898090029,1200330,6275,3830,2445
2898090029,1260333,4135,2867,1268
2898090029,1320352,5471,4083,1388
2898090029,1380358,5760,1849,3911
2898090029,1440380,6243,1439,4804
2898090029,1500382,8158,2722,5436
2898090029,1560402,12045,2703,9342
2898090029,1620402,12187,2942,9245
2898106126,0,2500,2500,0
2898106126,60020,0,0,0
2898106126,120033,442,332,110
2898106126,180068,1485,2239,-754
2898106126,240090,2623,2029,594
2898106126,300106,2644,3501,-857
2898106126,360118,3129,2604,525
2898106126,420128,2585,2128,457
2898106126,480143,4353,2027,2326
2898106126,540156,4483,2720,1763
2898106126,600161,3184,4197,-1013
2898106126,660191,2860,2338,522
2898106126,720198,1902,3158,-1256
2898106126,780199,1998,3469,-1471
2898106126,840203,3716,3500,216
2898106126,900215,2274,7037,-4763
2898106126,960216,3340,1984,1356
2898106126,1020241,5877,4496,1381
2898106126,1080267,5715,2561,3154
2898106126,1140300,1258,4330,-3072
2898106126,1200308,3176,4799,-1623
2898106126,1260315,2009,2828,-819
2898106126,1320330,3770,3204,566
2898106126,1380340,4960,2812,2148
2898106126,1440367,5634,2688,2946
2898106126,1500374,2804,2660,144
2898106126,1560384,5136,3249,1887
2898106126,1620384,5243,2987,2256
2898117252,0,7000,7000,0
2898117252,60022,668,350,318
2898117252,120051,2458,2836,-378
2898117252,180079,3271,5555,-2284
2898117252,240108,4571,7889,-3318
2898117252,300137,5573,2740,2833
2898117252,360165,3715,4211,-496
2898117252,420194,3138,5573,-2435
2898117252,480200,6488,6471,17
2898117252,540228,1197,8293,-7096
2898117252,600230,3569,9651,-6082
2898117252,660258,5544,1453,4091
2898117252,720258,2618,5023,-2405
2898117252,780261,3722,5309,-1587
2898117252,840269,1945,4297,-2352
2898117252,900271,5722,1930,3792
2898117252,960277,2335,3260,-925
2898117252,1020278,5025,5808,-783
2898117252,1080278,4304,3862,442
2898117252,1140290,5137,4098,1039
2898117252,1200296,5105,2004,3101
2898117252,1260311,5619,4741,878
2898117252,1320312,5374,8103,-2729
2898117252,1380332,5302,6720,-1418
2898117252,1440345,4466,5517,-1051
2898117252,1500361,4448,7269,-2821
2898117252,1560382,8307,6571,1736
2898117252,1620382,8665,5950,2715
2898164509,0,2500,2500,0
2898164509,60005,0,0,0
2898164509,120008,772,368,404
2898164509,180050,1826,2256,-430
2898164509,240078,2277,3011,-734
2898164509,300080,3594,3755,-161
2898164509,360111,2169,4027,-1858
2898164509,420116,2002,2138,-136
2898164509,480131,2690,4583,-1893
2898164509,540135,2750,2962,-212
2898164509,600141,5243,4379,864
2898164509,660155,4174,4844,-670
2898164509,720163,2880,2524,356
2898164509,780168,3825,4445,-620
2898164509,840189,3935,2353,1582
2898164509,900203,4142,3250,892
2898164509,960231,4688,2323,2365
2898164509,1020238,2411,3243,-832
2898164509,1080261,3686,2639,1047
2898164509,1140269,3437,3462,-25
2898164509,1200293,7650,1375,6275
2898164509,1260314,1120,3576,-2456
2898164509,1320319,2389,1833,556
2898164509,1380347,3365,4588,-1223
2898164509,1440374,1493,2588,-1095
2898164509,1500388,3239,2809,430
2898164509,1560401,2258,2714,-456
2898164509,1620401,5709,3671,2038
2898193216,0,2500,2500,0
2898193216,60026,500,0,500
2898193216,120059,852,544,308
2898193216,180066,1620,2378,-758
2898193216,240096,2575,3480,-905
2898193216,300126,2796,2382,414
2898193216,360159,4416,1792,2624
2898193216,420166,701,3741,-3040
2898193216,480182,1959,1367,592
2898193216,540201,4304,3312,992
2898193216,600214,5394,5107,287
2898193216,660242,3174,6856,-3682
2898193216,720247,3224,2061,1163
2898193216,780279,1265,3654,-2389
2898193216,840282,2947,3304,-357
2898193216,900294,4007,3008,999
2898193216,960304,5030,2159,2871
2898193216,1020329,2713,2434,279
2898193216,1080338,3327,4368,-1041
2898193216,1140370,3868,4947,-1079
2898193216,1200374,6599,5232,1367
2898193216,1260393,4949,1969,2980
2898193216,1320406,3564,5150,-1586
2898193216,1380420,4361,4490,-129
2898193216,1440435,9010,4923,4087
2898193216,1500459,8916,6526,2390
2898193216,1560482,6381,8082,-1701
2898193216,1620482,7680,8117,-437
2898200180,0,2500,2500,0
2898200180,60026,0,0,0
2898200180,120027,362,356,6
2898200180,180029,1968,1671,297
2898200180,240053,2341,3419,-1078
2898200180,300088,3445,1578,1867
2898200180,360089,996,3246,-2250
2898200180,420094,1817,1436,381
2898200180,480106,3742,2476,1266
2898200180,540112,2142,1987,155
2898200180,600140,1821,4017,-2196
2898200180,660162,2243,2186,57
2898200180,720178,3506,3250,256
2898200180,780182,4433,3228,1205
2898200180,840214,6835,3087,3748
2898200180,900222,1219,2236,-1017
2898200180,960248,2561,2768,-207
2898200180,1020248,3915,5338,-1423
2898200180,1080261,3722,2615,1107
2898200180,1140276,6189,3094,3095
2898200180,1200292,5978,3255,2723
2898200180,1260305,4042,2671,1371
2898200180,1320329,4030,2285,1745
2898200180,1380338,4934,4308,626
2898200180,1440361,5436,2393,3043
2898200180,1500378,6293,5312,981
2898200180,1560381,6945,3943,3002
2898200180,1620381,9629,1671,7958
2898251736,0,2500,2500,0
2898251736,60018,200,0,200
2898251736,120019,623,442,181
2898251736,180029,2450,1660,790
2898251736,240030,3425,2370,1055
2898251736,300040,5308,2739,2569
2898251736,360064,2038,2222,-184
2898251736,420071,2789,3371,-582
2898251736,480102,4048,3771,277
2898251736,540113,5727,1681,4046
2898251736,600133,2047,2573,-526
2898251736,660163,5069,2057,3012
2898251736,720174,4091,3485,606
2898251736,780184,4379,1677,2702
2898251736,840205,4239,4525,-286
2898251736,900209,5652,2459,3193
2898251736,960224,1549,2676,-1127
2898251736,1020239,1995,3737,-1742
2898251736,1080271,4302,1688,2614
2898251736,1140297,4915,1916,2999
2898251736,1200328,3016,4001,-985
2898251736,1260352,6070,1807,4263
2898251736,1320372,6022,4331,1691
2898251736,1380398,1636,2644,-1008
2898251736,1440428,3307,2342,965
2898251736,1500451,5290,3102,2188
2898251736,1560464,9696,3468,6228
2898251736,1620464,7601,2787,4814
2898256490,0,2500,2500,0
2898256490,60000,0,500,-500
2898256490,120006,400,855,-455
2898256490,180040,1774,2023,-249
2898256490,240043,1791,2994,-1203
2898256490,300051,2566,2938,-372
2898256490,360081,3071,2059,1012
2898256490,420081,4475,2497,1978
2898256490,480087,3654,3980,-326
2898256490,540117,2381,2604,-223
2898256490,600121,932,1991,-1059
2898256490,660136,2908,2876,32
2898256490,720138,5050,879,4171
2898256490,780143,1365,2599,-1234
2898256490,840166,2418,2676,-258
2898256490,900175,3024,3034,-10
2898256490,960200,3051,1672,1379
2898256490,1020216,3433,3045,388
2898256490,1080223,2623,3959,-1336
2898256490,1140227,3951,3824,127
2898256490,1200230,3440,1352,2088
2898256490,1260245,3138,3336,-198
2898256490,1320248,5413,1125,4288
2898256490,1380271,2472,2373,99
2898256490,1440278,4516,4496,20
2898256490,1500289,5149,2189,2960
2898256490,1560304,4244,4039,205
2898256490,1620304,6427,4617,1810
2898275175,0,2500,2500,0
2898275175,60014,0,0,0
2898275175,120040,512,521,-9
2898275175,180074,2011,1768,243
2898275175,240076,2174,3548,-1374
2898275175,300107,2787,4654,-1867
2898275175,360109,3472,3967,-495
2898275175,420117,1550,3059,-1509
2898275175,480119,1711,3913,-2202
2898275175,540135,2706,2990,-284
2898275175,600145,3397,3242,155
2898275175,660167,3189,2677,512
2898275175,720192,3660,4135,-475
2898275175,780213,2415,3910,-1495
2898275175,840243,3813,5448,-1635
2898275175,900265,2808,3003,-195
2898275175,960279,4475,5002,-527
2898275175,1020297,5604,6326,-722
2898275175,1080307,4281,3570,711
2898275175,1140339,4084,2363,1721
2898275175,1200357,7194,1677,5517
2898275175,1260377,7202,2535,4667
2898275175,1320377,5936,3449,2487
2898275175,1380389,2404,2964,-560
2898275175,1440409,4734,3954,780
2898275175,1500429,7326,3865,3461
2898275175,1560455,8683,2719,5964
2898275175,1620455,7281,2269,5012
2898305697,0,2500,2500,0
2898305697,60011,0,0,0
2898305697,120014,411,369,42
2898305697,180017,1622,2230,-608
2898305697,240041,3540,1404,2136
2898305697,300074,4904,2993,1911
2898305697,360083,3267,4514,-1247
2898305697,420114,3779,1547,2232
2898305697,480118,2005,3565,-1560
2898305697,540131,3885,4939,-1054
2898305697,600164,4776,4334,442
2898305697,660199,1363,1454,-91
2898305697,720231,3265,2591,674
2898305697,780244,2759,2936,-177
2898305697,840261,3843,3334,509
2898305697,900287,5791,4678,1113
2898305697,960293,5179,4077,1102
2898305697,1020324,7768,2288,5480
2898305697,1080325,8304,3056,5248
2898305697,1140332,2288,1323,965
2898305697,1200357,3629,2700,929
2898305697,1260382,4582,4487,95
2898305697,1320392,7300,3393,3907
2898305697,1380417,2085,2204,-119
2898305697,1440434,4306,5228,-922
2898305697,1500443,2943,2331,612
2898305697,1560465,6579,3084,3495
2898305697,1620465,6255,3325,2930
2898329755,0,2500,2500,0
2898329755,60021,0,0,0
2898329755,120029,373,394,-21
2898329755,180046,3060,1550,1510
2898329755,240072,5030,1838,3192
2898329755,300077,1883,2041,-158
2898329755,360090,2623,2664,-41
2898329755,420112,2720,2675,45
2898329755,480122,4252,2714,1538
2898329755,540140,2004,3360,-1356
2898329755,600147,4229,2893,1336
2898329755,660180,5428,2211,3217
2898329755,720181,5010,2536,2474
2898329755,780189,3289,1885,1404
2898329755,840214,4136,2092,2044
2898329755,900234,5953,1829,4124
2898329755,960239,1923,1147,776
2898329755,1020250,3346,2625,721
2898329755,1080252,3896,2909,987
2898329755,1140260,3646,2877,769
2898329755,1200279,2534,4739,-2205
2898329755,1260280,2510,1574,936
2898329755,1320285,3837,1982,1855
2898329755,1380308,9217,1530,7687
2898329755,1440326,8458,2627,5831
2898329755,1500339,4148,1957,2191
2898329755,1560366,7864,4274,3590
2898329755,1620366,4167,3429,738
2898342505,0,2500,2500,0
2898342505,60015,0,0,0
2898342505,120020,356,466,-110
2898342505,180055,2080,1953,127
2898342505,240086,1883,1901,-18
2898342505,300111,2253,2123,130
2898342505,360130,3550,2170,1380
2898342505,420145,3268,3143,125
2898342505,480169,4330,4655,-325
2898342505,540190,1017,2335,-1318
2898342505,600203,3184,2174,1010
2898342505,660223,4282,2992,1290
2898342505,720237,3289,3574,-285
2898342505,780240,3977,2058,1919
2898342505,840255,3279,2129,1150
2898342505,900262,6991,2303,4688
2898342505,960277,4217,2038,2179
2898342505,1020296,4922,2488,2434
2898342505,1080310,6498,1870,4628
2898342505,1140331,8315,2581,5734
2898342505,1200341,6010,3293,2717
2898342505,1260371,5290,3305,1985
2898342505,1320403,6811,3193,3618
2898342505,1380414,4186,3913,273
2898342505,1440437,2354,3218,-864
2898342505,1500465,3867,2869,998
2898342505,1560469,4098,3059,1039
2898342505,1620469,-938,2370,-3308
2898345038,0,7000,7000,0
2898345038,60026,1465,365,1100
2898345038,120055,2512,2400,112
2898345038,180083,4515,4343,172
2898345038,240111,6859,6011,848
2898345038,300140,5226,7176,-1950
2898345038,360169,7335,2015,5320
2898345038,420197,4077,5663,-1586
2898345038,480226,4414,2198,2216
2898345038,540254,3942,3746,196
2898345038,600258,3967,4416,-449
2898345038,660290,4097,5156,-1059
2898345038,720317,2651,4883,-2232
2898345038,780321,2886,6216,-3330
2898345038,840329,4610,6626,-2016
2898345038,900331,5032,3033,1999
2898345038,960362,4196,4156,40
2898345038,1020393,3463,7332,-3869
2898345038,1080393,5573,2401,3172
2898345038,1140419,6620,3592,3028
2898345038,1200429,9430,5548,3882
2898345038,1260447,3122,3510,-388
2898345038,1320480,2553,4872,-2319
2898345038,1380492,4225,6027,-1802
2898345038,1440492,4393,7301,-2908
2898345038,1500494,5618,5111,507
2898345038,1560526,6805,4568,2237
2898345038,1620526,5326,6012,-686
2898358025,0,2500,2500,0
2898358025,60010,0,500,-500
2898358025,120013,432,432,0
2898358025,180025,1793,1794,-1
2898358025,240043,2848,1298,1550
2898358025,300068,1172,2748,-1576
2898358025,360099,2606,4268,-1662
2898358025,420114,3147,4020,-873
2898358025,480129,1394,807,587
2898358025,540142,1953,1944,9
2898358025,600165,2035,2910,-875
2898358025,660183,3430,2206,1224
2898358025,720192,3663,2549,1114
2898358025,780206,1756,2745,-989
2898358025,840216,3326,4892,-1566
2898358025,900218,4293,2633,1660
2898358025,960241,4175,2594,1581
2898358025,1020260,3627,3065,562
2898358025,1080271,5213,5107,106
2898358025,1140283,2726,2493,233
2898358025,1200291,2901,2345,556
2898358025,1260292,4938,1323,3615
2898358025,1320319,3985,3404,581
2898358025,1380331,5777,4190,1587
2898358025,1440333,1950,6554,-4604
2898358025,1500354,2849,3728,-879
2898358025,1560373,8657,4462,4195
2898358025,1620373,12466,3429,9037
2898371053,0,2500,2500,0
2898371053,60020,0,0,0
2898371053,120024,370,398,-28
2898371053,180045,1584,1624,-40
2898371053,240057,2340,3871,-1531
2898371053,300077,1757,2681,-924
2898371053,360099,3068,1899,1169
2898371053,420119,1784,2237,-453
2898371053,480136,4078,1798,2280
2898371053,540157,1795,2984,-1189
2898371053,600171,3114,1691,1423
2898371053,660183,1399,1788,-389
2898371053,720185,3537,2765,772
2898371053,780199,4406,3066,1340
2898371053,840204,1599,3881,-2282
2898371053,900230,3038,1662,1376
2898371053,960249,4893,3044,1849
2898371053,1020263,5400,2221,3179
2898371053,1080268,3023,3820,-797
2898371053,1140293,3625,5352,-1727
2898371053,1200297,1933,1196,737
2898371053,1260326,2636,2155,481
2898371053,1320335,4470,2376,2094
2898371053,1380340,8195,2355,5840
2898371053,1440348,5059,3703,1356
2898371053,1500364,3112,2076,1036
2898371053,1560378,4662,3592,1070
2898371053,1620378,5688,4261,1427
2898413580,0,7000,7000,0
2898413580,60024,0,150,-150
2898413580,120024,2138,2627,-489
2898413580,180053,3181,5535,-2354
2898413580,240084,4540,5228,-688
2898413580,300114,3923,7493,-3570
2898413580,360121,6692,7388,-696
2898413580,420154,4937,9934,-4997
2898413580,480185,2854,12680,-9826
2898413580,540186,4245,7053,-2808
2898413580,600215,5859,8773,-2914
2898413580,660242,7138,9538,-2400
2898413580,720274,3959,4761,-802
2898413580,780307,4652,6724,-2072
2898413580,840336,4422,6494,-2072
2898413580,900368,6774,8181,-1407
2898413580,960387,8240,7654,586
2898413580,1020394,8845,9915,-1070
2898413580,1080415,11050,12249,-1199
2898413580,1140442,8393,13789,-5396
2898413580,1200470,4500,9470,-4970
2898413580,1260485,7377,6489,888
2898413580,1320507,9107,3871,5236
2898413580,1380509,5241,4028,1213
2898413580,1440534,7792,6452,1340
2898413580,1500560,3462,11042,-7580
2898413580,1560583,9112,6647,2465
2898413580,1620583,9837,6002,3835
2898415735,0,2500,2500,0
2898415735,60009,0,0,0
2898415735,120014,409,438,-29
2898415735,180019,1650,1772,-122
2898415735,240022,3050,3064,-14
2898415735,300042,3825,4053,-228
2898415735,360072,2273,2917,-644
2898415735,420102,2348,2726,-378
2898415735,480104,3298,1544,1754
2898415735,540147,2295,3477,-1182
2898415735,600177,3648,2746,902
2898415735,660183,3395,4643,-1248
2898415735,720204,3338,1649,1689
2898415735,780231,2082,1872,210
2898415735,840237,4050,2399,1651
2898415735,900240,3133,2749,384
2898415735,960273,3183,1888,1295
2898415735,1020294,2070,2100,-30
2898415735,1080319,6606,1403,5203
2898415735,1140331,710,2564,-1854
2898415735,1200345,3010,2626,384
2898415735,1260376,2385,3464,-1079
2898415735,1320396,3220,2309,911
2898415735,1380407,4487,3703,784
2898415735,1440428,5702,2233,3469
2898415735,1500454,3388,2408,980
2898415735,1560465,6997,2542,4455
2898415735,1620465,10075,3670,6405
2898423112,0,2500,2500,0
2898423112,60026,0,0,0
2898423112,120041,458,447,11
2898423112,180054,1080,2296,-1216
2898423112,240068,1551,1353,198
2898423112,300090,3073,1918,1155
2898423112,360110,2217,3370,-1153
2898423112,420153,2155,1293,862
2898423112,480163,3187,2326,861
2898423112,540194,2065,2925,-860
2898423112,600209,1878,4429,-2551
2898423112,660231,4464,2526,1938
2898423112,720235,1618,2418,-800
2898423112,780253,3015,1620,1395
2898423112,840267,3386,2956,430
2898423112,900290,3597,3239,358
2898423112,960314,3989,4681,-692
2898423112,1020317,5217,5475,-258
2898423112,1080340,2217,2773,-556
2898423112,1140367,2965,2117,848
2898423112,1200369,5820,3711,2109
2898423112,1260401,2767,2499,268
2898423112,1320408,3490,4213,-723
2898423112,1380427,3835,2053,1782
2898423112,1440445,8354,2726,5628
2898423112,1500474,2479,3022,-543
2898423112,1560494,3760,3767,-7
2898423112,1620494,7525,2652,4873
2898426074,0,2500,2500,0
2898426074,60002,0,0,0
2898426074,120008,307,419,-112
2898426074,180009,1676,1423,253
2898426074,240042,3453,2574,879
2898426074,300060,5228,3809,1419
2898426074,360092,4274,3753,521
2898426074,420111,3834,2947,887
2898426074,480130,6326,1241,5085
2898426074,540139,3186,2067,1119
2898426074,600166,4745,2669,2076
2898426074,660186,5777,3793,1984
2898426074,720201,7242,2224,5018
2898426074,780217,5803,2907,2896
2898426074,840250,5321,3842,1479
2898426074,900283,5724,1886,3838
2898426074,960294,7817,1784,6033
2898426074,1020324,4707,3228,1479
2898426074,1080330,3994,3435,559
2898426074,1140338,6214,4337,1877
2898426074,1200362,4416,3368,1048
2898426074,1260363,1491,2201,-710
2898426074,1320380,3220,1707,1513
2898426074,1380397,7751,6676,1075
2898426074,1440403,10818,3062,7756
2898426074,1500435,6693,4243,2450
2898426074,1560438,2184,4606,-2422
2898426074,1620465,5859,2781,3078
2898426620,0,2500,2500,0
2898426620,60023,25,50,-25
2898426620,120052,483,429,54
2898426620,180083,2477,1391,1086
2898426620,240109,3239,2665,574
2898426620,300130,1587,3314,-1727
2898426620,360135,2620,1061,1559
2898426620,420140,3008,2302,706
2898426620,480164,2166,2890,-724
2898426620,540177,4977,3391,1586
2898426620,600206,4368,2372,1996
2898426620,660210,2320,4216,-1896
2898426620,720220,2548,4553,-2005
2898426620,780232,4196,1647,2549
2898426620,840243,6274,1609,4665
2898426620,900253,2406,3477,-1071
2898426620,960280,3900,2693,1207
2898426620,1020289,5645,4414,1231
2898426620,1080297,2993,1863,1130
2898426620,1140300,4389,2609,1780
2898426620,1200331,8387,2093,6294
2898426620,1260357,7057,3468,3589
2898426620,1320390,2088,3187,-1099
2898426620,1380412,2145,4040,-1895
2898426620,1440437,4872,2718,2154
2898426620,1500461,4497,1418,3079
2898426620,1560477,7420,1716,5704
2898426620,1620484,6739,2536,4203
2898434243,0,2500,2500,0
2898434243,60012,0,500,-500
2898434243,120041,451,374,77
2898434243,180043,2763,1528,1235
2898434243,240054,2750,1630,1120
2898434243,300083,4025,2208,1817
2898434243,360085,3820,2923,897
2898434243,420092,2840,1737,1103
2898434243,480124,3579,1942,1637
2898434243,540153,4052,3045,1007
2898434243,600184,5814,4243,1571
2898434243,660188,5806,3417,2389
2898434243,720195,5022,3618,1404
2898434243,780197,3813,1156,2657
2898434243,840199,3312,2471,841
2898434243,900232,4978,2822,2156
2898434243,960235,4479,5126,-647
2898434243,1020267,4782,3877,905
2898434243,1080268,2703,3464,-761
2898434243,1140283,2930,5816,-2886
2898434243,1200289,3502,2690,812
2898434243,1260293,5174,4842,332
2898434243,1320304,4425,2273,2152
2898434243,1380308,4436,1731,2705
2898434243,1440340,2446,2885,-439
2898434243,1500370,7445,4694,2751
2898434243,1560376,9940,3938,6002
2898434243,1620376,10546,4011,6535
2898441014,0,2500,2500,0
2898441014,60011,0,0,0
2898441014,120039,375,332,43
2898441014,180071,1878,1504,374
2898441014,240100,1708,3227,-1519
2898441014,300105,3681,2982,699
2898441014,360133,2116,3421,-1305
2898441014,420139,1499,2419,-920
2898441014,480156,2534,3762,-1228
2898441014,540180,4082,2370,1712
2898441014,600187,5580,3003,2577
2898441014,660210,3695,3874,-179
2898441014,720224,4239,4656,-417
2898441014,780243,4624,1980,2644
2898441014,840273,5642,1932,3710
2898441014,900280,3971,3188,783
2898441014,960285,2885,2492,393
2898441014,1020307,1856,3601,-1745
2898441014,1080312,3615,3407,208
2898441014,1140340,3357,2301,1056
2898441014,1200367,2991,2822,169
2898441014,1260369,4732,3816,916
2898441014,1320380,5960,3151,2809
2898441014,1380413,3860,4136,-276
2898441014,1440432,6052,3598,2454
2898441014,1500462,4749,2092,2657
2898441014,1560479,8098,3087,5011
2898441014,1620479,8676,2878,5798
2898442270,0,2500,2500,0
2898442270,60013,0,0,0
2898442270,120020,419,394,25
2898442270,180048,1693,2438,-745
2898442270,240077,3333,2297,1036
2898442270,300083,3251,2038,1213
2898442270,360108,1974,2386,-412
2898442270,420128,1535,1899,-364
2898442270,480153,3798,2112,1686
2898442270,540156,5616,2564,3052
2898442270,600175,2979,2814,165
2898442270,660176,3890,2479,1411
2898442270,720178,5977,3997,1980
2898442270,780190,905,1678,-773
2898442270,840191,2415,3285,-870
2898442270,900193,3762,2977,785
2898442270,960223,4668,2896,1772
2898442270,1020252,4120,2852,1268
2898442270,1080274,6569,3003,3566
2898442270,1140298,5231,3590,1641
2898442270,1200318,3628,3147,481
2898442270,1260324,3090,2388,702
2898442270,1320350,7253,3999,3254
2898442270,1380352,9284,2433,6851
2898442270,1440361,6606,1041,5565
2898442270,1500374,8785,2389,6396
2898442270,1560396,7539,3528,4011
2898442270,1620396,8604,3915,4689
2898451025,0,2500,2500,0
2898451025,60027,190,20,170
2898451025,120056,950,395,555
2898451025,180086,1810,1632,178
2898451025,240093,1979,4190,-2211
2898451025,300122,1580,787,793
2898451025,360153,2428,2314,114
2898451025,420183,1527,3006,-1479
2898451025,480214,2551,3048,-497
2898451025,540225,2731,2372,359
2898451025,600258,3536,2724,812
2898451025,660264,4276,2279,1997
2898451025,720272,1735,2484,-749
2898451025,780294,2483,2698,-215
2898451025,840309,3856,2342,1514
2898451025,900341,2728,3775,-1047
2898451025,960364,3063,2334,729
2898451025,1020377,2981,3063,-82
2898451025,1080386,5055,1188,3867
2898451025,1140390,3309,1936,1373
2898451025,1200397,5537,3035,2502
2898451025,1260399,3349,2152,1197
2898451025,1320423,1926,3491,-1565
2898451025,1380441,4778,2668,2110
2898451025,1440457,3140,4083,-943
2898451025,1500463,5662,4604,1058
2898451025,1560464,6015,5533,482
2898451025,1620464,7986,5028,2958
2898451267,0,7000,7000,0
2898451267,60022,215,0,215
2898451267,120055,2238,3119,-881
2898451267,180085,3869,2923,946
2898451267,240117,3406,4487,-1081
2898451267,300147,5168,4216,952
2898451267,360180,7414,2141,5273
2898451267,420209,1585,4061,-2476
2898451267,480211,3444,6285,-2841
2898451267,540212,3139,6368,-3229
2898451267,600242,2167,7034,-4867
2898451267,660270,5289,1602,3687
2898451267,720271,4936,4284,652
2898451267,780301,2266,6570,-4304
2898451267,840332,4310,1720,2590
2898451267,900362,5186,3588,1598
2898451267,960372,6263,5204,1059
2898451267,1020374,6722,3182,3540
2898451267,1080381,6574,6061,513
2898451267,1140384,3379,4961,-1582
2898451267,1200399,4004,7769,-3765
2898451267,1260414,7849,3293,4556
2898451267,1320418,5076,4075,1001
2898451267,1380436,6703,7566,-863
2898451267,1440448,4857,6501,-1644
2898451267,1500479,4891,7236,-2345
2898451267,1560492,7989,6882,1107
2898451267,1620492,9717,5052,4665
2898471853,0,2500,2500,0
2898471853,60031,30,0,30
2898471853,120035,422,541,-119
2898471853,180065,2264,1340,924
2898471853,240095,1617,2191,-574
2898471853,300128,3593,2280,1313
2898471853,360158,3077,3054,23
2898471853,420167,1648,2776,-1128
2898471853,480198,2462,1904,558
2898471853,540214,3603,2202,1401
2898471853,600228,5210,2730,2480
2898471853,660240,3900,5013,-1113
2898471853,720273,5442,4723,719
2898471853,780279,2363,3044,-681
2898471853,840306,2665,4689,-2024
2898471853,900318,2614,1758,856
2898471853,960344,4462,3787,675
2898471853,1020374,2205,3208,-1003
2898471853,1080376,2288,3218,-930
2898471853,1140399,3897,2669,1228
2898471853,1200412,9027,3509,5518
2898471853,1260432,4962,3898,1064
2898471853,1320457,5456,2804,2652
2898471853,1380470,6272,4145,2127
2898471853,1440483,6026,2742,3284
2898471853,1500505,3280,2478,802
2898471853,1560516,6179,3701,2478
2898471853,1620516,7723,5114,2609
2898473544,0,2500,2500,0
2898473544,60004,0,0,0
2898473544,120018,342,400,-58
2898473544,180049,1738,1414,324
2898473544,240081,3126,2261,865
2898473544,300110,3137,3604,-467
2898473544,360143,2712,2816,-104
2898473544,420165,3167,3197,-30
2898473544,480197,3189,4176,-987
2898473544,540212,2074,1698,376
2898473544,600240,3139,2969,170
2898473544,660256,3146,1874,1272
2898473544,720274,3934,1793,2141
2898473544,780297,3683,3100,583
2898473544,840315,6066,3521,2545
2898473544,900331,3752,2642,1110
2898473544,960354,3642,2331,1311
2898473544,1020380,1573,3473,-1900
2898473544,1080402,3633,3522,111
2898473544,1140429,3358,4437,-1079
2898473544,1200440,5335,2364,2971
2898473544,1260465,2271,2534,-263
2898473544,1320477,2346,2142,204
2898473544,1380488,4119,2117,2002
2898473544,1440511,4246,2880,1366
2898473544,1500533,4955,2904,2051
2898473544,1560556,4508,4367,141
2898473544,1620568,6325,4244,2081
2898483106,0,2550,2550,0
2898483106,60019,0,165,-165
2898483106,120048,701,1006,-305
2898483106,180077,2204,1602,602
2898483106,240107,2495,2216,279
2898483106,300137,933,1182,-249
2898483106,360166,1688,2129,-441
2898483106,420195,1754,1289,465
2898483106,480224,2771,2296,475
2898483106,540254,533,1960,-1427
2898483106,600283,1000,1183,-183
2898483106,660283,2199,1214,985
2898483106,720312,2624,1184,1440
2898483106,780342,964,1957,-993
2898483106,840371,1842,1891,-49
2898483106,900401,572,1744,-1172
2898483106,960432,1845,1609,236
2898483106,1020463,2381,1135,1246
2898483106,1080494,4097,2188,1909
2898483106,1140523,1005,4140,-3135
2898483106,1200526,2602,1344,1258
2898483106,1260526,4108,837,3271
2898483106,1320557,1257,2155,-898
2898483106,1380577,3372,1230,2142
2898483106,1440606,2779,3393,-614
2898483106,1500635,1671,3207,-1536
2898483106,1560665,4177,3128,1049
2898483106,1620665,4987,866,4121
2898492154,0,2500,2500,0
2898492154,60032,0,0,0
2898492154,120037,538,377,161
2898492154,180069,1982,1643,339
2898492154,240069,4507,2190,2317
2898492154,300075,1643,2811,-1168
2898492154,360076,2011,2329,-318
2898492154,420091,2269,1985,284
2898492154,480108,944,2535,-1591
2898492154,540135,2837,1512,1325
2898492154,600149,2576,2139,437
2898492154,660153,3957,4192,-235
2898492154,720177,5938,2421,3517
2898492154,780201,4918,2653,2265
2898492154,840218,4291,2636,1655
2898492154,900240,2084,2380,-296
2898492154,960253,3892,3750,142
2898492154,1020283,7125,1963,5162
2898492154,1080299,2521,3094,-573
2898492154,1140300,3282,3010,272
2898492154,1200304,1432,2032,-600
2898492154,1260308,3059,2658,401
2898492154,1320329,5071,4000,1071
2898492154,1380352,2052,2092,-40
2898492154,1440356,5041,3854,1187
2898492154,1500384,7398,4598,2800
2898492154,1560384,4463,4229,234
2898492154,1620384,7123,2710,4413
2898497769,0,2500,2500,0
2898497769,60001,0,0,0
2898497769,120005,463,412,51
2898497769,180039,1734,1797,-63
2898497769,240043,2376,2646,-270
2898497769,300050,1123,1126,-3
2898497769,360054,1600,2674,-1074
2898497769,420066,2519,1108,1411
2898497769,480079,2366,2697,-331
2898497769,540080,2427,4943,-2516
2898497769,600085,4667,2632,2035
2898497769,660088,1851,3154,-1303
2898497769,720114,2054,2370,-316
2898497769,780120,4366,1469,2897
2898497769,840122,2531,3872,-1341
2898497769,900157,2974,5578,-2604
2898497769,960172,3449,2443,1006
2898497769,1020178,3271,3086,185
2898497769,1080203,3442,2075,1367
2898497769,1140234,2791,2531,260
2898497769,1200252,4578,2641,1937
2898497769,1260268,7018,2145,4873
2898497769,1320273,2004,3170,-1166
2898497769,1380278,3001,2223,778
2898497769,1440283,5309,3864,1445
2898497769,1500315,8191,1715,6476
2898497769,1560337,2538,3453,-915
2898497769,1620337,7165,3459,3706
2898511941,0,2500,2500,0
2898511941,60019,0,10,-10
2898511941,120038,330,420,-90
2898511941,180066,1696,1776,-80
2898511941,240098,3455,3083,372
2898511941,300106,3452,1995,1457
2898511941,360128,1809,3051,-1242
2898511941,420143,2268,3242,-974
2898511941,480154,3516,5225,-1709
2898511941,540163,3319,2510,809
2898511941,600166,1378,2496,-1118
2898511941,660178,2672,2188,484
2898511941,720182,3738,1583,2155
2898511941,780185,5089,1864,3225
2898511941,840191,3394,3346,48
2898511941,900200,5037,3270,1767
2898511941,960207,565,2564,-1999
2898511941,1020234,2615,1524,1091
2898511941,1080254,4673,2098,2575
2898511941,1140266,3228,2320,908
2898511941,1200280,3980,4727,-747
2898511941,1260289,4312,7557,-3245
2898511941,1320313,4269,3913,356
2898511941,1380316,8363,1173,7190
2898511941,1440324,2522,3887,-1365
2898511941,1500325,5655,4777,878
2898511941,1560346,10184,2006,8178
2898511941,1620346,12279,2756,9523
2898523259,0,2500,2500,0
2898523259,60020,0,0,0
2898523259,120052,367,386,-19
2898523259,180089,1770,2184,-414
2898523259,240120,2056,1576,480
2898523259,300126,4113,1871,2242
2898523259,360131,4894,1278,3616
2898523259,420150,814,2521,-1707
2898523259,480163,1369,4207,-2838
2898523259,540169,2814,4444,-1630
2898523259,600182,3462,3284,178
2898523259,660188,4477,2620,1857
2898523259,720204,3351,3410,-59
2898523259,780214,3696,3657,39
2898523259,840237,2271,3517,-1246
2898523259,900240,4030,4706,-676
2898523259,960255,1626,6515,-4889
2898523259,1020288,4636,2808,1828
2898523259,1080305,3263,1908,1355
2898523259,1140319,1899,3947,-2048
2898523259,1200334,2877,1840,1037
2898523259,1260349,5519,3020,2499
2898523259,1320370,3303,3196,107
2898523259,1380384,2602,4125,-1523
2898523259,1440404,3538,2828,710
2898523259,1500437,5362,4422,940
2898523259,1560446,5309,3640,1669
2898523259,1620446,5491,3269,2222
2898530531,0,2500,2500,0
2898530531,60015,0,50,-50
2898530531,120021,363,361,2
2898530531,180028,2008,1284,724
2898530531,240053,2067,2080,-13
2898530531,300083,2858,3529,-671
2898530531,360104,4567,3417,1150
2898530531,420122,2862,1701,1161
2898530531,480135,1513,3175,-1662
2898530531,540155,3730,3661,69
2898530531,600185,3787,2736,1051
2898530531,660212,4308,1803,2505
2898530531,720234,2351,2990,-639
2898530531,780254,2342,2835,-493
2898530531,840271,5029,1531,3498
2898530531,900272,3618,2520,1098
2898530531,960275,3141,2915,226
2898530531,1020284,3495,4904,-1409
2898530531,1080301,2621,3054,-433
2898530531,1140308,5696,4088,1608
2898530531,1200313,9678,2432,7246
2898530531,1260337,2960,3387,-427
2898530531,1320355,3475,2985,490
2898530531,1380387,3453,3267,186
2898530531,1440397,3290,2502,788
2898530531,1500407,3839,3081,758
2898530531,1560411,4340,4969,-629
2898530531,1620411,5269,3183,2086
2898540602,0,7000,7000,0
2898540602,60028,155,0,155
2898540602,120033,2512,2192,320
2898540602,180061,5592,3402,2190
2898540602,240079,5205,6258,-1053
2898540602,300107,4930,6754,-1824
2898540602,360112,5535,2597,2938
2898540602,420144,2748,4483,-1735
2898540602,480165,6562,3146,3416
2898540602,540170,5930,989,4941
2898540602,600195,5238,3431,1807
2898540602,660205,2255,4329,-2074
2898540602,720213,3181,6928,-3747
2898540602,780238,2566,3670,-1104
2898540602,840267,5615,2941,2674
2898540602,900299,7738,1633,6105
2898540602,960331,4086,2499,1587
2898540602,1020340,4087,4598,-511
2898540602,1080373,1494,6024,-4530
2898540602,1140376,3549,8075,-4526
2898540602,1200406,8054,4277,3777
2898540602,1260415,3242,9239,-5997
2898540602,1320445,7386,3371,4015
2898540602,1380478,2585,6402,-3817
2898540602,1440499,6809,2467,4342
2898540602,1500508,4189,5343,-1154
2898540602,1560519,7618,6319,1299
2898540602,1620519,7762,5495,2267
2898548722,0,7000,7000,0
2898548722,60000,705,100,605
2898548722,120030,2458,2619,-161
2898548722,180059,2725,4080,-1355
2898548722,240088,4956,6170,-1214
2898548722,300097,4280,7585,-3305
2898548722,360127,2591,8463,-5872
2898548722,420155,3578,5595,-2017
2898548722,480185,3015,9208,-6193
2898548722,540215,4018,3566,452
2898548722,600244,1791,8271,-6480
2898548722,660277,4338,5568,-1230
2898548722,720307,3696,4076,-380
2898548722,780337,4979,3885,1094
2898548722,840366,5702,3433,2269
2898548722,900371,8185,2217,5968
2898548722,960375,1964,7615,-5651
2898548722,1020383,5450,5111,339
2898548722,1080411,7385,1285,6100
2898548722,1140420,7317,4088,3229
2898548722,1200424,4108,3277,831
2898548722,1260448,5485,2976,2509
2898548722,1320478,3688,5281,-1593
2898548722,1380509,4896,2735,2161
2898548722,1440519,1694,4037,-2343
2898548722,1500520,3076,5782,-2706
2898548722,1560547,4979,4480,499
2898548722,1620547,3749,4262,-513
2898557183,0,2500,2500,0
2898557183,60004,0,0,0
2898557183,120006,413,289,124
2898557183,180035,1775,1643,132
2898557183,240040,3093,2157,936
2898557183,300073,2225,2078,147
2898557183,360079,3444,3352,92
2898557183,420108,1908,4730,-2822
2898557183,480132,2369,4685,-2316
2898557183,540148,3057,3773,-716
2898557183,600160,1979,5146,-3167
2898557183,660179,1598,1679,-81
2898557183,720184,2099,3455,-1356
2898557183,780212,2705,2065,640
2898557183,840243,1206,3480,-2274
2898557183,900258,2566,3786,-1220
2898557183,960290,3942,5245,-1303
2898557183,1020296,3600,2736,864
2898557183,1080322,4443,4181,262
2898557183,1140332,3667,3208,459
2898557183,1200348,5074,3832,1242
2898557183,1260375,3790,3997,-207
2898557183,1320379,5367,4181,1186
2898557183,1380388,6301,7412,-1111
2898557183,1440419,1168,3459,-2291
2898557183,1500420,3876,3608,268
2898557183,1560447,6637,3445,3192
2898557183,1620447,9202,3537,5665
2898604191,0,2500,2500,0
2898604191,60007,0,0,0
2898604191,120010,400,329,71
2898604191,180050,2238,1766,472
2898604191,240079,2997,2907,90
2898604191,300081,4082,1515,2567
2898604191,360112,1293,2593,-1300
2898604191,420118,2763,2492,271
2898604191,480124,1578,3047,-1469
2898604191,540130,2462,1778,684
2898604191,600150,3399,2928,471
2898604191,660165,3152,4604,-1452
2898604191,720182,4196,2936,1260
2898604191,780185,2398,2895,-497
2898604191,840202,1999,4037,-2038
2898604191,900224,3782,989,2793
2898604191,960240,2635,2553,82
2898604191,1020257,2861,4777,-1916
2898604191,1080261,4820,3179,1641
2898604191,1140263,4128,2643,1485
2898604191,1200285,4982,2556,2426
2898604191,1260311,2500,2808,-308
2898604191,1320317,5082,4182,900
2898604191,1380336,6249,5903,346
2898604191,1440347,7261,2650,4611
2898604191,1500366,4832,1764,3068
2898604191,1560395,7906,2037,5869
2898604191,1620395,9558,2194,7364
2898605136,0,2500,2500,0
2898605136,60011,0,0,0
2898605136,120015,457,429,28
2898605136,180044,1722,1900,-178
2898605136,240060,2676,4106,-1430
2898605136,300093,3309,4824,-1515
2898605136,360122,3740,1430,2310
2898605136,420158,1725,1901,-176
2898605136,480191,2291,2028,263
2898605136,540203,2920,2485,435
2898605136,600210,1347,3986,-2639
2898605136,660215,2725,3239,-514
2898605136,720233,2949,3556,-607
2898605136,780266,5477,5396,81
2898605136,840293,5685,2783,2902
2898605136,900310,2185,2748,-563
2898605136,960337,3012,4634,-1622
2898605136,1020351,4959,2755,2204
2898605136,1080383,5853,3632,2221
2898605136,1140402,3492,5314,-1822
2898605136,1200408,2650,4856,-2206
2898605136,1260418,4901,4632,269
2898605136,1320433,1838,2562,-724
2898605136,1380465,2785,4579,-1794
2898605136,1440468,5875,4662,1213
2898605136,1500496,5257,4952,305
2898605136,1560527,5263,3221,2042
2898605136,1620553,7388,3193,4195
2898611148,0,2500,2500,0
2898611148,60008,0,0,0
2898611148,120009,454,471,-17
2898611148,180010,1621,2189,-568
2898611148,240011,2103,2186,-83
2898611148,300013,1558,3838,-2280
2898611148,360013,3141,2479,662
2898611148,420040,1635,4867,-3232
2898611148,480044,2788,2912,-124
2898611148,540085,2313,4900,-2587
2898611148,600105,1727,1749,-22
2898611148,660148,3476,4289,-813
2898611148,720173,1021,5081,-4060
2898611148,780200,2357,2654,-297
2898611148,840227,4486,2030,2456
2898611148,900247,1528,3034,-1506
2898611148,960271,2476,4980,-2504
2898611148,1020279,2771,2003,768
2898611148,1080283,5372,2961,2411
2898611148,1140285,1925,2728,-803
2898611148,1200285,2056,6671,-4615
2898611148,1260300,5296,3841,1455
2898611148,1320326,4932,2325,2607
2898611148,1380352,2351,3236,-885
2898611148,1440381,3306,3934,-628
2898611148,1500397,6294,1712,4582
2898611148,1560430,1344,4079,-2735
2898611148,1620430,5668,1466,4202
2898640853,0,2500,2500,0
2898640853,60020,0,0,0
2898640853,120024,499,349,150
2898640853,180052,1826,1922,-96
2898640853,240063,3169,1502,1667
2898640853,300065,2506,3305,-799
2898640853,360088,2060,3838,-1778
2898640853,420092,2682,2408,274
2898640853,480093,4567,2360,2207
2898640853,540116,1739,3194,-1455
2898640853,600129,2236,3767,-1531
2898640853,660145,2603,2398,205
2898640853,720150,3996,2919,1077
2898640853,780181,4301,3405,896
2898640853,840199,1312,3753,-2441
2898640853,900211,4250,2867,1383
2898640853,960229,2571,2776,-205
2898640853,1020242,3712,1801,1911
2898640853,1080256,2441,3149,-708
2898640853,1140280,4238,3263,975
2898640853,1200303,3631,2747,884
2898640853,1260307,3659,5001,-1342
2898640853,1320330,2662,4040,-1378
2898640853,1380354,5950,3649,2301
2898640853,1440373,3067,2804,263
2898640853,1500404,5304,3127,2177
2898640853,1560422,6775,2084,4691
2898640853,1620422,8227,2478,5749
2898651359,0,2500,2500,0
2898651359,60031,0,0,0
2898651359,120054,502,424,78
2898651359,180071,1850,1694,156
2898651359,240093,1934,3044,-1110
2898651359,300123,3755,3838,-83
2898651359,360142,2683,3237,-554
2898651359,420167,2353,2199,154
2898651359,480176,4363,2418,1945
2898651359,540185,3542,2610,932
2898651359,600198,2237,1715,522
2898651359,660222,4582,2068,2514
2898651359,720229,2993,2214,779
2898651359,780235,3660,3863,-203
2898651359,840264,3743,4189,-446
2898651359,900286,1312,2003,-691
2898651359,960302,3289,2116,1173
2898651359,1020309,5078,3674,1404
2898651359,1080309,4942,3889,1053
2898651359,1140332,3131,2349,782
2898651359,1200355,3518,1907,1611
2898651359,1260361,2272,4213,-1941
2898651359,1320386,4369,3732,637
2898651359,1380415,1469,4322,-2853
2898651359,1440440,4801,3307,1494
2898651359,1500440,4808,3063,1745
2898651359,1560443,4892,1584,3308
2898651359,1620443,6648,1402,5246
2898670626,0,2500,2500,0
2898670626,60011,0,0,0
2898670626,120041,367,439,-72
2898670626,180075,1670,1658,12
2898670626,240082,3614,2749,865
2898670626,300097,4789,2528,2261
2898670626,360101,6554,3455,3099
2898670626,420102,2996,3850,-854
2898670626,480110,1842,2769,-927
2898670626,540136,4220,1527,2693
2898670626,600146,2748,2614,134
2898670626,660164,3499,2379,1120
2898670626,720189,2089,2900,-811
2898670626,780214,4202,2914,1288
2898670626,840220,3730,1921,1809
2898670626,900224,3005,3448,-443
2898670626,960253,3775,4820,-1045
2898670626,1020276,3725,2822,903
2898670626,1080307,5677,1928,3749
2898670626,1140330,5419,1906,3513
2898670626,1200338,5675,2193,3482
2898670626,1260341,3996,3936,60
2898670626,1320353,3867,6956,-3089
2898670626,1380367,3629,1264,2365
2898670626,1440392,5915,2820,3095
2898670626,1500419,6304,2071,4233
2898670626,1560452,8111,2660,5451
2898670626,1620452,7718,1682,6036
2898710429,0,2500,2500,0
2898710429,60008,0,0,0
2898710429,120020,483,581,-98
2898710429,180032,1814,2033,-219
2898710429,240061,949,3834,-2885
2898710429,300064,1776,1482,294
2898710429,360066,2972,3387,-415
2898710429,420090,2574,4451,-1877
2898710429,480106,2395,3024,-629
2898710429,540115,2456,5416,-2960
2898710429,600121,2122,4216,-2094
2898710429,660138,3472,3691,-219
2898710429,720168,4210,3812,398
2898710429,780195,2519,4311,-1792
2898710429,840204,4818,1538,3280
2898710429,900231,6127,1672,4455
2898710429,960239,2713,3643,-930
2898710429,1020248,7066,2308,4758
2898710429,1080259,4348,3068,1280
2898710429,1140275,4631,4112,519
2898710429,1200283,3000,2698,302
2898710429,1260290,3486,2251,1235
2898710429,1320312,4381,2304,2077
2898710429,1380341,2481,3908,-1427
2898710429,1440369,3258,4125,-867
2898710429,1500389,2379,3209,-830
2898710429,1560397,5507,3702,1805
2898710429,1620397,6839,3821,3018
2898762198,0,2500,2500,0
2898762198,60005,0,0,0
2898762198,120038,899,390,509
2898762198,180047,2340,1627,713
2898762198,240055,3685,2799,886
2898762198,300057,3121,3284,-163
2898762198,360082,1192,2015,-823
2898762198,420103,2318,2457,-139
2898762198,480107,3543,4031,-488
2898762198,540137,5654,3234,2420
2898762198,600148,1065,3916,-2851
2898762198,660153,4142,2281,1861
2898762198,720170,4494,2159,2335
2898762198,780180,2541,2977,-436
2898762198,840195,5925,5354,571
2898762198,900207,6287,1412,4875
2898762198,960216,1161,3279,-2118
2898762198,1020243,2980,1698,1282
2898762198,1080269,4188,2265,1923
2898762198,1140297,6347,3736,2611
2898762198,1200309,3480,2991,489
2898762198,1260318,2947,3499,-552
2898762198,1320344,2767,1432,1335
2898762198,1380375,1979,3825,-1846
2898762198,1440405,5423,3339,2084
2898762198,1500437,3408,4278,-870
2898762198,1560447,5730,7499,-1769
2898762198,1620447,5123,3685,1438
2898769019,0,2500,2500,0
2898769019,60010,500,0,500
2898769019,120017,342,373,-31
2898769019,180049,3140,1314,1826
2898769019,240078,1329,1683,-354
2898769019,300111,2743,1850,893
2898769019,360132,2907,2368,539
2898769019,420134,3890,1980,1910
2898769019,480163,3014,2722,292
2898769019,540170,3549,4467,-918
2898769019,600200,4789,1655,3134
2898769019,660206,2900,2960,-60
2898769019,720238,4074,2316,1758
2898769019,780241,2535,1076,1459
2898769019,840263,3924,2744,1180
2898769019,900278,1612,4008,-2396
2898769019,960309,4602,3850,752
2898769019,1020324,4877,2454,2423
2898769019,1080325,1262,3750,-2488
2898769019,1140339,4800,2943,1857
2898769019,1200364,2743,3341,-598
2898769019,1260385,2829,4714,-1885
2898769019,1320393,3569,3849,-280
2898769019,1380401,4220,1599,2621
2898769019,1440425,3833,2721,1112
2898769019,1500450,5285,3234,2051
2898769019,1560461,4057,3733,324
2898769019,1620481,7797,2001,5796
2898795598,0,2500,2500,0
2898795598,60001,0,0,0
2898795598,120007,418,425,-7
2898795598,180026,1712,1643,69
2898795598,240050,4004,1998,2006
2898795598,300064,2172,3767,-1595
2898795598,360089,4081,2305,1776
2898795598,420099,3730,1464,2266
2898795598,480125,4205,2827,1378
2898795598,540172,3729,3287,442
2898795598,600203,2722,3245,-523
2898795598,660225,3448,3021,427
2898795598,720258,4024,3697,327
2898795598,780261,2870,2421,449
2898795598,840287,2710,2546,164
2898795598,900292,4050,4537,-487
2898795598,960298,5079,1478,3601
2898795598,1020322,6148,2541,3607
2898795598,1080323,8351,3260,5091
2898795598,1140325,1776,4513,-2737
2898795598,1200341,4527,2985,1542
2898795598,1260363,5165,1558,3607
2898795598,1320381,2164,2618,-454
2898795598,1380398,4412,3202,1210
2898795598,1440411,6488,1017,5471
2898795598,1500440,1739,2646,-907
2898795598,1560455,4753,2313,2440
2898795598,1620455,5503,3869,1634
2898821815,0,2500,2500,0
2898821815,60018,0,0,0
2898821815,120037,432,428,4
2898821815,180047,2246,1684,562
2898821815,240064,3314,1242,2072
2898821815,300074,4899,2571,2328
2898821815,360105,3948,3348,600
2898821815,420137,3270,4623,-1353
2898821815,480149,5087,2886,2201
2898821815,540161,6991,3181,3810
2898821815,600179,3009,3357,-348
2898821815,660201,2572,2278,294
2898821815,720224,3917,3204,713
2898821815,780275,3709,1069,2640
2898821815,840298,3215,2978,237
2898821815,900305,4838,3565,1273
2898821815,960337,7781,3706,4075
2898821815,1020355,7203,2906,4297
2898821815,1080368,2604,4772,-2168
2898821815,1140368,4230,2336,1894
2898821815,1200390,6683,1271,5412
2898821815,1260406,7899,1962,5937
2898821815,1320409,3614,1820,1794
2898821815,1380423,8182,1602,6580
2898821815,1440455,8143,2706,5437
2898821815,1500459,9465,1753,7712
2898821815,1560489,12140,1994,10146
2898821815,1620489,13593,2365,11228
2898847200,0,2500,2500,0
2898847200,60010,500,0,500
2898847200,120014,338,407,-69
2898847200,180051,1772,1645,127
2898847200,240084,3191,3114,77
2898847200,300096,2207,3714,-1507
2898847200,360107,3893,4192,-299
2898847200,420122,1593,2148,-555
2898847200,480145,3550,3523,27
2898847200,540174,3704,5046,-1342
2898847200,600193,5114,3131,1983
2898847200,660208,5720,3920,1800
2898847200,720237,3482,2228,1254
2898847200,780254,5733,4050,1683
2898847200,840257,6298,4040,2258
2898847200,900281,4487,2367,2120
2898847200,960309,1185,4104,-2919
2898847200,1020314,3099,3322,-223
2898847200,1080334,5405,2740,2665
2898847200,1140348,7569,2832,4737
2898847200,1200357,6359,3092,3267
2898847200,1260366,7505,3582,3923
2898847200,1320398,4044,3169,875
2898847200,1380418,6054,3162,2892
2898847200,1440422,9703,1739,7964
2898847200,1500450,11734,2916,8818
2898847200,1560463,14404,3075,11329
2898847200,1620463,13952,2833,11119
2898852045,0,2500,2500,0
2898852045,60014,0,0,0
2898852045,120027,369,447,-78
2898852045,180031,1413,2037,-624
2898852045,240032,3130,2522,608
2898852045,300049,2618,367,2251
2898852045,360051,1938,1793,145
2898852045,420066,4067,2793,1274
2898852045,480080,1469,2850,-1381
2898852045,540119,3282,3463,-181
2898852045,600145,3662,2730,932
2898852045,660164,5566,3681,1885
2898852045,720174,3764,1505,2259
2898852045,780197,4164,3246,918
2898852045,840202,2856,1537,1319
2898852045,900214,5496,3839,1657
2898852045,960236,6638,3200,3438
2898852045,1020242,8302,3183,5119
2898852045,1080257,2418,2027,391
2898852045,1140260,4846,3382,1464
2898852045,1200268,3226,2459,767
2898852045,1260288,5803,3466,2337
2898852045,1320292,6915,3058,3857
2898852045,1380303,6568,1903,4665
2898852045,1440308,8395,2616,5779
2898852045,1500317,9754,1893,7861
2898852045,1560332,1871,3561,-1690
2898852045,1620344,5428,5320,108
2898900080,0,7000,7000,0
2898900080,60018,15,0,15
2898900080,120047,3010,1837,1173
2898900080,180076,3084,4966,-1882
2898900080,240108,5438,4862,576
2898900080,300108,4727,4251,476
2898900080,360110,6236,5695,541
2898900080,420117,5056,7212,-2156
2898900080,480142,6243,11328,-5085
2898900080,540155,10502,2721,7781
2898900080,600168,7288,5127,2161
2898900080,660175,9454,5441,4013
2898900080,720209,9098,5159,3939
2898900080,780229,2836,7270,-4434
2898900080,840260,4690,3212,1478
2898900080,900275,8044,4250,3794
2898900080,960290,4500,2999,1501
2898900080,1020306,2678,5560,-2882
2898900080,1080325,6134,4971,1163
2898900080,1140345,7183,6293,890
2898900080,1200353,8225,7845,380
2898900080,1260367,3966,4407,-441
2898900080,1320372,4449,4835,-386
2898900080,1380377,6552,7482,-930
2898900080,1440408,8843,2776,6067
2898900080,1500414,10373,6511,3862
2898900080,1560418,7070,6562,508
2898900080,1620449,10649,7521,3128
2898909159,0,2500,2500,0
2898909159,60032,0,0,0
2898909159,120051,477,455,22
2898909159,180058,1924,1742,182
2898909159,240066,3269,2975,294
2898909159,300102,4067,2518,1549
2898909159,360123,5604,2778,2826
2898909159,420138,1612,4387,-2775
2898909159,480162,2885,2656,229
2898909159,540183,4221,3309,912
2898909159,600210,3918,4537,-619
2898909159,660233,4421,4681,-260
2898909159,720259,5730,5053,677
2898909159,780283,4125,2731,1394
2898909159,840309,6039,3384,2655
2898909159,900329,3685,2642,1043
2898909159,960341,5169,5809,-640
2898909159,1020370,3623,7191,-3568
2898909159,1080376,4575,3118,1457
2898909159,1140377,4656,3496,1160
2898909159,1200407,7443,2038,5405
2898909159,1260409,4353,4171,182
2898909159,1320430,2611,1090,1521
2898909159,1380444,6700,2252,4448
2898909159,1440457,9330,2936,6394
2898909159,1500484,1280,4667,-3387
2898909159,1560511,3857,6278,-2421
2898909159,1620511,4838,6799,-1961
2898918363,0,2500,2500,0
2898918363,60022,0,0,0
2898918363,120035,556,403,153
2898918363,180042,2945,1553,1392
2898918363,240072,1934,2606,-672
2898918363,300115,3115,4212,-1097
2898918363,360123,4674,4121,553
2898918363,420144,2855,4168,-1313
2898918363,480161,4998,3913,1085
2898918363,540192,4795,2657,2138
2898918363,600222,6478,2816,3662
2898918363,660244,3056,2826,230
2898918363,720274,2683,3036,-353
2898918363,780307,4302,2834,1468
2898918363,840339,5812,3229,2583
2898918363,900355,6205,3488,2717
2898918363,960387,4934,1817,3117
2898918363,1020404,4845,3067,1778
2898918363,1080410,1922,4398,-2476
2898918363,1140415,2437,1729,708
2898918363,1200424,5888,2382,3506
2898918363,1260443,7361,1880,5481
2898918363,1320450,6392,1983,4409
2898918363,1380470,6860,1808,5052
2898918363,1440492,2135,3718,-1583
2898918363,1500522,4152,7467,-3315
2898918363,1560551,1817,3576,-1759
2898918363,1620566,5921,2531,3390
2898933042,0,2500,2500,0
2898933042,60023,0,0,0
2898933042,120055,368,413,-45
2898933042,180091,1551,1599,-48
2898933042,240118,2858,2742,116
2898933042,300121,3653,4054,-401
2898933042,360150,5114,2278,2836
2898933042,420180,2591,2175,416
2898933042,480209,3971,2516,1455
2898933042,540217,4807,4204,603
2898933042,600233,4263,3670,593
2898933042,660248,3367,5339,-1972
2898933042,720257,3081,3575,-494
2898933042,780279,3492,3151,341
2898933042,840288,2569,1946,623
2898933042,900293,3110,1742,1368
2898933042,960318,3673,2662,1011
2898933042,1020337,5281,1881,3400
2898933042,1080349,3412,4388,-976
2898933042,1140354,3986,5914,-1928
2898933042,1200387,5787,8077,-2290
2898933042,1260388,3774,2404,1370
2898933042,1320404,4050,1925,2125
2898933042,1380437,6251,1771,4480
2898933042,1440448,6263,2662,3601
2898933042,1500476,4120,2083,2037
2898933042,1560498,4694,3491,1203
2898933042,1620498,6965,2389,4576
2898938477,0,2500,2500,0
2898938477,60004,0,0,0
2898938477,120033,490,500,-10
2898938477,180065,1906,1998,-92
2898938477,240095,2173,2637,-464
2898938477,300109,3952,3312,640
2898938477,360114,3719,3322,397
2898938477,420116,4203,1926,2277
2898938477,480135,1989,3108,-1119
2898938477,540144,2632,3172,-540
2898938477,600157,2298,3534,-1236
2898938477,660171,2706,2283,423
2898938477,720180,1896,5962,-4066
2898938477,780192,1644,2704,-1060
2898938477,840195,1332,3888,-2556
2898938477,900223,2894,3169,-275
2898938477,960239,2259,3242,-983
2898938477,1020259,2991,2307,684
2898938477,1080282,5953,2375,3578
2898938477,1140305,4337,2034,2303
2898938477,1200331,3597,2824,773
2898938477,1260347,4564,5908,-1344
2898938477,1320365,2354,1060,1294
2898938477,1380384,5519,2313,3206
2898938477,1440417,7890,3172,4718
2898938477,1500448,1994,2450,-456
2898938477,1560461,7793,3496,4297
2898938477,1620461,8634,3697,4937
2898966720,0,2500,2500,0
2898966720,60005,0,500,-500
2898966720,120010,338,389,-51
2898966720,180047,1660,1761,-101
2898966720,240077,2594,3866,-1272
2898966720,300107,2039,1588,451
2898966720,360112,1423,1845,-422
2898966720,420141,2746,1135,1611
2898966720,480171,2696,2556,140
2898966720,540186,2207,2366,-159
2898966720,600189,2299,5723,-3424
2898966720,660203,3161,1184,1977
2898966720,720213,3321,4134,-813
2898966720,780240,4177,1461,2716
2898966720,840245,3441,4338,-897
2898966720,900256,2582,3987,-1405
2898966720,960284,1647,3402,-1755
2898966720,1020316,1180,4925,-3745
2898966720,1080317,4183,1559,2624
2898966720,1140341,5264,4757,507
2898966720,1200361,2802,5065,-2263
2898966720,1260368,4423,2748,1675
2898966720,1320385,1255,4238,-2983
2898966720,1380389,2806,3403,-597
2898966720,1440391,6597,2870,3727
2898966720,1500424,3646,1830,1816
2898966720,1560445,4584,2369,2215
2898966720,1620445,8012,1677,6335
2898981212,0,2500,2500,0
2898981212,60008,0,35,-35
2898981212,120017,397,416,-19
2898981212,180048,2348,1631,717
2898981212,240054,2742,2339,403
2898981212,300064,3077,3708,-631
2898981212,360097,3357,1906,1451
2898981212,420118,5750,2781,2969
2898981212,480122,3428,2654,774
2898981212,540139,3441,1895,1546
2898981212,600169,5503,2799,2704
2898981212,660188,1313,2580,-1267
2898981212,720211,3991,4120,-129
2898981212,780214,4583,1304,3279
2898981212,840235,3068,2525,543
2898981212,900243,2652,1863,789
2898981212,960268,4287,3311,976
2898981212,1020289,1775,2754,-979
2898981212,1080322,2498,2068,430
2898981212,1140346,4594,2394,2200
2898981212,1200375,5939,3308,2631
2898981212,1260393,2461,2695,-234
2898981212,1320396,5630,2126,3504
2898981212,1380405,2039,3492,-1453
2898981212,1440434,5481,1917,3564
2898981212,1500464,2421,2676,-255
2898981212,1560473,6029,3716,2313
2898981212,1620473,5661,4342,1319
2898989699,0,2500,2500,0
2898989699,60007,75,0,75
2898989699,120013,497,417,80
2898989699,180015,1719,1313,406
2898989699,240027,2488,2402,86
2898989699,300030,3207,2786,421
2898989699,360039,3426,3433,-7
2898989699,420042,4013,2673,1340
2898989699,480061,4007,2956,1051
2898989699,540062,2552,1983,569
2898989699,600084,3112,2466,646
2898989699,660086,3134,2561,573
2898989699,720116,3982,2847,1135
2898989699,780133,4552,2886,1666
2898989699,840146,1314,2150,-836
2898989699,900158,5303,2730,2573
2898989699,960159,3677,2561,1116
2898989699,1020164,2148,3089,-941
2898989699,1080187,2277,4115,-1838
2898989699,1140188,5471,4239,1232
2898989699,1200206,1482,3047,-1565
2898989699,1260224,4699,5078,-379
2898989699,1320227,3718,4155,-437
2898989699,1380255,4116,3185,931
2898989699,1440281,5050,4468,582
2898989699,1500282,3004,3508,-504
2898989699,1560310,5904,3465,2439
2898989699,1620310,8051,3582,4469
2899024530,0,2500,2500,0
2899024530,60006,0,0,0
2899024530,120035,402,368,34
2899024530,180068,2346,1708,638
2899024530,240096,3064,3640,-576
2899024530,300128,2958,2798,160
2899024530,360157,3967,1271,2696
2899024530,420159,3940,1782,2158
2899024530,480159,1925,2254,-329
2899024530,540160,2372,1587,785
2899024530,600167,3288,2148,1140
2899024530,660180,1707,2269,-562
2899024530,720189,6011,1956,4055
2899024530,780208,3535,4085,-550
2899024530,840212,2503,4775,-2272
2899024530,900235,4329,1399,2930
2899024530,960245,1647,2054,-407
2899024530,1020253,4149,3538,611
2899024530,1080257,7522,2685,4837
2899024530,1140278,1740,2791,-1051
2899024530,1200293,3672,1357,2315
2899024530,1260306,5392,1025,4367
2899024530,1320335,3175,2188,987
2899024530,1380341,5626,2816,2810
2899024530,1440371,7301,1668,5633
2899024530,1500374,6248,3232,3016
2899024530,1560376,4620,1657,2963
2899024530,1620376,7384,1276,6108
2899034291,0,2500,2500,0
2899034291,60015,0,0,0
2899034291,120026,448,355,93
2899034291,180070,1654,1876,-222
2899034291,240086,3419,3179,240
2899034291,300114,2947,3167,-220
2899034291,360127,4497,4500,-3
2899034291,420142,5552,3127,2425
2899034291,480161,3919,4253,-334
2899034291,540178,2651,1814,837
2899034291,600198,2431,3382,-951
2899034291,660228,2684,4232,-1548
2899034291,720258,3582,1240,2342
2899034291,780290,2363,2389,-26
2899034291,840292,4464,3340,1124
2899034291,900294,2651,2817,-166
2899034291,960302,2186,3286,-1100
2899034291,1020303,5060,1329,3731
2899034291,1080308,7326,1589,5737
2899034291,1140313,4585,2296,2289
2899034291,1200321,4535,3327,1208
2899034291,1260322,4173,5024,-851
2899034291,1320344,1223,2756,-1533
2899034291,1380359,1967,5467,-3500
2899034291,1440369,3640,5864,-2224
2899034291,1500377,5352,1612,3740
2899034291,1560393,9029,1633,7396
2899034291,1620393,10418,1347,9071
2899037135,0,2500,2500,0
2899037135,60019,0,0,0
2899037135,120025,359,457,-98
2899037135,180075,2215,1716,499
2899037135,240076,3207,2187,1020
2899037135,300094,2993,3583,-590
2899037135,360108,2648,4013,-1365
2899037135,420113,3578,1478,2100
2899037135,480135,3697,2788,909
2899037135,540161,2926,4066,-1140
2899037135,600177,3775,6092,-2317
2899037135,660199,1353,6323,-4970
2899037135,720223,3064,1840,1224
2899037135,780251,4964,3079,1885
2899037135,840273,816,1914,-1098
2899037135,900284,3051,1900,1151
2899037135,960298,4847,3099,1748
2899037135,1020313,7640,4755,2885
2899037135,1080343,7335,3309,4026
2899037135,1140356,4840,3192,1648
2899037135,1200367,6059,1348,4711
2899037135,1260375,6003,2488,3515
2899037135,1320400,7497,2641,4856
2899037135,1380403,2162,2572,-410
2899037135,1440435,4250,3333,917
2899037135,1500456,3925,2154,1771
2899037135,1560481,6874,1711,5163
2899037135,1620481,6784,1586,5198
2899039942,0,2500,2500,0
2899039942,60008,0,0,0
2899039942,120040,508,517,-9
2899039942,180074,1908,2239,-331
2899039942,240082,2657,3289,-632
2899039942,300099,4180,4749,-569
2899039942,360124,1379,1855,-476
2899039942,420128,2777,3257,-480
2899039942,480130,4301,3622,679
2899039942,540140,3509,3393,116
2899039942,600149,1955,2821,-866
2899039942,660161,3417,4441,-1024
2899039942,720178,3748,5802,-2054
2899039942,780186,2073,5051,-2978
2899039942,840204,2536,3089,-553
2899039942,900226,3140,6076,-2936
2899039942,960233,1873,2997,-1124
2899039942,1020264,3803,3518,285
2899039942,1080277,4198,5542,-1344
2899039942,1140293,1453,3903,-2450
2899039942,1200309,4444,2233,2211
2899039942,1260313,6585,3780,2805
2899039942,1320324,5502,5138,364
2899039942,1380346,7992,4191,3801
2899039942,1440355,2189,3406,-1217
2899039942,1500363,6920,3523,3397
2899039942,1560394,2948,4483,-1535
2899039942,1620394,5084,4145,939
2899051391,0,2500,2500,0
2899051391,60003,0,0,0
2899051391,120009,339,337,2
2899051391,180044,1638,2033,-395
2899051391,240076,2213,2476,-263
2899051391,300085,3690,2622,1068
2899051391,360090,3310,2865,445
2899051391,420099,1893,2120,-227
2899051391,480107,3114,2996,118
2899051391,540116,4644,4412,232
2899051391,600133,4474,4769,-295
2899051391,660133,4071,3368,703
2899051391,720159,6195,5075,1120
2899051391,780169,5618,1377,4241
2899051391,840190,5065,3700,1365
2899051391,900208,2286,908,1378
2899051391,960225,3983,2798,1185
2899051391,1020243,5985,1148,4837
2899051391,1080247,4094,2609,1485
2899051391,1140265,5664,2078,3586
2899051391,1200284,8285,2877,5408
2899051391,1260287,8909,2819,6090
2899051391,1320309,6072,3516,2556
2899051391,1380336,2832,3145,-313
2899051391,1440350,5325,4196,1129
2899051391,1500372,6659,4021,2638
2899051391,1560373,4067,2928,1139
2899051391,1620373,4067,2329,1738
2899054949,0,2500,2500,0
2899054949,60007,0,0,0
2899054949,120014,579,370,209
2899054949,180055,2113,1698,415
2899054949,240055,3595,2418,1177
2899054949,300061,3490,3894,-404
2899054949,360089,1977,4578,-2601
2899054949,420093,2858,1908,950
2899054949,480100,3141,2479,662
2899054949,540124,4568,2913,1655
2899054949,600141,2527,1039,1488
2899054949,660156,4121,1769,2352
2899054949,720184,5253,2948,2305
2899054949,780188,4213,4337,-124
2899054949,840199,3473,3639,-166
2899054949,900219,3643,3963,-320
2899054949,960232,1976,2371,-395
2899054949,1020262,4218,2469,1749
2899054949,1080290,4701,3526,1175
2899054949,1140291,3023,3633,-610
2899054949,1200316,3182,2881,301
2899054949,1260345,4090,4059,31
2899054949,1320353,1913,2498,-585
2899054949,1380367,2362,4749,-2387
2899054949,1440379,2554,2889,-335
2899054949,1500403,5115,1721,3394
2899054949,1560422,2391,3292,-901
2899054949,1620453,6800,2935,3865
2899060226,0,2500,2500,0
2899060226,60011,0,10,-10
2899060226,120018,449,705,-256
2899060226,180057,2384,1659,725
2899060226,240086,3095,2721,374
2899060226,300101,1949,3283,-1334
2899060226,360102,1706,2004,-298
2899060226,420111,2421,2372,49
2899060226,480139,4314,2656,1658
2899060226,540156,2577,3775,-1198
2899060226,600184,4556,4327,229
2899060226,660187,4869,3558,1311
2899060226,720195,2179,2276,-97
2899060226,780217,4092,2447,1645
2899060226,840243,5384,3405,1979
2899060226,900272,2253,4435,-2182
2899060226,960286,3783,2316,1467
2899060226,1020288,5761,4008,1753
2899060226,1080316,2255,2013,242
2899060226,1140328,2316,3361,-1045
2899060226,1200332,4694,2339,2355
2899060226,1260334,1224,2822,-1598
2899060226,1320365,3046,1952,1094
2899060226,1380377,5779,1187,4592
2899060226,1440401,2690,2957,-267
2899060226,1500425,5700,2928,2772
2899060226,1560428,4619,2559,2060
2899060226,1620428,8231,2824,5407
2899067935,0,2500,2500,0
2899067935,60006,0,0,0
2899067935,120012,364,377,-13
2899067935,180014,1821,1789,32
2899067935,240030,4785,1163,3622
2899067935,300037,1107,2022,-915
2899067935,360061,2727,3513,-786
2899067935,420075,2761,3649,-888
2899067935,480083,4693,1188,3505
2899067935,540085,4662,2792,1870
2899067935,600091,5060,3488,1572
2899067935,660103,1564,1420,144
2899067935,720131,3279,2977,302
2899067935,780161,3490,3436,54
2899067935,840193,3833,2876,957
2899067935,900223,5015,1577,3438
2899067935,960233,4046,1777,2269
2899067935,1020262,3151,1991,1160
2899067935,1080280,4415,3301,1114
2899067935,1140292,5216,2858,2358
2899067935,1200308,2817,2030,787
2899067935,1260335,4195,1475,2720
2899067935,1320353,5580,2022,3558
2899067935,1380385,3321,2742,579
2899067935,1440416,4759,3325,1434
2899067935,1500438,7278,1857,5421
2899067935,1560446,5698,2971,2727
2899067935,1620461,6934,4253,2681
2899081142,0,2500,2500,0
2899081142,60023,50,0,50
2899081142,120039,434,373,61
2899081142,180079,1829,1470,359
2899081142,240091,3048,2746,302
2899081142,300127,4532,4047,485
2899081142,360147,5316,4904,412
2899081142,420163,3430,3336,94
2899081142,480191,2222,1867,355
2899081142,540205,3604,2589,1015
2899081142,600238,1879,4397,-2518
2899081142,660242,3569,3426,143
2899081142,720265,3909,711,3198
2899081142,780283,4118,3426,692
2899081142,840299,6284,4060,2224
2899081142,900317,3917,2570,1347
2899081142,960346,4180,2347,1833
2899081142,1020365,4916,2640,2276
2899081142,1080378,7154,3818,3336
2899081142,1140380,6630,3923,2707
2899081142,1200404,4519,2223,2296
2899081142,1260419,4673,2463,2210
2899081142,1320434,8230,3191,5039
2899081142,1380443,800,3778,-2978
2899081142,1440469,2923,4483,-1560
2899081142,1500506,3219,3582,-363
2899081142,1560513,5469,4590,879
2899081142,1620513,5703,2263,3440
2899169966,0,2500,2500,0
2899169966,60010,0,0,0
2899169966,120029,403,337,66
2899169966,180051,1741,1696,45
2899169966,240066,1763,2405,-642
2899169966,300080,3231,3672,-441
2899169966,360108,2937,3462,-525
2899169966,420124,4324,3578,746
2899169966,480140,5325,4981,344
2899169966,540158,2820,1432,1388
2899169966,600164,4664,2619,2045
2899169966,660170,6895,2099,4796
2899169966,720182,4417,2931,1486
2899169966,780208,3809,2758,1051
2899169966,840209,3027,2082,945
2899169966,900213,5411,1916,3495
2899169966,960238,2769,2695,74
2899169966,1020238,3057,974,2083
2899169966,1080256,2578,1810,768
2899169966,1140285,3629,2805,824
2899169966,1200288,2577,3204,-627
2899169966,1260311,1784,3146,-1362
2899169966,1320337,3051,4444,-1393
2899169966,1380343,2483,2825,-342
2899169966,1440345,5445,2502,2943
2899169966,1500376,5600,2922,2678
2899169966,1560389,7498,3929,3569
2899169966,1620389,8816,3172,5644
2899178509,0,2500,2500,0
2899178509,60007,0,0,0
2899178509,120009,447,376,71
2899178509,180050,2985,2177,808
2899178509,240083,3293,2249,1044
2899178509,300113,942,2834,-1892
2899178509,360122,2002,1704,298
2899178509,420144,3472,1705,1767
2899178509,480154,6192,1457,4735
2899178509,540181,879,3420,-2541
2899178509,600188,2506,3627,-1121
2899178509,660215,4294,3745,549
2899178509,720244,3410,1381,2029
2899178509,780265,3180,3217,-37
2899178509,840267,2705,3422,-717
2899178509,900289,1528,4954,-3426
2899178509,960299,2499,5751,-3252
2899178509,1020326,4320,3428,892
2899178509,1080357,3497,2448,1049
2899178509,1140373,3633,4035,-402
2899178509,1200384,4919,2598,2321
2899178509,1260396,3667,4099,-432
2899178509,1320424,6719,5174,1545
2899178509,1380450,3740,6752,-3012
2899178509,1440463,3871,6154,-2283
2899178509,1500482,2668,3081,-413
2899178509,1560494,7213,3333,3880
2899178509,1620494,5559,3179,2380
2899228235,0,2500,2500,0
2899228235,60017,0,0,0
2899228235,120048,374,445,-71
2899228235,180095,1827,1802,25
2899228235,240098,2697,2057,640
2899228235,300107,4194,3482,712
2899228235,360109,2230,3948,-1718
2899228235,420126,2625,3132,-507
2899228235,480131,3394,2498,896
2899228235,540151,2134,2513,-379
2899228235,600169,3257,2486,771
2899228235,660193,3301,2091,1210
2899228235,720194,3794,2307,1487
2899228235,780200,1977,3140,-1163
2899228235,840224,3551,6043,-2492
2899228235,900257,5244,2196,3048
2899228235,960290,6734,2302,4432
2899228235,1020305,4650,1666,2984
2899228235,1080335,6245,1281,4964
2899228235,1140366,4956,2371,2585
2899228235,1200395,4894,3545,1349
2899228235,1260425,4462,3970,492
2899228235,1320441,5462,3986,1476
2899228235,1380479,2948,821,2127
2899228235,1440512,3283,3525,-242
2899228235,1500545,4870,1366,3504
2899228235,1560547,2205,3225,-1020
2899228235,1620547,6507,3055,3452
2899232749,0,2500,2500,0
2899232749,60004,10,0,10
2899232749,120010,905,309,596
2899232749,180048,2026,1399,627
2899232749,240076,1955,1616,339
2899232749,300088,3239,2803,436
2899232749,360090,3948,2177,1771
2899232749,420108,3299,3040,259
2899232749,480123,3307,4384,-1077
2899232749,540151,4872,2613,2259
2899232749,600157,2122,3992,-1870
2899232749,660162,2957,3303,-346
2899232749,720170,3813,2946,867
2899232749,780202,2076,3646,-1570
2899232749,840231,3443,3124,319
2899232749,900240,5542,1977,3565
2899232749,960251,6270,3576,2694
2899232749,1020260,5678,1299,4379
2899232749,1080267,3561,3467,94
2899232749,1140271,4854,2292,2562
2899232749,1200284,3514,1238,2276
2899232749,1260310,3134,5077,-1943
2899232749,1320340,3883,5113,-1230
2899232749,1380353,2460,3967,-1507
2899232749,1440387,5270,5436,-166
2899232749,1500388,1983,7200,-5217
2899232749,1560403,3812,2874,938
2899232749,1620422,10452,4759,5693
2899233999,0,2500,2500,0
2899233999,60004,500,0,500
2899233999,120036,790,331,459
2899233999,180076,2482,2004,478
2899233999,240102,2673,3476,-803
2899233999,300106,1814,4737,-2923
2899233999,360137,2500,1057,1443
2899233999,420149,4134,2078,2056
2899233999,480180,2141,2014,127
2899233999,540208,3723,2502,1221
2899233999,600234,2199,1069,1130
2899233999,660265,3292,1880,1412
2899233999,720287,2823,2145,678
2899233999,780307,5576,1543,4033
2899233999,840321,3677,3739,-62
2899233999,900343,5125,1697,3428
2899233999,960358,5725,1929,3796
2899233999,1020374,8352,1967,6385
2899233999,1080392,2283,4183,-1900
2899233999,1140412,2002,1609,393
2899233999,1200431,2450,4091,-1641
2899233999,1260460,2604,2596,8
2899233999,1320487,7674,1059,6615
2899233999,1380493,3508,2503,1005
2899233999,1440503,4391,1918,2473
2899233999,1500530,2738,4011,-1273
2899233999,1560538,3164,2615,549
2899233999,1620550,6497,2826,3671
2899350225,0,7000,7000,0
2899350225,60027,50,0,50
2899350225,120035,2556,2073,483
2899350225,180045,3930,4026,-96
2899350225,240075,5022,4234,788
2899350225,300105,5646,7357,-1711
2899350225,360110,6409,5741,668
2899350225,420115,5582,7544,-1962
2899350225,480138,2323,3828,-1505
2899350225,540165,3779,5371,-1592
2899350225,600197,4474,8034,-3560
2899350225,660201,3013,7041,-4028
2899350225,720232,4858,11306,-6448
2899350225,780234,6269,5670,599
2899350225,840250,3184,3689,-505
2899350225,900259,4887,3755,1132
2899350225,960291,4762,3539,1223
2899350225,1020311,7439,6463,976
2899350225,1080318,7077,4431,2646
2899350225,1140346,9249,7061,2188
2899350225,1200365,6208,4819,1389
2899350225,1260388,3904,6778,-2874
2899350225,1320421,8639,2658,5981
2899350225,1380449,8197,4061,4136
2899350225,1440460,3580,8373,-4793
2899350225,1500489,6088,5973,115
2899350225,1560493,9035,8371,664
2899350225,1620493,12131,7905,4226
2899362430,0,2500,2500,0
2899362430,60030,0,0,0
2899362430,120062,437,360,77
2899362430,180092,1590,1772,-182
2899362430,240105,3414,3335,79
2899362430,300106,2336,4336,-2000
2899362430,360138,4086,4339,-253
2899362430,420156,4262,1605,2657
2899362430,480162,2686,2979,-293
2899362430,540166,3834,4727,-893
2899362430,600182,3537,5098,-1561
2899362430,660191,2527,784,1743
2899362430,720217,4322,1853,2469
2899362430,780229,1647,4370,-2723
2899362430,840245,3344,1750,1594
2899362430,900269,5791,2021,3770
2899362430,960271,6396,1018,5378
2899362430,1020301,4537,1888,2649
2899362430,1080314,5585,2391,3194
2899362430,1140319,1897,2834,-937
2899362430,1200325,2823,4409,-1586
2899362430,1260334,6912,1556,5356
2899362430,1320341,6865,2549,4316
2899362430,1380347,4356,1801,2555
2899362430,1440348,1597,5840,-4243
2899362430,1500374,3162,4006,-844
2899362430,1560384,5050,3709,1341
2899362430,1620384,4648,3730,918
2899369503,0,2500,2500,0
2899369503,60001,0,0,0
2899369503,120031,394,355,39
2899369503,180041,1543,1833,-290
2899369503,240060,2307,3220,-913
2899369503,300061,2914,2412,502
2899369503,360088,1642,1412,230
2899369503,420110,2710,2475,235
2899369503,480128,2172,3254,-1082
2899369503,540152,1622,4159,-2537
2899369503,600162,3342,1714,1628
2899369503,660164,3403,2603,800
2899369503,720194,2633,1711,922
2899369503,780233,3338,2698,640
2899369503,840265,2007,3648,-1641
2899369503,900293,5223,785,4438
2899369503,960305,2774,3504,-730
2899369503,1020340,2515,2112,403
2899369503,1080350,4651,3050,1601
2899369503,1140374,5693,2086,3607
2899369503,1200394,2528,2773,-245
2899369503,1260403,3632,3735,-103
2899369503,1320412,3944,2499,1445
2899369503,1380425,6012,2318,3694
2899369503,1440471,4572,2165,2407
2899369503,1500476,4529,3131,1398
2899369503,1560487,8565,3619,4946
2899369503,1620487,10100,2090,8010
2899466755,0,2500,2500,0
2899466755,60018,0,0,0
2899466755,120025,495,390,105
2899466755,180070,2889,1246,1643
2899466755,240088,1893,3006,-1113
2899466755,300101,2509,3994,-1485
2899466755,360112,2143,956,1187
2899466755,420140,3374,2333,1041
2899466755,480167,3838,2009,1829
2899466755,540198,1638,2611,-973
2899466755,600218,2524,2985,-461
2899466755,660224,2443,3234,-791
2899466755,720235,3805,2342,1463
2899466755,780259,1884,1843,41
2899466755,840282,3580,2013,1567
2899466755,900285,4578,1358,3220
2899466755,960294,2409,3151,-742
2899466755,1020296,2811,4599,-1788
2899466755,1080307,3045,1425,1620
2899466755,1140320,2373,3233,-860
2899466755,1200340,3145,3238,-93
2899466755,1260361,3843,2569,1274
2899466755,1320383,4348,3120,1228
2899466755,1380406,3714,2905,809
2899466755,1440416,6636,2450,4186
2899466755,1500436,5974,2871,3103
2899466755,1560462,2368,2034,334
2899466755,1620462,5168,1768,3400
2899468839,0,2500,2500,0
2899468839,60004,0,0,0
2899468839,120035,400,417,-17
2899468839,180037,1258,2249,-991
2899468839,240048,2640,3705,-1065
2899468839,300063,3666,3966,-300
2899468839,360080,5472,3796,1676
2899468839,420093,4082,974,3108
2899468839,480108,2810,2378,432
2899468839,540136,2450,3001,-551
2899468839,600150,2767,2558,209
2899468839,660157,4941,2834,2107
2899468839,720167,4195,4458,-263
2899468839,780183,4462,5695,-1233
2899468839,840212,1778,2273,-495
2899468839,900225,2378,2569,-191
2899468839,960254,2873,4240,-1367
2899468839,1020283,4025,2284,1741
2899468839,1080301,6958,1713,5245
2899468839,1140307,3165,1614,1551
2899468839,1200327,4719,3527,1192
2899468839,1260348,2090,2298,-208
2899468839,1320366,5190,3152,2038
2899468839,1380403,5742,1178,4564
2899468839,1440412,5975,1403,4572
2899468839,1500414,3583,1609,1974
2899468839,1560421,4582,1961,2621
2899468839,1620421,8759,1901,6858
2899508536,0,2500,2500,0
2899508536,60007,0,1040,-1040
2899508536,120017,326,756,-430
2899508536,180031,2154,1544,610
2899508536,240058,2308,770,1538
2899508536,300082,4268,2298,1970
2899508536,360083,2162,2544,-382
2899508536,420114,3020,3267,-247
2899508536,480117,2937,4464,-1527
2899508536,540117,3351,1283,2068
2899508536,600142,4483,2637,1846
2899508536,660166,3741,1147,2594
2899508536,720188,2763,3436,-673
2899508536,780200,3126,2820,306
2899508536,840220,2371,5338,-2967
2899508536,900248,4587,3694,893
2899508536,960261,7004,1658,5346
2899508536,1020273,3865,3791,74
2899508536,1080294,4110,2767,1343
2899508536,1140314,5991,3103,2888
2899508536,1200346,4488,5170,-682
2899508536,1260371,2088,4003,-1915
2899508536,1320372,5404,3596,1808
2899508536,1380387,5327,3252,2075
2899508536,1440416,6993,2756,4237
2899508536,1500433,6230,2410,3820
2899508536,1560444,9105,3818,5287
2899508536,1620444,5869,2856,3013
2899578691,0,2500,2500,0
2899578691,60017,0,0,0
2899578691,120047,377,448,-71
2899578691,180070,1353,2352,-999
2899578691,240071,2417,2792,-375
2899578691,300076,2400,4236,-1836
2899578691,360080,2305,1163,1142
2899578691,420104,4123,2852,1271
2899578691,480112,2864,1660,1204
2899578691,540141,3859,1554,2305
2899578691,600149,1374,2324,-950
2899578691,660164,3375,3996,-621
2899578691,720190,4544,3582,962
2899578691,780214,1757,4862,-3105
2899578691,840229,3332,1906,1426
2899578691,900255,6580,3089,3491
2899578691,960275,2317,1921,396
2899578691,1020283,4489,3336,1153
2899578691,1080290,4286,3839,447
2899578691,1140312,4890,1975,2915
2899578691,1200333,4392,3174,1218
2899578691,1260364,3284,4059,-775
2899578691,1320372,4487,6060,-1573
2899578691,1380389,4969,7704,-2735
2899578691,1440408,7861,2283,5578
2899578691,1500418,8409,3198,5211
2899578691,1560439,12575,2443,10132
2899578691,1620439,14097,2937,11160
2899592982,0,2500,2500,0
2899592982,60013,15,0,15
2899592982,120028,243,425,-182
2899592982,180033,1594,2337,-743
2899592982,240063,1193,4165,-2972
2899592982,300087,2422,5052,-2630
2899592982,360114,2846,1142,1704
2899592982,420136,4241,2123,2118
2899592982,480155,3268,2629,639
2899592982,540199,4229,3101,1128
2899592982,600201,5571,2613,2958
2899592982,660206,2925,1514,1411
2899592982,720235,2911,2989,-78
2899592982,780252,2602,4628,-2026
2899592982,840284,3988,3410,578
2899592982,900286,3656,4098,-442
2899592982,960291,4498,4457,41
2899592982,1020293,4932,5023,-91
2899592982,1080300,4927,2954,1973
2899592982,1140323,3580,2134,1446
2899592982,1200345,6468,2869,3599
2899592982,1260362,4291,2617,1674
2899592982,1320364,4907,2701,2206
2899592982,1380392,8417,3071,5346
2899592982,1440404,3194,6543,-3349
2899592982,1500426,5843,3395,2448
2899592982,1560447,9116,1956,7160
2899592982,1620447,5971,1995,3976
2899619799,0,2500,2500,0
2899619799,60010,0,0,0
2899619799,120039,426,361,65
2899619799,180076,1585,1539,46
2899619799,240097,2782,3254,-472
2899619799,300124,3100,3462,-362
2899619799,360124,4852,5115,-263
2899619799,420157,4639,4891,-252
2899619799,480163,2587,3563,-976
2899619799,540191,2801,2494,307
2899619799,600205,4078,2519,1559
2899619799,660227,1648,3218,-1570
2899619799,720245,3517,3816,-299
2899619799,780278,2440,1770,670
2899619799,840285,4104,3761,343
2899619799,900288,3864,1596,2268
2899619799,960310,2469,1766,703
2899619799,1020343,5017,1919,3098
2899619799,1080348,3186,2143,1043
2899619799,1140362,4490,4296,194
2899619799,1200379,3360,3850,-490
2899619799,1260401,5213,2031,3182
2899619799,1320427,7860,1497,6363
2899619799,1380440,7341,2244,5097
2899619799,1440471,4053,702,3351
2899619799,1500482,2184,1634,550
2899619799,1560486,5427,1971,3456
2899619799,1620486,7271,1341,5930
2899654179,0,2500,2500,0
2899654179,60024,0,500,-500
2899654179,120029,432,242,190
2899654179,180045,1431,1303,128
2899654179,240069,3541,1815,1726
2899654179,300098,2583,3270,-687
2899654179,360114,3764,1722,2042
2899654179,420143,3810,985,2825
2899654179,480175,1640,2186,-546
2899654179,540197,3466,1713,1753
2899654179,600214,4795,3031,1764
2899654179,660217,7300,2624,4676
2899654179,720228,3262,4016,-754
2899654179,780247,2933,1086,1847
2899654179,840269,1615,1429,186
2899654179,900270,2799,2226,573
2899654179,960298,5295,2582,2713
2899654179,1020321,6832,2700,4132
2899654179,1080327,2986,3228,-242
2899654179,1140347,5621,2598,3023
2899654179,1200372,6577,2183,4394
2899654179,1260391,4802,3571,1231
2899654179,1320406,4781,881,3900
2899654179,1380422,8056,1742,6314
2899654179,1440431,8569,2704,5865
2899654179,1500444,2289,2812,-523
2899654179,1560486,6966,1545,5421
2899654179,1620486,8619,3795,4824
2899678170,0,7000,7000,0
2899678170,60000,0,100,-100
2899678170,120006,2130,2205,-75
2899678170,180006,4499,4460,39
2899678170,240030,5956,5745,211
2899678170,300033,7487,4158,3329
2899678170,360038,8279,7131,1148
2899678170,420040,5679,7563,-1884
2899678170,480072,8446,6818,1628
2899678170,540073,3671,2890,781
2899678170,600073,6020,5037,983
2899678170,660087,3217,6161,-2944
2899678170,720092,1954,3279,-1325
2899678170,780125,3437,2074,1363
2899678170,840141,6062,5804,258
2899678170,900141,2776,6909,-4133
2899678170,960154,2498,5038,-2540
2899678170,1020157,2474,2434,40
2899678170,1080158,3079,3799,-720
2899678170,1140172,4214,5218,-1004
2899678170,1200175,4496,3724,772
2899678170,1260197,7120,3007,4113
2899678170,1320213,7201,5047,2154
2899678170,1380224,4517,4442,75
2899678170,1440246,6881,3559,3322
2899678170,1500276,9630,2350,7280
2899678170,1560306,8249,4460,3789
2899678170,1620314,7700,6353,1347
2899681910,0,2500,2500,0
2899681910,60008,0,0,0
2899681910,120013,465,424,41
2899681910,180041,2210,1521,689
2899681910,240072,2556,2050,506
2899681910,300102,3594,2251,1343
2899681910,360132,3969,3055,914
2899681910,420142,4117,3025,1092
2899681910,480144,1069,997,72
2899681910,540168,2036,2315,-279
2899681910,600173,3547,1090,2457
2899681910,660188,3440,1766,1674
2899681910,720208,1919,3908,-1989
2899681910,780230,3448,4232,-784
2899681910,840231,3734,1500,2234
2899681910,900261,4379,3743,636
2899681910,960289,1108,6357,-5249
2899681910,1020308,3820,329,3491
2899681910,1080315,4167,2637,1530
2899681910,1140339,2330,3154,-824
2899681910,1200363,4383,2513,1870
2899681910,1260388,1305,3346,-2041
2899681910,1320407,3703,3635,68
2899681910,1380438,1295,2898,-1603
2899681910,1440462,4519,4965,-446
2899681910,1500471,3027,3278,-251
2899681910,1560501,8317,1967,6350
2899681910,1620501,11428,2736,8692
2899712980,0,2500,2500,0
2899712980,60005,0,0,0
2899712980,120019,349,768,-419
2899712980,180025,2072,2432,-360
2899712980,240039,2206,2840,-634
2899712980,300061,3497,2654,843
2899712980,360087,3038,2538,500
2899712980,420119,4878,3470,1408
2899712980,480143,4310,2090,2220
2899712980,540155,5742,1948,3794
2899712980,600162,4331,2686,1645
2899712980,660178,4540,3430,1110
2899712980,720186,3666,2137,1529
2899712980,780198,2596,962,1634
2899712980,840217,3898,2280,1618
2899712980,900239,6422,3080,3342
2899712980,960271,8199,2093,6106
2899712980,1020299,5897,3097,2800
2899712980,1080316,2475,3014,-539
2899712980,1140333,5184,3687,1497
2899712980,1200348,3355,4049,-694
2899712980,1260352,5635,2503,3132
2899712980,1320355,4664,2162,2502
2899712980,1380401,6708,3238,3470
2899712980,1440416,9365,3971,5394
2899712980,1500446,2082,3598,-1516
2899712980,1560450,6685,1013,5672
2899712980,1620450,5899,1506,4393
2899736803,0,2500,2500,0
2899736803,60022,0,0,0
2899736803,120035,486,508,-22
2899736803,180046,1739,1843,-104
2899736803,240072,2995,1590,1405
2899736803,300091,2063,3679,-1616
2899736803,360113,2826,1858,968
2899736803,420137,1163,2854,-1691
2899736803,480161,3234,1771,1463
2899736803,540182,4541,3769,772
2899736803,600183,6930,2719,4211
2899736803,660195,1288,1873,-585
2899736803,720207,3187,2494,693
2899736803,780222,4101,3546,555
2899736803,840245,4033,4087,-54
2899736803,900277,2335,4527,-2192
2899736803,960280,1484,3843,-2359
2899736803,1020296,2006,4242,-2236
2899736803,1080306,5689,1785,3904
2899736803,1140317,5262,3280,1982
2899736803,1200348,3036,2657,379
2899736803,1260355,2716,2337,379
2899736803,1320369,4049,2468,1581
2899736803,1380377,3400,2434,966
2899736803,1440403,4513,3178,1335
2899736803,1500427,6228,4647,1581
2899736803,1560428,2476,6771,-4295
2899736803,1620428,6696,2491,4205
2899743385,0,2500,2500,0
2899743385,60004,50,0,50
2899743385,120008,495,360,135
2899743385,180008,2008,1484,524
2899743385,240024,3599,2702,897
2899743385,300058,1487,1822,-335
2899743385,360063,2665,3356,-691
2899743385,420071,2476,4185,-1709
2899743385,480079,2054,2172,-118
2899743385,540088,2213,1914,299
2899743385,600104,3171,3293,-122
2899743385,660135,3590,3506,84
2899743385,720143,2022,3760,-1738
2899743385,780165,3309,2454,855
2899743385,840192,4011,3822,189
2899743385,900192,6397,4795,1602
2899743385,960200,9797,2395,7402
2899743385,1020207,3738,3172,566
2899743385,1080236,4141,3299,842
2899743385,1140239,1251,2314,-1063
2899743385,1200269,3246,2411,835
2899743385,1260290,6404,1905,4499
2899743385,1320313,4169,2990,1179
2899743385,1380315,4698,5536,-838
2899743385,1440343,2931,2131,800
2899743385,1500347,3625,2110,1515
2899743385,1560375,2740,2568,172
2899743385,1620375,2227,2809,-582
2899752495,0,2500,2500,0
2899752495,60016,0,0,0
2899752495,120043,275,242,33
2899752495,180049,1734,752,982
2899752495,240077,1648,1743,-95
2899752495,300116,3540,2139,1401
2899752495,360121,4443,2887,1556
2899752495,420134,1940,2505,-565
2899752495,480152,3657,3191,466
2899752495,540172,4270,3205,1065
2899752495,600187,4009,2901,1108
2899752495,660201,3933,3567,366
2899752495,720229,3410,1711,1699
2899752495,780247,1704,3647,-1943
2899752495,840260,3444,3946,-502
2899752495,900271,3701,2740,961
2899752495,960301,3771,1803,1968
2899752495,1020321,2504,3142,-638
2899752495,1080347,2542,5015,-2473
2899752495,1140351,4718,2136,2582
2899752495,1200379,5409,3913,1496
2899752495,1260381,7090,2673,4417
2899752495,1320387,7873,3552,4321
2899752495,1380393,3388,6772,-3384
2899752495,1440425,3584,4900,-1316
2899752495,1500442,8470,1573,6897
2899752495,1560453,2207,2081,126
2899752495,1620474,6603,3631,2972
2899773406,0,2500,2500,0
2899773406,60025,0,500,-500
2899773406,120030,407,327,80
2899773406,180063,2254,1378,876
2899773406,240093,3905,1983,1922
2899773406,300105,5468,3467,2001
2899773406,360137,2568,4802,-2234
2899773406,420160,2586,3962,-1376
2899773406,480191,1789,3287,-1498
2899773406,540211,3354,2166,1188
2899773406,600216,3050,1886,1164
2899773406,660226,4015,2513,1502
2899773406,720244,4148,1903,2245
2899773406,780256,2547,2995,-448
2899773406,840276,2439,2669,-230
2899773406,900300,2843,2151,692
2899773406,960321,3604,4280,-676
2899773406,1020324,5905,3988,1917
2899773406,1080356,7168,5458,1710
2899773406,1140385,2992,3022,-30
2899773406,1200413,6617,2757,3860
2899773406,1260444,7918,4877,3041
2899773406,1320475,9388,3037,6351
2899773406,1380481,6160,3068,3092
2899773406,1440502,5552,2912,2640
2899773406,1500528,2813,3423,-610
2899773406,1560533,5823,2882,2941
2899773406,1620550,9662,2730,6932
2899776208,0,2500,2500,0
2899776208,60019,0,150,-150
2899776208,120029,491,419,72
2899776208,180067,2480,1758,722
2899776208,240070,3919,1995,1924
2899776208,300087,3552,3443,109
2899776208,360092,5357,3484,1873
2899776208,420110,3478,2209,1269
2899776208,480137,3501,2683,818
2899776208,540161,3069,3349,-280
2899776208,600171,2302,3578,-1276
2899776208,660180,4752,3396,1356
2899776208,720188,3595,2610,985
2899776208,780218,2444,4205,-1761
2899776208,840240,2343,1690,653
2899776208,900270,4151,2716,1435
2899776208,960294,6405,1488,4917
2899776208,1020322,6324,2492,3832
2899776208,1080340,2331,5168,-2837
2899776208,1140356,3515,2744,771
2899776208,1200365,1965,2365,-400
2899776208,1260369,3277,3382,-105
2899776208,1320382,5067,2387,2680
2899776208,1380392,4409,2438,1971
2899776208,1440422,7136,6324,812
2899776208,1500436,8348,3771,4577
2899776208,1560469,5296,2369,2927
2899776208,1620469,5035,2278,2757
2899791051,0,2500,2500,0
2899791051,60006,0,0,0
2899791051,120011,407,320,87
2899791051,180051,1798,1682,116
2899791051,240054,2202,2923,-721
2899791051,300087,2562,4838,-2276
2899791051,360117,2113,2285,-172
2899791051,420128,3127,1968,1159
2899791051,480161,4078,2544,1534
2899791051,540177,3846,3522,324
2899791051,600193,3468,2073,1395
2899791051,660198,2527,2479,48
2899791051,720199,3822,2533,1289
2899791051,780213,3260,2572,688
2899791051,840231,2891,4511,-1620
2899791051,900263,3072,1623,1449
2899791051,960286,3102,2775,327
2899791051,1020314,5303,3602,1701
2899791051,1080336,5095,2176,2919
2899791051,1140342,2628,3403,-775
2899791051,1200358,5801,2011,3790
2899791051,1260375,1170,2663,-1493
2899791051,1320406,3048,4457,-1409
2899791051,1380416,4021,1536,2485
2899791051,1440440,6482,2822,3660
2899791051,1500466,5758,3701,2057
2899791051,1560485,1934,3204,-1270
2899791051,1620498,5506,2060,3446
2899795075,0,2500,2500,0
2899795075,60021,0,0,0
2899795075,120032,474,494,-20
2899795075,180063,1559,1892,-333
2899795075,240065,3474,3302,172
2899795075,300074,947,1483,-536
2899795075,360075,3084,1807,1277
2899795075,420079,3221,2704,517
2899795075,480110,4963,3386,1577
2899795075,540137,3816,2935,881
2899795075,600138,1098,2005,-907
2899795075,660139,3836,1614,2222
2899795075,720163,4557,3065,1492
2899795075,780195,4907,2513,2394
2899795075,840210,5957,4056,1901
2899795075,900217,5554,4250,1304
2899795075,960227,7500,2163,5337
2899795075,1020245,4103,2572,1531
2899795075,1080269,2537,2661,-124
2899795075,1140284,4373,1181,3192
2899795075,1200299,5159,2766,2393
2899795075,1260302,2570,2748,-178
2899795075,1320305,3602,3234,368
2899795075,1380308,5053,2473,2580
2899795075,1440324,5012,1681,3331
2899795075,1500339,7610,1866,5744
2899795075,1560366,11063,1869,9194
2899795075,1620366,9921,1512,8409
2899816399,0,2500,2500,0
2899816399,60031,0,0,0
2899816399,120035,795,368,427
2899816399,180040,1605,1401,204
2899816399,240062,3450,2424,1026
2899816399,300069,1603,3259,-1656
2899816399,360100,2536,3881,-1345
2899816399,420121,3542,4267,-725
2899816399,480154,2940,2159,781
2899816399,540185,2219,3852,-1633
2899816399,600213,3331,2226,1105
2899816399,660226,3076,2221,855
2899816399,720249,4107,1846,2261
2899816399,780251,1896,5534,-3638
2899816399,840272,3404,2676,728
2899816399,900274,5121,3374,1747
2899816399,960297,4707,3455,1252
2899816399,1020319,6466,3720,2746
2899816399,1080324,2604,2673,-69
2899816399,1140356,3723,3668,55
2899816399,1200381,3984,2260,1724
2899816399,1260406,6933,2526,4407
2899816399,1320426,5322,1997,3325
2899816399,1380436,4291,3041,1250
2899816399,1440452,7071,1728,5343
2899816399,1500469,3871,3264,607
2899816399,1560501,7418,4353,3065
2899816399,1620501,8541,4391,4150
2899837439,0,2500,2500,0
2899837439,60015,0,0,0
2899837439,120023,409,488,-79
2899837439,180071,2470,1551,919
2899837439,240074,1761,3035,-1274
2899837439,300081,3018,1540,1478
2899837439,360094,2615,2185,430
2899837439,420109,4066,1945,2121
2899837439,480115,2144,2528,-384
2899837439,540137,3044,2894,150
2899837439,600167,3869,3563,306
2899837439,660180,3246,5117,-1871
2899837439,720192,2723,1138,1585
2899837439,780199,2527,2245,282
2899837439,840204,2111,2992,-881
2899837439,900211,2648,2197,451
2899837439,960216,2793,2994,-201
2899837439,1020232,4700,1925,2775
2899837439,1080238,2625,3614,-989
2899837439,1140269,3616,1833,1783
2899837439,1200288,2679,2876,-197
2899837439,1260311,2680,1248,1432
2899837439,1320319,2599,3070,-471
2899837439,1380320,6016,2441,3575
2899837439,1440336,6277,1699,4578
2899837439,1500360,2516,3321,-805
2899837439,1560387,4488,2510,1978
2899837439,1620387,5035,2278,2757
2899854925,0,2500,2500,0
2899854925,60030,0,0,0
2899854925,120033,426,497,-71
2899854925,180061,1915,1850,65
2899854925,240073,2152,3620,-1468
2899854925,300086,2599,2795,-196
2899854925,360087,3507,2994,513
2899854925,420090,3529,1890,1639
2899854925,480096,4003,2303,1700
2899854925,540117,1313,3106,-1793
2899854925,600123,2617,1169,1448
2899854925,660145,1713,3185,-1472
2899854925,720154,4530,775,3755
2899854925,780166,2009,1558,451
2899854925,840198,4672,4668,4
2899854925,900200,2424,2135,289
2899854925,960201,4075,3065,1010
2899854925,1020233,4444,1980,2464
2899854925,1080240,2726,2921,-195
2899854925,1140246,3725,2304,1421
2899854925,1200258,2652,2919,-267
2899854925,1260261,4441,5261,-820
2899854925,1320276,5109,5581,-472
2899854925,1380299,1579,2944,-1365
2899854925,1440303,3189,3785,-596
2899854925,1500317,2968,2307,661
2899854925,1560328,3748,3850,-102
2899854925,1620328,3596,3652,-56
2899893691,0,2500,2500,0
2899893691,60007,0,0,0
2899893691,120037,514,307,207
2899893691,180062,2419,1393,1026
2899893691,240066,1815,2212,-397
2899893691,300068,1869,777,1092
2899893691,360078,1534,2635,-1101
2899893691,420082,1710,2705,-995
2899893691,480084,1877,4844,-2967
2899893691,540096,3076,3879,-803
2899893691,600106,3072,2001,1071
2899893691,660137,2440,2690,-250
2899893691,720156,1936,4502,-2566
2899893691,780182,1570,775,795
2899893691,840201,4078,1320,2758
2899893691,900213,1093,2031,-938
2899893691,960229,1592,3634,-2042
2899893691,1020230,3905,3012,893
2899893691,1080251,2922,4702,-1780
2899893691,1140274,3601,1478,2123
2899893691,1200297,6369,2128,4241
2899893691,1260326,2213,3102,-889
2899893691,1320344,4844,3445,1399
2899893691,1380347,5036,821,4215
2899893691,1440348,6565,2040,4525
2899893691,1500352,1976,3111,-1135
2899893691,1560369,6482,5188,1294
2899893691,1620369,6877,4727,2150
2899899506,0,2500,2500,0
2899899506,60015,0,0,0
2899899506,120019,494,473,21
2899899506,180042,2408,2120,288
2899899506,240070,1917,2327,-410
2899899506,300090,3137,2200,937
2899899506,360109,2006,1199,807
2899899506,420125,2750,2112,638
2899899506,480147,4540,4461,79
2899899506,540171,2315,3359,-1044
2899899506,600187,2035,1753,282
2899899506,660211,2410,2267,143
2899899506,720224,3951,3837,114
2899899506,780252,2301,1328,973
2899899506,840253,4603,1847,2756
2899899506,900268,1980,2144,-164
2899899506,960283,4132,881,3251
2899899506,1020302,4381,1789,2592
2899899506,1080331,5048,2772,2276
2899899506,1140354,2683,3798,-1115
2899899506,1200386,5778,2629,3149
2899899506,1260405,5830,4783,1047
2899899506,1320419,2064,4958,-2894
2899899506,1380439,4104,1949,2155
2899899506,1440474,4412,3102,1310
2899899506,1500478,4034,3212,822
2899899506,1560499,7998,2502,5496
2899899506,1620499,7783,1987,5796
2899900400,0,2500,2500,0
2899900400,60014,0,0,0
2899900400,120043,353,363,-10
2899900400,180076,1548,1682,-134
2899900400,240107,2773,2644,129
2899900400,300108,3039,3329,-290
2899900400,360139,3158,3586,-428
2899900400,420170,1606,2504,-898
2899900400,480173,2214,3272,-1058
2899900400,540182,2755,2904,-149
2899900400,600201,3705,3918,-213
2899900400,660220,2321,2143,178
2899900400,720240,3102,3456,-354
2899900400,780243,958,6630,-5672
2899900400,840266,2135,4040,-1905
2899900400,900291,4348,2865,1483
2899900400,960314,1489,4333,-2844
2899900400,1020319,3312,6416,-3104
2899900400,1080343,5615,3005,2610
2899900400,1140346,7214,2603,4611
2899900400,1200372,7110,4163,2947
2899900400,1260396,1866,1547,319
2899900400,1320414,2402,3192,-790
2899900400,1380417,4395,4054,341
2899900400,1440420,8708,1628,7080
2899900400,1500423,2076,2897,-821
2899900400,1560425,2534,2545,-11
2899900400,1620425,2827,2762,65
2899929003,0,7000,7000,0
2899929003,60026,210,100,110
2899929003,120055,2174,2455,-281
2899929003,180060,4433,4978,-545
2899929003,240086,6108,3519,2589
2899929003,300102,6190,6433,-243
2899929003,360104,3356,5794,-2438
2899929003,420118,2443,8386,-5943
2899929003,480135,5960,2355,3605
2899929003,540153,8188,2692,5496
2899929003,600178,8334,5683,2651
2899929003,660210,5823,5084,739
2899929003,720212,6278,7563,-1285
2899929003,780215,2893,9037,-6144
2899929003,840242,7010,7249,-239
2899929003,900244,1808,4224,-2416
2899929003,960273,4755,6741,-1986
2899929003,1020285,5275,7069,-1794
2899929003,1080312,5161,7591,-2430
2899929003,1140314,6331,3771,2560
2899929003,1200333,9178,4639,4539
2899929003,1260347,6918,5716,1202
2899929003,1320380,7988,4713,3275
2899929003,1380382,6478,4338,2140
2899929003,1440406,7180,3900,3280
2899929003,1500436,4510,8388,-3878
2899929003,1560452,8542,6517,2025
2899929003,1620452,8768,5656,3112
2899934451,0,2500,2500,0
2899934451,60018,500,0,500
2899934451,120051,504,488,16
2899934451,180085,1946,1515,431
2899934451,240118,3436,2313,1123
2899934451,300127,1796,2580,-784
2899934451,360141,3570,1040,2530
2899934451,420156,2533,2431,102
2899934451,480170,1667,2587,-920
2899934451,540174,2462,3557,-1095
2899934451,600181,3036,3916,-880
2899934451,660183,2571,5258,-2687
2899934451,720202,3054,3932,-878
2899934451,780207,3589,1152,2437
2899934451,840225,4890,2585,2305
2899934451,900248,6198,2860,3338
2899934451,960261,3832,3483,349
2899934451,1020276,2397,2950,-553
2899934451,1080283,3805,2621,1184
2899934451,1140293,3263,3538,-275
2899934451,1200312,3793,4515,-722
2899934451,1260338,1855,2688,-833
2899934451,1320353,3622,3140,482
2899934451,1380369,2639,5679,-3040
2899934451,1440391,3922,3452,470
2899934451,1500421,1295,1382,-87
2899934451,1560429,3698,1851,1847
2899934451,1620429,5963,2153,3810
2899949251,0,2500,2500,0
2899949251,60007,10,0,10
2899949251,120008,376,775,-399
2899949251,180011,1889,2072,-183
2899949251,240011,1959,3654,-1695
2899949251,300038,2686,2391,295
2899949251,360056,4439,3176,1263
2899949251,420095,1300,2731,-1431
2899949251,480109,3024,2331,693
2899949251,540126,3378,3226,152
2899949251,600154,2071,2568,-497
2899949251,660178,3236,2671,565
2899949251,720190,2601,5612,-3011
2899949251,780215,2859,5635,-2776
2899949251,840215,2188,4568,-2380
2899949251,900246,2145,4317,-2172
2899949251,960250,3782,1641,2141
2899949251,1020263,3775,3444,331
2899949251,1080287,2462,4702,-2240
2899949251,1140309,4638,3358,1280
2899949251,1200323,1338,3494,-2156
2899949251,1260331,3056,2643,413
2899949251,1320356,1230,3392,-2162
2899949251,1380373,5282,2778,2504
2899949251,1440385,3938,3099,839
2899949251,1500394,4089,3158,931
2899949251,1560410,5546,3728,1818
2899949251,1620410,7720,2401,5319
2899961561,0,2500,2500,0
2899961561,60021,60,160,-100
2899961561,120025,471,536,-65
2899961561,180028,2561,1618,943
2899961561,240060,3111,2118,993
2899961561,300068,2875,3112,-237
2899961561,360095,4014,2776,1238
2899961561,420114,4144,2971,1173
2899961561,480144,4562,2508,2054
2899961561,540181,3453,2029,1424
2899961561,600193,4362,2551,1811
2899961561,660202,5185,1575,3610
2899961561,720234,3578,2565,1013
2899961561,780242,5370,1503,3867
2899961561,840262,3935,2400,1535
2899961561,900271,5125,1265,3860
2899961561,960285,2927,2140,787
2899961561,1020313,2153,4776,-2623
2899961561,1080328,3424,2843,581
2899961561,1140361,4608,2650,1958
2899961561,1200362,3104,3762,-658
2899961561,1260386,3173,2546,627
2899961561,1320398,5779,3898,1881
2899961561,1380401,1687,1710,-23
2899961561,1440409,4215,4393,-178
2899961561,1500427,4303,4331,-28
2899961561,1560429,7841,3636,4205
2899961561,1620429,8837,4175,4662
2900000768,0,2500,2500,0
2900000768,60021,25,0,25
2900000768,120027,754,436,318
2900000768,180030,1231,1668,-437
2900000768,240058,2358,2429,-71
2900000768,300079,2100,1182,918
2900000768,360109,3477,2519,958
2900000768,420124,2366,1535,831
2900000768,480139,2360,1469,891
2900000768,540162,4373,2875,1498
2900000768,600186,6316,3964,2352
2900000768,660195,6792,3467,3325
2900000768,720219,4430,2629,1801
2900000768,780227,3197,1646,1551
2900000768,840244,2086,3293,-1207
2900000768,900275,4449,1467,2982
2900000768,960308,3557,2554,1003
2900000768,1020310,6920,2336,4584
2900000768,1080334,7637,3189,4448
2900000768,1140344,8220,3309,4911
2900000768,1200367,2114,2605,-491
2900000768,1260376,4183,2725,1458
2900000768,1320385,5653,4925,728
2900000768,1380394,4990,1668,3322
2900000768,1440410,8900,3514,5386
2900000768,1500419,4096,2668,1428
2900000768,1560442,5408,3306,2102
2900000768,1620442,6396,3368,3028
2900014935,0,7000,7000,0
2900014935,60028,250,0,250
2900014935,120034,2767,2063,704
2900014935,180063,4186,4068,118
2900014935,240092,3713,5431,-1718
2900014935,300105,3840,1842,1998
2900014935,360135,6158,3905,2253
2900014935,420137,8478,5989,2489
2900014935,480152,6461,7533,-1072
2900014935,540154,4621,3876,745
2900014935,600171,1247,5159,-3912
2900014935,660201,2042,4223,-2181
2900014935,720232,4145,4604,-459
2900014935,780234,7125,4941,2184
2900014935,840263,5717,4632,1085
2900014935,900269,7388,6071,1317
2900014935,960283,9708,7461,2247
2900014935,1020306,11159,3726,7433
2900014935,1080306,11130,3014,8116
2900014935,1140331,1594,8892,-7298
2900014935,1200346,4144,10803,-6659
2900014935,1260370,6004,12782,-6778
2900014935,1320370,3907,3578,329
2900014935,1380388,4750,3366,1384
2900014935,1440410,6553,3434,3119
2900014935,1500424,5375,4452,923
2900014935,1560426,5931,5320,611
2900014935,1620426,8000,5636,2364
2900022423,0,2500,2500,0
2900022423,60020,0,0,0
2900022423,120022,369,450,-81
2900022423,180050,2250,1392,858
2900022423,240069,2086,2008,78
2900022423,300103,1757,3125,-1368
2900022423,360132,3288,3730,-442
2900022423,420162,1751,6280,-4529
2900022423,480191,2044,5020,-2976
2900022423,540221,3939,6477,-2538
2900022423,600252,4608,6239,-1631
2900022423,660284,5523,3643,1880
2900022423,720315,2445,3223,-778
2900022423,780321,3585,3131,454
2900022423,840336,5547,7100,-1553
2900022423,900347,4049,1649,2400
2900022423,960360,2343,2510,-167
2900022423,1020363,2784,4364,-1580
2900022423,1080372,5178,5332,-154
2900022423,1140391,5691,1794,3897
2900022423,1200415,1536,2767,-1231
2900022423,1260448,4313,3961,352
2900022423,1320471,5025,2796,2229
2900022423,1380483,1579,3181,-1602
2900022423,1440502,6371,3149,3222
2900022423,1500531,5199,5782,-583
2900022423,1560535,2159,1935,224
2900022423,1620535,5140,2403,2737
2900028214,0,7000,7000,0
2900028214,60030,80,250,-170
2900028214,120052,2122,2993,-871
2900028214,180072,3960,3840,120
2900028214,240086,4168,6572,-2404
2900028214,300089,7607,8740,-1133
2900028214,360092,4990,4921,69
2900028214,420104,7413,6998,415
2900028214,480112,4377,1554,2823
2900028214,540139,2924,4416,-1492
2900028214,600140,5791,4234,1557
2900028214,660166,1483,5539,-4056
2900028214,720170,2383,5605,-3222
2900028214,780171,4200,2403,1797
2900028214,840197,3673,3718,-45
2900028214,900215,4124,4032,92
2900028214,960219,2952,7531,-4579
2900028214,1020225,3267,8212,-4945
2900028214,1080257,6937,6577,360
2900028214,1140278,3064,3628,-564
2900028214,1200309,2490,5379,-2889
2900028214,1260321,2204,5888,-3684
2900028214,1320348,4929,5203,-274
2900028214,1380368,5916,3113,2803
2900028214,1440392,7476,3228,4248
2900028214,1500404,3912,6255,-2343
2900028214,1560406,4473,7278,-2805
2900028214,1620406,7004,4041,2963
2900057798,0,2500,2500,0
2900057798,60024,500,0,500
2900057798,120025,348,330,18
2900057798,180025,1654,1743,-89
2900057798,240041,2495,2854,-359
2900057798,300047,2973,2728,245
2900057798,360067,1453,2016,-563
2900057798,420096,2698,3037,-339
2900057798,480115,4104,3396,708
2900057798,540120,3565,5516,-1951
2900057798,600144,1217,2084,-867
2900057798,660147,1868,3554,-1686
2900057798,720158,2734,4549,-1815
2900057798,780179,1892,1748,144
2900057798,840211,2560,2961,-401
2900057798,900236,3894,4908,-1014
2900057798,960253,5132,3713,1419
2900057798,1020256,5055,3628,1427
2900057798,1080278,3632,4195,-563
2900057798,1140290,3813,3290,523
2900057798,1200300,2160,4381,-2221
2900057798,1260331,2506,4640,-2134
2900057798,1320347,4909,1488,3421
2900057798,1380363,2857,2879,-22
2900057798,1440389,4430,1602,2828
2900057798,1500408,6408,981,5427
2900057798,1560431,5197,3041,2156
2900057798,1620441,9024,3296,5728
2900087825,0,2500,2500,0
2900087825,60023,0,0,0
2900087825,120027,388,493,-105
2900087825,180058,2116,1765,351
2900087825,240090,1793,1599,194
2900087825,300096,3341,2176,1165
2900087825,360115,3564,2385,1179
2900087825,420130,2957,3437,-480
2900087825,480136,5354,3401,1953
2900087825,540147,1724,1267,457
2900087825,600170,3676,2222,1454
2900087825,660192,3043,2762,281
2900087825,720197,2105,3289,-1184
2900087825,780206,2518,1710,808
2900087825,840212,3587,3241,346
2900087825,900225,2575,6643,-4068
2900087825,960256,3805,3425,380
2900087825,1020259,6267,1996,4271
2900087825,1080268,1108,2629,-1521
2900087825,1140271,2490,3125,-635
2900087825,1200279,3632,4973,-1341
2900087825,1260301,2765,3006,-241
2900087825,1320331,5032,1974,3058
2900087825,1380340,1856,1951,-95
2900087825,1440361,3409,2952,457
2900087825,1500385,4965,3205,1760
2900087825,1560388,2155,2974,-819
2900087825,1620407,6945,1873,5072
2900099816,0,2500,2500,0
2900099816,60017,0,0,0
2900099816,120027,577,300,277
2900099816,180043,1437,2053,-616
2900099816,240056,2034,2376,-342
2900099816,300087,3330,1416,1914
2900099816,360105,979,1858,-879
2900099816,420122,2192,2593,-401
2900099816,480125,3049,1728,1321
2900099816,540133,2076,2386,-310
2900099816,600161,2905,3743,-838
2900099816,660186,4790,2763,2027
2900099816,720190,6708,3991,2717
2900099816,780197,3707,1920,1787
2900099816,840219,4540,1442,3098
2900099816,900231,5332,3810,1522
2900099816,960256,2827,2415,412
2900099816,1020288,2801,3552,-751
2900099816,1080294,2833,2796,37
2900099816,1140326,3064,3455,-391
2900099816,1200336,4024,4669,-645
2900099816,1260355,5130,4067,1063
2900099816,1320387,6780,4573,2207
2900099816,1380417,8499,4305,4194
2900099816,1440449,8406,4722,3684
2900099816,1500471,7192,4353,2839
2900099816,1560493,5960,4218,1742
2900099816,1620500,9343,5331,4012
2900109493,0,2500,2500,0
2900109493,60024,0,0,0
2900109493,120028,414,425,-11
2900109493,180061,1552,1662,-110
2900109493,240090,1899,2751,-852
2900109493,300104,2846,3035,-189
2900109493,360134,412,2032,-1620
2900109493,420148,1829,3481,-1652
2900109493,480161,3425,2362,1063
2900109493,540193,2169,1754,415
2900109493,600213,2855,4072,-1217
2900109493,660217,2668,1530,1138
2900109493,720250,3328,1959,1369
2900109493,780257,3617,1355,2262
2900109493,840264,2690,1953,737
2900109493,900296,2999,3313,-314
2900109493,960320,3215,2957,258
2900109493,1020352,5867,4671,1196
2900109493,1080372,3741,2467,1274
2900109493,1140401,5042,2147,2895
2900109493,1200425,6589,2156,4433
2900109493,1260425,3725,3310,415
2900109493,1320445,5919,2535,3384
2900109493,1380476,8831,1964,6867
2900109493,1440492,2749,3993,-1244
2900109493,1500511,4586,1130,3456
2900109493,1560536,3320,2480,840
2900109493,1620536,4504,2487,2017
2900118142,0,2500,2500,0
2900118142,60023,520,20,500
2900118142,120045,560,381,179
2900118142,180050,1875,2070,-195
2900118142,240070,3060,3873,-813
2900118142,300078,2374,3156,-782
2900118142,360082,2567,4412,-1845
2900118142,420107,3580,4487,-907
2900118142,480136,2004,4546,-2542
2900118142,540167,3725,1569,2156
2900118142,600179,3573,2787,786
2900118142,660188,6024,2656,3368
2900118142,720199,4104,3995,109
2900118142,780211,4251,2836,1415
2900118142,840233,6527,3136,3391
2900118142,900258,4070,5595,-1525
2900118142,960274,3342,1792,1550
2900118142,1020281,4574,3417,1157
2900118142,1080298,1597,3391,-1794
2900118142,1140329,4486,2649,1837
2900118142,1200330,5355,2029,3326
2900118142,1260363,5331,3657,1674
2900118142,1320376,6188,5742,446
2900118142,1380418,8826,2557,6269
2900118142,1440443,11544,2846,8698
2900118142,1500468,5156,5550,-394
2900118142,1560473,3255,5302,-2047
2900118142,1620473,5463,4816,647
2900128857,0,2500,2500,0
2900128857,60023,0,0,0
2900128857,120031,341,422,-81
2900128857,180052,1473,1429,44
2900128857,240068,3055,2663,392
2900128857,300084,3274,3273,1
2900128857,360092,3486,2709,777
2900128857,420116,4274,3613,661
2900128857,480118,5137,1173,3964
2900128857,540176,2259,1975,284
2900128857,600203,3978,3153,825
2900128857,660221,6343,3074,3269
2900128857,720244,5025,1985,3040
2900128857,780269,2327,2693,-366
2900128857,840288,1612,1636,-24
2900128857,900296,3234,3222,12
2900128857,960302,5987,2840,3147
2900128857,1020325,1219,3407,-2188
2900128857,1080353,4567,1667,2900
2900128857,1140363,1623,2249,-626
2900128857,1200388,4133,1928,2205
2900128857,1260414,5721,3837,1884
2900128857,1320433,4172,2300,1872
2900128857,1380451,1639,1642,-3
2900128857,1440466,4498,2261,2237
2900128857,1500479,8109,2348,5761
2900128857,1560507,3865,3519,346
2900128857,1620511,8588,3672,4916
2900140815,0,2500,2500,0
2900140815,60030,0,0,0
2900140815,120044,382,410,-28
2900140815,180074,2248,1905,343
2900140815,240087,3033,2815,218
2900140815,300101,2853,2288,565
2900140815,360113,1583,1848,-265
2900140815,420140,2005,2175,-170
2900140815,480155,2426,2940,-514
2900140815,540205,1262,5636,-4374
2900140815,600206,1865,749,1116
2900140815,660223,1700,2780,-1080
2900140815,720235,3667,3455,212
2900140815,780237,2868,5249,-2381
2900140815,840246,5413,1755,3658
2900140815,900278,1702,3644,-1942
2900140815,960289,2578,3680,-1102
2900140815,1020306,3873,2403,1470
2900140815,1080330,3961,2569,1392
2900140815,1140342,3000,1915,1085
2900140815,1200371,4933,1630,3303
2900140815,1260391,3134,1633,1501
2900140815,1320413,3686,2202,1484
2900140815,1380426,5265,3122,2143
2900140815,1440455,6453,2591,3862
2900140815,1500482,1579,3598,-2019
2900140815,1560512,3718,3765,-47
2900140815,1620512,7662,3474,4188
2900162749,0,2500,2500,0
2900162749,60010,0,0,0
2900162749,120018,820,268,552
2900162749,180034,2470,1368,1102
2900162749,240035,2511,3213,-702
2900162749,300043,2797,2608,189
2900162749,360052,3988,2652,1336
2900162749,420053,3866,2092,1774
2900162749,480062,4373,1803,2570
2900162749,540062,3725,2117,1608
2900162749,600064,3312,3253,59
2900162749,660072,4351,3284,1067
2900162749,720105,3702,2327,1375
2900162749,780138,5435,5141,294
2900162749,840165,2991,7305,-4314
2900162749,900168,4315,1552,2763
2900162749,960171,7630,3325,4305
2900162749,1020189,7487,2517,4970
2900162749,1080192,4730,3619,1111
2900162749,1140234,6371,6823,-452
2900162749,1200245,3765,1403,2362
2900162749,1260260,3411,3518,-107
2900162749,1320290,4630,2688,1942
2900162749,1380313,6106,3458,2648
2900162749,1440341,4612,1996,2616
2900162749,1500347,6579,3016,3563
2900162749,1560363,7273,2665,4608
2900162749,1620382,12051,3827,8224
2900163588,0,2500,2500,0
2900163588,60027,500,0,500
2900163588,120028,895,307,588
2900163588,180045,1496,1915,-419
2900163588,240063,3482,2490,992
2900163588,300096,2140,2149,-9
2900163588,360101,1649,2235,-586
2900163588,420109,2895,1739,1156
2900163588,480130,1736,2850,-1114
2900163588,540137,2999,3019,-20
2900163588,600157,3888,1227,2661
2900163588,660177,3815,689,3126
2900163588,720195,2657,2716,-59
2900163588,780225,4254,1166,3088
2900163588,840228,3679,2547,1132
2900163588,900242,4475,4369,106
2900163588,960242,4979,3343,1636
2900163588,1020271,6349,1451,4898
2900163588,1080284,1641,2647,-1006
2900163588,1140306,3442,2927,515
2900163588,1200337,8847,2759,6088
2900163588,1260360,3359,3553,-194
2900163588,1320388,2113,4950,-2837
2900163588,1380406,1936,7885,-5949
2900163588,1440436,3954,7125,-3171
2900163588,1500453,1365,3360,-1995
2900163588,1560468,4678,2501,2177
2900163588,1620468,4728,2616,2112
2900174187,0,7000,7000,0
2900174187,60014,100,65,35
2900174187,120025,1786,2509,-723
2900174187,180072,3715,4617,-902
2900174187,240082,3708,4685,-977
2900174187,300091,6463,2357,4106
2900174187,360112,6926,4707,2219
2900174187,420124,2833,6129,-3296
2900174187,480140,5155,7486,-2331
2900174187,540140,5184,2633,2551
2900174187,600154,5204,2904,2300
2900174187,660186,5767,5076,691
2900174187,720205,7721,4054,3667
2900174187,780227,3712,1708,2004
2900174187,840245,7029,2004,5025
2900174187,900276,7161,2992,4169
2900174187,960296,2572,5305,-2733
2900174187,1020307,5081,6313,-1232
2900174187,1080316,2929,5294,-2365
2900174187,1140341,5245,7595,-2350
2900174187,1200349,9164,1391,7773
2900174187,1260349,7191,2760,4431
2900174187,1320364,3659,5471,-1812
2900174187,1380394,4419,6422,-2003
2900174187,1440417,8205,3793,4412
2900174187,1500443,4310,5788,-1478
2900174187,1560472,5880,7811,-1931
2900174187,1620472,5378,6271,-893
2900184980,0,2500,2500,0
2900184980,60027,0,0,0
2900184980,120048,487,420,67
2900184980,180049,3027,1018,2009
2900184980,240079,3765,1734,2031
2900184980,300108,5629,2502,3127
2900184980,360130,2073,2287,-214
2900184980,420170,2499,2073,426
2900184980,480170,2925,2550,375
2900184980,540182,4355,2532,1823
2900184980,600192,4410,1793,2617
2900184980,660232,3381,3079,302
2900184980,720248,3902,4183,-281
2900184980,780274,5546,3146,2400
2900184980,840280,5671,1695,3976
2900184980,900307,4969,2654,2315
2900184980,960336,4560,1378,3182
2900184980,1020344,5353,2493,2860
2900184980,1080369,4690,2239,2451
2900184980,1140399,3181,3581,-400
2900184980,1200422,5036,3549,1487
2900184980,1260426,5966,2321,3645
2900184980,1320466,3545,3455,90
2900184980,1380484,5011,2596,2415
2900184980,1440504,5714,1730,3984
2900184980,1500517,6144,1423,4721
2900184980,1560523,4901,1459,3442
2900184980,1620523,6960,2044,4916
2900198029,0,2500,2500,0
2900198029,60017,0,500,-500
2900198029,120023,404,382,22
2900198029,180058,2035,1999,36
2900198029,240088,2005,2044,-39
2900198029,300101,2549,2646,-97
2900198029,360128,3659,2272,1387
2900198029,420138,3790,2009,1781
2900198029,480144,2525,1846,679
2900198029,540148,5926,2204,3722
2900198029,600150,1037,4359,-3322
2900198029,660182,3642,2972,670
2900198029,720207,3063,3516,-453
2900198029,780232,2190,2388,-198
2900198029,840232,2775,2069,706
2900198029,900252,4261,2664,1597
2900198029,960276,2483,2554,-71
2900198029,1020303,4071,4994,-923
2900198029,1080315,3740,4812,-1072
2900198029,1140345,3400,5020,-1620
2900198029,1200371,6409,2439,3970
2900198029,1260376,4549,2502,2047
2900198029,1320394,1505,2749,-1244
2900198029,1380406,4305,1698,2607
2900198029,1440419,4977,1995,2982
2900198029,1500439,2771,2697,74
2900198029,1560450,14282,3352,10930
2900198029,1620450,2355,2659,-304
2900257476,0,2500,2500,0
2900257476,60005,0,0,0
2900257476,120035,439,381,58
2900257476,180055,1755,1588,167
2900257476,240086,2087,3555,-1468
2900257476,300105,1795,1824,-29
2900257476,360132,2488,2916,-428
2900257476,420151,3479,1768,1711
2900257476,480166,2416,3804,-1388
2900257476,540180,5249,2467,2782
2900257476,600195,2402,4209,-1807
2900257476,660196,5363,1025,4338
2900257476,720220,1095,3014,-1919
2900257476,780221,3777,3230,547
2900257476,840226,3356,2119,1237
2900257476,900247,5398,2947,2451
2900257476,960276,5845,4048,1797
2900257476,1020290,7818,2915,4903
2900257476,1080305,3511,3176,335
2900257476,1140320,5973,2365,3608
2900257476,1200347,5663,3898,1765
2900257476,1260349,4250,3149,1101
2900257476,1320381,2649,5637,-2988
2900257476,1380413,7286,3436,3850
2900257476,1440438,9807,3181,6626
2900257476,1500461,8936,3125,5811
2900257476,1560482,4576,5223,-647
2900257476,1620482,7635,1733,5902
2900284849,0,2500,2500,0
2900284849,60012,70,0,70
2900284849,120028,889,361,528
2900284849,180046,2487,1367,1120
2900284849,240065,1479,3407,-1928
2900284849,300072,3875,1702,2173
2900284849,360080,3619,2798,821
2900284849,420103,3475,3021,454
2900284849,480121,2703,4017,-1314
2900284849,540165,3764,1377,2387
2900284849,600169,2923,3048,-125
2900284849,660198,3008,1746,1262
2900284849,720210,5122,2770,2352
2900284849,780235,8343,994,7349
2900284849,840260,8245,2985,5260
2900284849,900267,1426,1827,-401
2900284849,960297,3440,2763,677
2900284849,1020304,4063,3551,512
2900284849,1080332,4102,2867,1235
2900284849,1140342,2602,5285,-2683
2900284849,1200350,4465,2139,2326
2900284849,1260374,2930,1558,1372
2900284849,1320376,5383,3039,2344
2900284849,1380398,1445,4236,-2791
2900284849,1440403,2913,2664,249
2900284849,1500421,2340,3313,-973
2900284849,1560444,3461,2517,944
2900284849,1620444,4077,4787,-710
2900325466,0,2500,2500,0
2900325466,60006,5,0,5
2900325466,120007,407,447,-40
2900325466,180015,2577,1565,1012
2900325466,240027,1519,2492,-973
2900325466,300054,2894,2989,-95
2900325466,360070,4206,4024,182
2900325466,420079,4698,2551,2147
2900325466,480111,3424,2815,609
2900325466,540115,3992,4380,-388
2900325466,600132,5374,2473,2901
2900325466,660176,1361,2337,-976
2900325466,720186,2344,1935,409
2900325466,780207,5133,2217,2916
2900325466,840207,2999,4650,-1651
2900325466,900236,4050,3709,341
2900325466,960257,4601,5191,-590
2900325466,1020289,4668,3106,1562
2900325466,1080290,2228,1873,355
2900325466,1140291,2884,4243,-1359
2900325466,1200305,5022,3083,1939
2900325466,1260318,3014,2391,623
2900325466,1320351,3382,3200,182
2900325466,1380370,4055,4305,-250
2900325466,1440398,2496,3179,-683
2900325466,1500422,4108,857,3251
2900325466,1560444,9072,1710,7362
2900325466,1620444,10019,620,9399
2900332682,0,2500,2500,0
2900332682,60024,0,500,-500
2900332682,120057,554,798,-244
2900332682,180065,1828,1546,282
2900332682,240094,2340,1762,578
2900332682,300097,2180,2938,-758
2900332682,360109,2556,3367,-811
2900332682,420120,3005,1438,1567
2900332682,480145,1532,3014,-1482
2900332682,540177,1353,4566,-3213
2900332682,600198,3262,1687,1575
2900332682,660223,3870,2029,1841
2900332682,720237,4258,2476,1782
2900332682,780245,4635,2492,2143
2900332682,840263,2887,4028,-1141
2900332682,900266,3264,1993,1271
2900332682,960276,4160,3525,635
2900332682,1020309,4862,3096,1766
2900332682,1080321,5270,4457,813
2900332682,1140329,4890,2932,1958
2900332682,1200331,2489,3042,-553
2900332682,1260362,5452,3861,1591
2900332682,1320366,6878,3637,3241
2900332682,1380372,7051,4507,2544
2900332682,1440382,4930,4241,689
2900332682,1500394,2197,3892,-1695
2900332682,1560401,4606,1283,3323
2900332682,1620401,5278,1159,4119
2900353187,0,2500,2500,0
2900353187,60005,0,0,0
2900353187,120035,368,372,-4
2900353187,180050,1727,2261,-534
2900353187,240062,3175,3037,138
2900353187,300096,2509,1879,630
2900353187,360113,3651,3527,124
2900353187,420143,1289,3884,-2595
2900353187,480151,2088,3017,-929
2900353187,540162,3718,2385,1333
2900353187,600176,4927,1097,3830
2900353187,660190,2515,2039,476
2900353187,720215,3553,2971,582
2900353187,780238,3258,2710,548
2900353187,840247,4858,2259,2599
2900353187,900278,4320,4473,-153
2900353187,960301,4058,2497,1561
2900353187,1020331,2623,3634,-1011
2900353187,1080354,4064,3174,890
2900353187,1140379,4457,5124,-667
2900353187,1200385,2735,5784,-3049
2900353187,1260409,5269,7332,-2063
2900353187,1320410,1796,3906,-2110
2900353187,1380414,6060,3077,2983
2900353187,1440426,7495,6467,1028
2900353187,1500444,1745,4667,-2922
2900353187,1560468,4083,5907,-1824
2900353187,1620468,3139,1156,1983
2900362101,0,2500,2500,0
2900362101,60008,0,0,0
2900362101,120016,373,393,-20
2900362101,180037,1947,1825,122
2900362101,240042,1731,1900,-169
2900362101,300061,2854,2665,189
2900362101,360062,2982,2983,-1
2900362101,420086,3405,2149,1256
2900362101,480107,2502,3839,-1337
2900362101,540119,1871,3933,-2062
2900362101,600133,3426,5671,-2245
2900362101,660135,5094,6106,-1012
2900362101,720148,1656,1238,418
2900362101,780156,1770,2944,-1174
2900362101,840168,3990,3898,92
2900362101,900179,5715,5506,209
2900362101,960201,5279,2160,3119
2900362101,1020227,2296,3955,-1659
2900362101,1080246,4199,3484,715
2900362101,1140265,1896,2478,-582
2900362101,1200280,4736,2780,1956
2900362101,1260290,4356,2768,1588
2900362101,1320306,7916,4997,2919
2900362101,1380307,4226,3832,394
2900362101,1440324,3164,3283,-119
2900362101,1500337,3623,4165,-542
2900362101,1560339,3664,4704,-1040
2900362101,1620352,6006,5778,228
2900363163,0,7000,7000,0
2900363163,60008,100,1400,-1300
2900363163,120016,3056,1813,1243
2900363163,180038,3260,1714,1546
2900363163,240038,4683,4467,216
2900363163,300058,2914,4214,-1300
2900363163,360071,2585,2399,186
2900363163,420077,3831,4734,-903
2900363163,480077,5282,1324,3958
2900363163,540107,1562,3548,-1986
2900363163,600114,2675,2380,295
2900363163,660154,3498,3990,-492
2900363163,720163,2333,2828,-495
2900363163,780195,1476,4031,-2555
2900363163,840204,4320,4069,251
2900363163,900222,5476,3447,2029
2900363163,960240,6416,4351,2065
2900363163,1020261,1600,3504,-1904
2900363163,1080271,2974,3380,-406
2900363163,1140293,3266,7546,-4280
2900363163,1200318,5512,7730,-2218
2900363163,1260340,5643,4256,1387
2900363163,1320371,5775,4918,857
2900363163,1380378,5273,2950,2323
2900363163,1440387,4829,5049,-220
2900363163,1500408,8339,5811,2528
2900363163,1560438,10567,5710,4857
2900363163,1620438,9009,5707,3302
2900368931,0,2500,2500,0
2900368931,60008,0,0,0
2900368931,120038,439,450,-11
2900368931,180075,2634,1301,1333
2900368931,240107,1448,2839,-1391
2900368931,300111,1800,2642,-842
2900368931,360125,3216,1220,1996
2900368931,420146,2433,2870,-437
2900368931,480169,3988,1508,2480
2900368931,540182,1543,2776,-1233
2900368931,600192,3103,3437,-334
2900368931,660197,4511,4887,-376
2900368931,720226,5058,2059,2999
2900368931,780248,1844,3101,-1257
2900368931,840271,3822,3838,-16
2900368931,900290,5525,2579,2946
2900368931,960293,1899,3428,-1529
2900368931,1020314,4639,3550,1089
2900368931,1080334,7018,4430,2588
2900368931,1140349,3335,2557,778
2900368931,1200349,5197,4414,783
2900368931,1260380,6967,5363,1604
2900368931,1320399,2788,1525,1263
2900368931,1380403,3943,2862,1081
2900368931,1440435,6898,3513,3385
2900368931,1500441,2126,4486,-2360
2900368931,1560460,5222,5727,-505
2900368931,1620460,5395,1366,4029
2900371265,0,2500,2500,0
2900371265,60012,10,0,10
2900371265,120043,468,409,59
2900371265,180072,1750,1673,77
2900371265,240074,3812,3074,738
2900371265,300104,4343,4890,-547
2900371265,360105,1588,3081,-1493
2900371265,420135,2397,1654,743
2900371265,480164,2915,2624,291
2900371265,540179,2487,1233,1254
2900371265,600193,4443,3541,902
2900371265,660225,3764,2281,1483
2900371265,720242,4744,3029,1715
2900371265,780254,2094,3176,-1082
2900371265,840285,2991,3393,-402
2900371265,900293,3546,1687,1859
2900371265,960317,4040,3559,481
2900371265,1020341,3387,4100,-713
2900371265,1080352,3989,2960,1029
2900371265,1140369,6013,2697,3316
2900371265,1200394,1313,4279,-2966
2900371265,1260404,3180,2870,310
2900371265,1320433,4022,4198,-176
2900371265,1380461,6558,1849,4709
2900371265,1440467,7588,3578,4010
2900371265,1500492,6112,3865,2247
2900371265,1560517,9673,2045,7628
2900371265,1620517,8232,2534,5698
2900376238,0,2500,2500,0
2900376238,60017,0,0,0
2900376238,120021,355,349,6
2900376238,180051,2751,1027,1724
2900376238,240082,697,1730,-1033
2900376238,300082,2304,2526,-222
2900376238,360092,3895,2358,1537
2900376238,420095,4572,1877,2695
2900376238,480100,1698,4381,-2683
2900376238,540110,3893,2780,1113
2900376238,600121,2302,2078,224
2900376238,660131,2928,3384,-456
2900376238,720154,5367,4007,1360
2900376238,780167,5092,3218,1874
2900376238,840185,2865,3318,-453
2900376238,900188,2146,3991,-1845
2900376238,960216,2830,4008,-1178
2900376238,1020227,2745,3285,-540
2900376238,1080259,4997,4296,701
2900376238,1140284,4593,3217,1376
2900376238,1200315,3066,3324,-258
2900376238,1260329,3999,2523,1476
2900376238,1320359,2897,2584,313
2900376238,1380384,4865,5083,-218
2900376238,1440387,1307,3855,-2548
2900376238,1500413,4706,2741,1965
2900376238,1560429,6156,2483,3673
2900376238,1620429,5815,2325,3490
2900389803,0,2500,2500,0
2900389803,60026,0,0,0
2900389803,120035,1045,339,706
2900389803,180072,2371,1484,887
2900389803,240102,3240,1772,1468
2900389803,300117,5083,2089,2994
2900389803,360122,4260,1604,2656
2900389803,420125,2968,2427,541
2900389803,480149,5278,3087,2191
2900389803,540181,3973,1675,2298
2900389803,600189,2540,2246,294
2900389803,660197,3692,3956,-264
2900389803,720222,2721,2566,155
2900389803,780232,4307,2787,1520
2900389803,840235,5166,2149,3017
2900389803,900247,5283,2707,2576
2900389803,960253,6036,2882,3154
2900389803,1020278,3001,3280,-279
2900389803,1080289,4703,4250,453
2900389803,1140321,5186,3044,2142
2900389803,1200351,1626,3393,-1767
2900389803,1260375,4342,3801,541
2900389803,1320402,3340,2874,466
2900389803,1380427,2563,5290,-2727
2900389803,1440439,3768,3672,96
2900389803,1500463,7445,3882,3563
2900389803,1560493,1319,5329,-4010
2900389803,1620494,4534,5574,-1040
2900393000,0,2500,2500,0
2900393000,60006,0,0,0
2900393000,120009,390,388,2
2900393000,180022,2192,1334,858
2900393000,240048,2104,2216,-112
2900393000,300054,3026,2188,838
2900393000,360056,4263,3622,641
2900393000,420069,4286,1651,2635
2900393000,480099,1582,2172,-590
2900393000,540130,2772,2833,-61
2900393000,600153,4223,3921,302
2900393000,660163,2118,1270,848
2900393000,720184,4576,2507,2069
2900393000,780195,3054,3115,-61
2900393000,840218,3311,2332,979
2900393000,900241,3117,4549,-1432
2900393000,960268,4066,2492,1574
2900393000,1020285,4461,2126,2335
2900393000,1080294,5937,1837,4100
2900393000,1140307,5044,1612,3432
2900393000,1200340,2785,4619,-1834
2900393000,1260352,1994,1683,311
2900393000,1320363,4299,2839,1460
2900393000,1380367,7415,1504,5911
2900393000,1440395,4081,1965,2116
2900393000,1500401,3131,3196,-65
2900393000,1560412,5661,1177,4484
2900393000,1620412,9113,1493,7620
2900723992,0,2500,2500,0
2900723992,60030,190,20,170
2900723992,120031,579,375,204
2900723992,180050,2294,1587,707
2900723992,240064,3792,1920,1872
2900723992,300077,4256,3270,986
2900723992,360080,1637,1457,180
2900723992,420098,1995,2249,-254
2900723992,480109,3756,2930,826
2900723992,540120,3002,2044,958
2900723992,600122,4318,2638,1680
2900723992,660142,2830,1248,1582
2900723992,720148,2657,2199,458
2900723992,780158,4041,1996,2045
2900723992,840164,6411,2241,4170
2900723992,900187,991,2942,-1951
2900723992,960210,1914,3214,-1300
2900723992,1020242,3219,2074,1145
2900723992,1080262,2096,1782,314
2900723992,1140291,2837,2660,177
2900723992,1200300,4505,2568,1937
2900723992,1260320,7913,3813,4100
2900723992,1320344,5369,5291,78
2900723992,1380348,3531,4608,-1077
2900723992,1440360,8025,1744,6281
2900723992,1500390,2012,4156,-2144
2900723992,1560401,4695,2217,2478
2900723992,1620401,6020,1450,4570
2900756170,0,2500,2500,0
2900756170,60003,0,500,-500
2900756170,120003,1262,314,948
2900756170,180032,2652,2014,638
2900756170,240048,2232,3655,-1423
2900756170,300079,1682,527,1155
2900756170,360080,2607,2091,516
2900756170,420110,2583,2771,-188
2900756170,480126,1282,2880,-1598
2900756170,540130,1651,3394,-1743
2900756170,600152,2869,1677,1192
2900756170,660167,1254,5276,-4022
2900756170,720176,3254,2763,491
2900756170,780206,4567,4377,190
2900756170,840225,7690,3724,3966
2900756170,900236,3433,1813,1620
2900756170,960244,3444,6006,-2562
2900756170,1020258,2007,3232,-1225
2900756170,1080279,4972,2152,2820
2900756170,1140323,5924,3378,2546
2900756170,1200326,6002,2176,3826
2900756170,1260339,2000,5018,-3018
2900756170,1320350,3505,3910,-405
2900756170,1380366,6745,2157,4588
2900756170,1440370,5471,2156,3315
2900756170,1500407,6991,3233,3758
2900756170,1560426,3743,4788,-1045
2900756170,1620426,9509,4433,5076
2901194196,0,2500,2500,0
2901194196,60018,0,50,-50
2901194196,120043,367,394,-27
2901194196,180070,1711,1619,92
2901194196,240076,2422,1374,1048
2901194196,300090,3758,1835,1923
2901194196,360103,5333,821,4512
2901194196,420122,6687,2091,4596
2901194196,480133,5323,2094,3229
2901194196,540161,4093,2314,1779
2901194196,600172,5435,1181,4254
2901194196,660199,4871,2742,2129
2901194196,720200,6716,2837,3879
2901194196,780215,2483,1870,613
2901194196,840237,2586,1878,708
2901194196,900244,5748,1995,3753
2901194196,960247,2886,1680,1206
2901194196,1020254,3512,4156,-644
2901194196,1080284,3253,1169,2084
2901194196,1140299,3273,3137,136
2901194196,1200326,2446,3780,-1334
2901194196,1260329,4182,2153,2029
2901194196,1320356,2307,2548,-241
2901194196,1380387,6272,2139,4133
2901194196,1440414,5959,4359,1600
2901194196,1500435,2059,4324,-2265
2901194196,1560454,4890,2274,2616
2901194196,1620462,7553,3147,4406
2901474050,0,2500,2500,0
2901474050,60029,0,0,0
2901474050,120056,354,438,-84
2901474050,180070,1448,2002,-554
2901474050,240079,2835,3414,-579
2901474050,300096,2054,2454,-400
2901474050,360112,2963,1191,1772
2901474050,420137,2011,2087,-76
2901474050,480146,1903,1877,26
2901474050,540172,2404,3101,-697
2901474050,600182,1451,2086,-635
2901474050,660214,3153,3610,-457
2901474050,720225,2645,1985,660
2901474050,780247,2427,2784,-357
2901474050,840249,4410,2907,1503
2901474050,900278,3693,5303,-1610
2901474050,960290,4546,1981,2565
2901474050,1020322,3202,2515,687
2901474050,1080326,3832,2480,1352
2901474050,1140350,5650,1111,4539
2901474050,1200379,3777,2437,1340
2901474050,1260388,3976,4335,-359
2901474050,1320421,6866,3348,3518
2901474050,1380428,4630,5690,-1060
2901474050,1440469,9177,2485,6692
2901474050,1500473,6318,2682,3636
2901474050,1560512,1907,2360,-453
2901474050,1620512,4049,578,3471
2901486204,0,2500,2500,0
2901486204,60021,0,500,-500
2901486204,120032,405,451,-46
2901486204,180064,1808,2161,-353
2901486204,240066,2869,2058,811
2901486204,300102,2916,3215,-299
2901486204,360108,1825,1976,-151
2901486204,420120,1968,2594,-626
2901486204,480130,3127,2360,767
2901486204,540168,3458,3877,-419
2901486204,600200,4194,3309,885
2901486204,660219,3232,3963,-731
2901486204,720240,5587,3111,2476
2901486204,780251,4656,2944,1712
2901486204,840272,4596,2734,1862
2901486204,900276,3069,2871,198
2901486204,960289,2325,4514,-2189
2901486204,1020319,3773,2066,1707
2901486204,1080349,8804,1527,7277
2901486204,1140352,3654,2100,1554
2901486204,1200376,4484,4075,409
2901486204,1260402,4204,3455,749
2901486204,1320432,6776,2137,4639
2901486204,1380453,6262,3457,2805
2901486204,1440461,9855,3602,6253
2901486204,1500482,1397,3973,-2576
2901486204,1560504,4482,1510,2972
2901486204,1620504,4422,1258,3164
